/*--------------------------------*- C++ -*----------------------------------*\
| =========                 |                                                 |
| \\      /  F ield         | OpenFOAM: The Open Source CFD Toolbox           |
|  \\    /   O peration     | Version:  2.2.0                                 |
|   \\  /    A nd           | Web:      www.OpenFOAM.org                      |
|    \\/     M anipulation  |                                                 |
\*---------------------------------------------------------------------------*/
FoamFile
{
    version     2.0;
    format      ascii;
    class       volScalarField;
    location    "1000";
    object      alphat;
}
// * * * * * * * * * * * * * * * * * * * * * * * * * * * * * * * * * * * * * //

dimensions      [1 -1 -1 0 0 0 0];

internalField   nonuniform List<scalar> 
7600
(
0.000245911
0.000312146
0.000366598
0.000410546
0.00044546
0.000472393
0.000492104
0.000505278
0.000512654
0.000515141
0.000513965
0.000510931
0.000510263
0.000515139
0.000528698
0.000553543
0.000588697
0.000627637
0.000660942
0.000686591
0.000723138
0.000792474
0.000870173
0.000923254
0.000947275
0.000944506
0.000920224
0.000881161
0.00083347
0.000786381
0.000740363
0.000695048
0.000650349
0.000606148
0.000562316
0.000518822
0.000475884
0.000433646
0.000388411
0.000324531
0.000327755
0.0012062
0.00210126
0.00287004
0.00348145
0.00393496
0.00424545
0.00443469
0.0045283
0.00455581
0.00455231
0.00456066
0.00462182
0.00477506
0.00505713
0.00545032
0.00588153
0.00625452
0.00651756
0.00680443
0.00744345
0.00827397
0.00881264
0.00907984
0.00902496
0.00866916
0.00808333
0.00737107
0.00662912
0.0058494
0.00512834
0.00449143
0.00393759
0.00345797
0.00304407
0.00269101
0.00239526
0.00212738
0.00170873
0.000408469
0.000389332
0.00169238
0.0031415
0.004524
0.00577891
0.00686236
0.00774712
0.00842527
0.00891033
0.00923898
0.00947305
0.00970011
0.0100224
0.0104928
0.0111329
0.0118733
0.0125695
0.013066
0.0133308
0.0137236
0.0148151
0.0161952
0.017121
0.017561
0.0174269
0.0167512
0.0156496
0.0142978
0.0128698
0.0114211
0.0100694
0.00884926
0.00776339
0.00680372
0.0059616
0.00522914
0.00458322
0.00391771
0.00285324
0.000478032
0.000441512
0.0021397
0.00405469
0.00589416
0.00760602
0.00915305
0.0105038
0.0116381
0.0125559
0.0132861
0.0138926
0.0144763
0.0151559
0.015958
0.0168691
0.0178003
0.0186033
0.0191148
0.0193375
0.0197864
0.0210371
0.0225266
0.0234966
0.0238798
0.0235926
0.0226828
0.0212825
0.019583
0.0177779
0.0159544
0.014231
0.0126413
0.0111909
0.00987718
0.00869602
0.00763517
0.00663915
0.00551226
0.00373235
0.000535126
0.000489001
0.00258879
0.00497639
0.00725638
0.0093767
0.0113112
0.0130389
0.0145467
0.0158387
0.0169453
0.0179303
0.0188883
0.0199019
0.0209539
0.0220114
0.0230099
0.023831
0.0243119
0.0244861
0.0249442
0.0261086
0.0273711
0.0281013
0.0282444
0.027733
0.0266324
0.0250765
0.0232418
0.0213063
0.0193515
0.0174807
0.0157201
0.0140736
0.0125424
0.0111259
0.00980195
0.00847335
0.00686035
0.00438352
0.000582235
0.000533992
0.00304869
0.00593397
0.00867496
0.011212
0.0135246
0.0156006
0.0174382
0.0190526
0.0204828
0.021793
0.0230639
0.0243024
0.0254758
0.0265665
0.0275566
0.0283439
0.0287486
0.0288706
0.0292445
0.0301234
0.0309278
0.0312015
0.0309719
0.0301947
0.0289302
0.0273088
0.0254757
0.0235783
0.0216751
0.0198336
0.0180683
0.0163745
0.0147518
0.0131975
0.0116724
0.0100323
0.0079354
0.00484216
0.000621424
0.000577917
0.00353046
0.00694558
0.0101777
0.0131562
0.0158621
0.0182882
0.0204406
0.0223435
0.0240424
0.0255959
0.0270578
0.0283786
0.0295447
0.0305904
0.0315293
0.032229
0.0325222
0.0325425
0.0327005
0.0331327
0.0333135
0.0329817
0.0322736
0.0312361
0.0298555
0.0282443
0.0265061
0.0247545
0.0230352
0.0213523
0.0197127
0.0180961
0.0164922
0.014887
0.0132151
0.0112858
0.00873289
0.00514382
0.0006543
0.000621784
0.00404682
0.00803194
0.0117897
0.0152379
0.0183565
0.0211402
0.0235979
0.0257569
0.02766
0.0293513
0.0308555
0.0321118
0.0331751
0.0341309
0.0349732
0.0355362
0.035671
0.035474
0.0352751
0.0351188
0.0345537
0.0335363
0.0323273
0.0310316
0.0296502
0.0281448
0.0265805
0.0250332
0.0235766
0.0221354
0.0207138
0.0192724
0.0177795
0.0161968
0.0144225
0.0122278
0.00926956
0.00532426
0.000682336
0.000666361
0.0046113
0.00921631
0.0135388
0.0174842
0.0210304
0.0241705
0.0269114
0.0292758
0.0312952
0.0329956
0.0343844
0.0354602
0.0363654
0.0371865
0.0378971
0.0382688
0.0381263
0.0375769
0.0368795
0.0360058
0.0346262
0.03294
0.0313173
0.0298633
0.0285488
0.0272934
0.0260068
0.0246935
0.0234775
0.0223258
0.0211676
0.0199659
0.018656
0.0171554
0.015314
0.012879
0.00958377
0.00541994
0.000707045
0.000712286
0.00523716
0.0105224
0.0154535
0.0199218
0.023901
0.0273795
0.0303574
0.0328465
0.0348648
0.0364292
0.0375563
0.0383712
0.0390729
0.0397597
0.0402651
0.0403113
0.0397563
0.0387176
0.0373887
0.0357044
0.0335417
0.0313448
0.0295221
0.0280964
0.0269621
0.0259984
0.0250814
0.0240964
0.0230593
0.0221582
0.0212164
0.0202589
0.019176
0.0178075
0.015932
0.0132886
0.00973466
0.0054685
0.000730071
0.00076017
0.00593426
0.0119697
0.017557
0.0225704
0.0269762
0.0307543
0.0338937
0.0363934
0.0382655
0.0395319
0.0402849
0.0408163
0.0413221
0.0417734
0.041922
0.0414942
0.0403955
0.0387455
0.0366894
0.0341968
0.0314479
0.0290605
0.0273341
0.0261354
0.0252799
0.0246258
0.0240554
0.0234415
0.0226646
0.0218191
0.0210353
0.020241
0.0193798
0.0181877
0.0163289
0.0135308
0.00979855
0.00550862
0.000753222
0.000810924
0.00669964
0.0135631
0.0198567
0.0254313
0.0302417
0.0342568
0.0374516
0.0398138
0.0413661
0.0422051
0.0425819
0.0428027
0.0429985
0.0430475
0.0426714
0.041634
0.039887
0.0375516
0.0347716
0.0316532
0.0287085
0.0265363
0.0251588
0.0242935
0.0237308
0.0233491
0.0230633
0.0227731
0.022341
0.0216395
0.02089
0.0200995
0.0193221
0.0183086
0.0165506
0.0136946
0.00986325
0.00557987
0.000778536
0.000867159
0.00748652
0.015242
0.0222845
0.0284181
0.0335865
0.0377521
0.0408857
0.0429853
0.0441183
0.0444771
0.0444068
0.0441948
0.0439078
0.0433758
0.0423322
0.0405937
0.0381582
0.0351725
0.031854
0.0285135
0.0258557
0.0242058
0.0232699
0.0227188
0.0223793
0.0221727
0.0220582
0.0219847
0.0218522
0.0214993
0.0207981
0.0200682
0.0191769
0.0182134
0.0166317
0.013868
0.010021
0.00572441
0.000808248
0.000923865
0.00833141
0.0170381
0.0248409
0.0315005
0.0369558
0.0411706
0.0441239
0.0458404
0.0464432
0.0462382
0.0456008
0.0447982
0.0438597
0.0426088
0.0408199
0.0383749
0.0353333
0.0319108
0.0284482
0.0254015
0.0233833
0.0223345
0.0217898
0.0214736
0.0212639
0.0211167
0.0210267
0.020994
0.0209892
0.0209185
0.0206193
0.019955
0.0192146
0.0181168
0.0166541
0.0141243
0.0103607
0.00599047
0.000845188
0.000978854
0.00921777
0.0188828
0.0274062
0.0345171
0.0401599
0.0443081
0.0469577
0.0481705
0.0481707
0.047315
0.0459958
0.0444732
0.0427742
0.0407529
0.0382492
0.0352265
0.0318266
0.0283521
0.0252195
0.0228513
0.0215593
0.0210205
0.0207791
0.0206394
0.0205058
0.0203437
0.0201601
0.0199842
0.0198512
0.0197664
0.0196717
0.0194276
0.0188638
0.0180734
0.0166867
0.0144934
0.0109363
0.00643682
0.00089189
0.00102847
0.0100777
0.0206108
0.0297341
0.0371619
0.0428559
0.04681
0.0490637
0.0497556
0.0491414
0.0476011
0.0455436
0.0432488
0.0407812
0.0380583
0.0350042
0.0316707
0.0282734
0.0251513
0.0226751
0.0210912
0.0204178
0.0202598
0.0202622
0.0203002
0.0202678
0.0201122
0.0198277
0.0194269
0.0189733
0.0185398
0.0181821
0.0179075
0.0176302
0.0171526
0.0162651
0.0145337
0.0114617
0.00699447
0.000958614
0.00106911
0.0108048
0.0219401
0.0314012
0.0389412
0.0445628
0.0483068
0.0502392
0.0504986
0.0493453
0.0471687
0.0444044
0.0413858
0.0382522
0.0350075
0.0316603
0.0283279
0.0252479
0.0227116
0.0209539
0.0200346
0.0198053
0.0199156
0.0201701
0.0204513
0.0206256
0.0205958
0.0203617
0.0198616
0.0191215
0.0182229
0.0172606
0.0163428
0.0155482
0.0148785
0.0141954
0.0131512
0.0111611
0.00721503
0.00104735
0.00107571
0.0110579
0.022391
0.0319581
0.039522
0.0451028
0.0487404
0.0504937
0.0504845
0.0489521
0.0462787
0.0429313
0.0393219
0.0356933
0.0321423
0.0287408
0.0256258
0.0229962
0.0210404
0.0198457
0.0193456
0.0193446
0.0195763
0.0200118
0.0205751
0.0211326
0.0215475
0.0216973
0.02147
0.0208
0.0197399
0.0183337
0.0166905
0.0149445
0.0132288
0.011638
0.0101583
0.00854037
0.00604479
0.00111485
0.0010639
0.0106621
0.0217991
0.0312822
0.0388169
0.0444009
0.0480599
0.0498304
0.0497968
0.0481494
0.0452309
0.041518
0.0375029
0.033548
0.0298475
0.0265141
0.0236654
0.0214276
0.0198794
0.0189963
0.018655
0.0186863
0.0189184
0.0194609
0.0202841
0.021263
0.0222469
0.0230665
0.02355
0.02355
0.0229725
0.0217926
0.0200615
0.0178709
0.0153406
0.0126211
0.00986084
0.0071682
0.00452184
0.0010526
0.00102886
0.00994095
0.0204749
0.0295957
0.036961
0.0425318
0.0463065
0.0482879
0.0485071
0.0470768
0.0442538
0.0404678
0.0362534
0.0320925
0.0282961
0.0250196
0.0223516
0.0203431
0.0189872
0.018206
0.0179107
0.0179889
0.0181674
0.0186248
0.0194365
0.0205723
0.0219626
0.0234656
0.0248575
0.0258707
0.026264
0.0258833
0.0246793
0.0226852
0.0199846
0.016689
0.0129335
0.00889496
0.00483344
0.00132976
0.000980075
0.00908469
0.0187948
0.0273792
0.0344757
0.0400093
0.0439478
0.0462614
0.0469306
0.0459871
0.0435767
0.040022
0.0358235
0.0315429
0.0276296
0.0243093
0.0216755
0.0197287
0.0184095
0.0176484
0.0175667
0.0184115
0.0190469
0.019391
0.0197903
0.0203733
0.0213515
0.0228647
0.0248002
0.0267807
0.0283198
0.0290121
0.0286406
0.0271552
0.0246096
0.021102
0.0167433
0.0116698
0.00619815
0.00156344
0.000928374
0.00829151
0.0171793
0.0251991
0.0319975
0.0374744
0.0415728
0.0442378
0.0454142
0.0450712
0.0432542
0.0401554
0.0361667
0.0318437
0.0278502
0.0243539
0.0216177
0.0196157
0.0182567
0.0174716
0.0175278
0.0191462
0.0206112
0.0216996
0.0226352
0.0230628
0.0230074
0.0231925
0.0243819
0.0265571
0.0289769
0.0307689
0.0313691
0.0305551
0.0283276
0.0247842
0.0200407
0.0141922
0.0074912
0.00175786
0.000876799
0.00760438
0.0157382
0.0232181
0.0297194
0.0351269
0.0393642
0.0423575
0.0440281
0.0443043
0.0431572
0.0406589
0.0370518
0.032851
0.0287281
0.0250676
0.0221512
0.0200121
0.0185578
0.0177115
0.0176555
0.0185814
0.0200341
0.0217591
0.0236541
0.025229
0.025834
0.025333
0.0249024
0.0261085
0.0287123
0.0313664
0.0329337
0.032882
0.0311057
0.0276844
0.0227492
0.01638
0.0087236
0.00192514
0.000831129
0.00694784
0.0144121
0.0214103
0.0276351
0.0329631
0.0373045
0.0405722
0.0426731
0.0435125
0.0430184
0.0411888
0.0381668
0.0343332
0.0302599
0.0264827
0.0233589
0.0210089
0.0193822
0.0184045
0.0181477
0.0186008
0.0197595
0.0215515
0.0236973
0.0256617
0.026715
0.0264284
0.0254735
0.025643
0.0279076
0.0311508
0.0336323
0.034403
0.0331823
0.0300044
0.025009
0.0182766
0.00986926
0.00208029
0.000788648
0.00639336
0.0132645
0.0198191
0.0257733
0.0310011
0.0354054
0.0388915
0.0413593
0.0427042
0.0428319
0.0416939
0.0393507
0.0360535
0.0322519
0.0284935
0.0252123
0.0226316
0.0207807
0.019622
0.0192069
0.0195078
0.0205096
0.0222119
0.0243166
0.0262647
0.0273143
0.0269499
0.02559
0.0249895
0.026768
0.0303135
0.0336627
0.0353298
0.0347657
0.0319432
0.0269949
0.0200024
0.0109664
0.00223176
0.000748921
0.00593946
0.0122935
0.018441
0.0241308
0.0292416
0.0336738
0.0373296
0.0401066
0.0418974
0.0425987
0.0421351
0.0405079
0.0378615
0.0345207
0.0309632
0.0276484
0.0248866
0.0228073
0.0214466
0.0208983
0.0211265
0.0220347
0.023599
0.0254982
0.0271663
0.0278863
0.0271812
0.0254365
0.024321
0.0256878
0.0293309
0.0332873
0.0358034
0.0360013
0.0336518
0.0288499
0.021672
0.0120664
0.00238512
0.000712058
0.00557559
0.0114854
0.0172635
0.0226982
0.0276789
0.0321094
0.0358927
0.0389278
0.0411095
0.0423326
0.0425081
0.0415974
0.0396645
0.036922
0.0337435
0.0305581
0.0277238
0.0254627
0.0239045
0.0232115
0.0233388
0.024128
0.0254363
0.0269358
0.0280701
0.0281892
0.0269411
0.0248246
0.0234674
0.0246636
0.0283941
0.032817
0.0360437
0.0369881
0.03523
0.0306769
0.023378
0.0132405
0.00254419
0.000678315
0.00529078
0.0108256
0.0162739
0.0214676
0.0263118
0.0307177
0.0345937
0.0378437
0.0403671
0.0420614
0.0428318
0.0426135
0.0414116
0.0393457
0.0366812
0.0337791
0.0310003
0.0286299
0.0268821
0.0259893
0.025908
0.0264511
0.0273109
0.0281795
0.0285389
0.0278612
0.0260042
0.0236651
0.0224172
0.0237522
0.0276164
0.0323951
0.0362408
0.0378945
0.0367286
0.0325217
0.0251809
0.0144964
0.00271097
0.000648026
0.00507648
0.0103025
0.0154645
0.0204375
0.0251462
0.0295131
0.0334548
0.0368823
0.0397014
0.0418138
0.0431219
0.0435438
0.0430416
0.0416611
0.0395697
0.0370447
0.0344124
0.0319803
0.0300149
0.0288045
0.0283251
0.0283523
0.0285814
0.0286242
0.028062
0.0265672
0.0242907
0.0221256
0.0214329
0.0231885
0.0272029
0.0321954
0.0365351
0.0388598
0.0383036
0.0344384
0.027048
0.0158677
0.00288907
0.000621598
0.00492769
0.00991076
0.0148333
0.0196126
0.0241937
0.0285128
0.0324957
0.0360604
0.0391182
0.0415736
0.0433271
0.0442845
0.0443774
0.0435965
0.0420289
0.0398682
0.0373832
0.0348645
0.0325871
0.0308787
0.0297653
0.0290242
0.0284398
0.0276257
0.0262473
0.0242648
0.0221421
0.0207846
0.0210663
0.0233723
0.0274477
0.032446
0.0370914
0.0399997
0.0400504
0.0365491
0.0290912
0.0172814
0.00308155
0.000599511
0.00484361
0.00965073
0.0143838
0.0189985
0.02346
0.0277159
0.0316989
0.0353304
0.0385229
0.0411812
0.0432048
0.0444938
0.0449638
0.0445716
0.043347
0.0414117
0.0389677
0.0362588
0.0335273
0.031137
0.0292165
0.02761
0.0262026
0.0249004
0.0232988
0.0216625
0.0205713
0.0205825
0.0219594
0.0246967
0.0286333
0.0333783
0.0380809
0.0414253
0.0420417
0.0389126
0.031382
0.0188647
0.00328634
0.000582298
0.00482815
0.00952743
0.0141168
0.0185844
0.0229106
0.0270484
0.0309292
0.0344705
0.037583
0.0401741
0.04215
0.0434207
0.0439099
0.0435685
0.0423962
0.0404611
0.0379006
0.0348988
0.031654
0.0286059
0.0260635
0.0240056
0.0224438
0.0214102
0.0206901
0.0204199
0.0209313
0.0222989
0.0244406
0.0272865
0.0308522
0.035109
0.0396136
0.0432102
0.0443207
0.0415592
0.0339489
0.0206397
0.00350453
0.000570542
0.00488952
0.00953902
0.014003
0.0182923
0.0223932
0.0262525
0.0297904
0.0329186
0.0355551
0.0376289
0.0390762
0.039846
0.0399081
0.0392416
0.0378446
0.0357557
0.0330683
0.0299352
0.0265749
0.0235716
0.0213832
0.0200417
0.019535
0.0198075
0.0206493
0.0219675
0.0237423
0.0258534
0.0282124
0.0308393
0.0338828
0.0375289
0.0416573
0.0453422
0.0468765
0.044485
0.0368019
0.0226224
0.0037373
0.000566858
0.0049918
0.00961815
0.013906
0.017865
0.0214922
0.0247201
0.0274583
0.0296372
0.0312254
0.0322217
0.0326303
0.0324806
0.0318389
0.0307394
0.0292006
0.0272588
0.0250029
0.0226084
0.0203787
0.0188906
0.0184075
0.0188157
0.0199604
0.0216771
0.0237159
0.0258907
0.0281141
0.0303179
0.032498
0.0347423
0.0372518
0.0403074
0.0440103
0.0476931
0.0496188
0.0476356
0.0399245
0.0248219
0.0039863
0.000575852
0.00506163
0.00958118
0.0134322
0.0166819
0.0193562
0.0213811
0.0226921
0.0233306
0.0234171
0.0230961
0.0224695
0.0216671
0.0208442
0.0200376
0.0192429
0.0184655
0.0177632
0.0172849
0.0172996
0.0180553
0.019454
0.0213291
0.0235317
0.0259332
0.0283198
0.0305811
0.0326958
0.0346609
0.0365179
0.0383762
0.0404418
0.0430234
0.0463601
0.0500342
0.0523736
0.0508927
0.0432634
0.0272379
0.00425408
0.000591485
0.00500446
0.00905003
0.0118868
0.013742
0.0147797
0.0150905
0.0147435
0.01401
0.0132387
0.0126555
0.0123326
0.0123323
0.0126738
0.0132713
0.0140458
0.0149534
0.0160086
0.017305
0.0190206
0.0211281
0.0234053
0.0257849
0.0282088
0.0305882
0.0327729
0.0347695
0.0365816
0.0382303
0.0397713
0.0413154
0.0430578
0.0453058
0.0483804
0.0520866
0.0548969
0.0540653
0.046712
0.0298558
0.00454487
0.000609213
0.00459324
0.00728213
0.00823364
0.00818754
0.00767688
0.00708345
0.00662054
0.00643595
0.00674566
0.00753599
0.00875585
0.010307
0.0120057
0.0137678
0.0155373
0.0173002
0.0190926
0.0210073
0.0231868
0.0255316
0.027843
0.0301181
0.0323198
0.0343571
0.0362055
0.0378754
0.0393788
0.0407446
0.0420321
0.0433477
0.0448732
0.0469036
0.0498049
0.0535744
0.0568967
0.0568764
0.050076
0.0326284
0.00486753
0.000628684
0.00335997
0.00379873
0.00326457
0.00279136
0.00275619
0.00326175
0.00427172
0.00580816
0.00766316
0.00968189
0.0117903
0.0139007
0.0159274
0.0178491
0.0196757
0.0214391
0.0231964
0.0250369
0.0270765
0.0292118
0.031275
0.033263
0.0351204
0.0368179
0.0383604
0.0397523
0.0410074
0.0421576
0.0432628
0.0444245
0.0458103
0.0476963
0.0504649
0.0542675
0.0580506
0.0589171
0.0529655
0.0354258
0.00524963
0.000668252
0.00151008
0.00144279
0.00179705
0.00271602
0.00422712
0.00604774
0.00800778
0.0100667
0.0121244
0.014099
0.015965
0.0177325
0.019424
0.0210661
0.0226743
0.0242686
0.0258846
0.0275827
0.0294449
0.0313686
0.0332042
0.0349253
0.0365116
0.0379639
0.0392829
0.040474
0.0415538
0.0425569
0.0435429
0.0446077
0.0459037
0.0476802
0.0503054
0.0540309
0.0580895
0.0597075
0.0547155
0.0379658
0.00582542
0.00102659
0.0018172
0.00316009
0.00504094
0.00723335
0.00902911
0.0105236
0.0118254
0.0130324
0.0142409
0.0155221
0.0169108
0.0184024
0.0199698
0.0215661
0.0231818
0.0248186
0.0264885
0.0282237
0.0300766
0.031937
0.033657
0.0352285
0.0366641
0.0379693
0.0391492
0.0402142
0.0411854
0.0421003
0.043018
0.0440277
0.0452654
0.0469465
0.0493974
0.0529149
0.056995
0.0591793
0.0551476
0.0401392
0.00656176
0.00337181
0.00331335
0.00326158
0.00321527
0.00317358
0.00313585
0.00310159
0.00307037
0.00304185
0.00301573
0.00299176
0.0029697
0.00294938
0.0029306
0.00291324
0.00289714
0.0028822
0.00286831
0.00285537
0.0028433
0.00283203
0.00282148
0.00281159
0.00280231
0.00279359
0.00278537
0.00277761
0.00277025
0.00276322
0.00275593
0.0290879
0.0201253
0.0165523
0.0145491
0.0132397
0.0123043
0.0115965
0.0110391
0.0105867
0.0102113
0.00989405
0.00962207
0.00938608
0.00917922
0.00899635
0.00883346
0.00868741
0.0085557
0.00843629
0.00832749
0.00822791
0.00813634
0.00805174
0.00797316
0.00789964
0.0078301
0.00776305
0.00769574
0.0076239
0.00753583
0.0688026
0.0517091
0.0428264
0.0374215
0.0337875
0.0311738
0.0292009
0.0276574
0.0264156
0.0253943
0.0245389
0.0238117
0.0231855
0.0226403
0.0221612
0.0217365
0.0213574
0.0210166
0.0207085
0.0204282
0.0201721
0.0199368
0.0197194
0.0195177
0.0193293
0.0191518
0.0189832
0.0188206
0.0186613
0.0184997
0.0910722
0.0781364
0.0686651
0.0617868
0.0566629
0.0527323
0.0496357
0.0471399
0.0450891
0.0433761
0.0419252
0.0406813
0.0396036
0.0386613
0.0378305
0.0370927
0.0364333
0.0358402
0.0353041
0.0348168
0.034372
0.0339639
0.033588
0.03324
0.0329164
0.0326139
0.0323294
0.0320599
0.031803
0.0315556
0.0997299
0.0929013
0.0862589
0.0804629
0.07558
0.0714979
0.0680747
0.0651835
0.0627207
0.0606044
0.0587708
0.0571697
0.0557615
0.0545148
0.0534043
0.0524097
0.0515143
0.0507043
0.0499684
0.049297
0.0486822
0.0481169
0.0475953
0.0471123
0.0466634
0.0462446
0.0458523
0.0454834
0.045135
0.0448039
0.102739
0.0996736
0.0959605
0.0921447
0.0885147
0.0851892
0.0821978
0.0795284
0.0771526
0.0750372
0.0731499
0.0714613
0.0699452
0.0685795
0.0673447
0.0662244
0.0652047
0.0642733
0.0634201
0.062636
0.0619133
0.0612454
0.0606264
0.0600511
0.0595149
0.0590138
0.0585442
0.058103
0.0576871
0.057293
0.103741
0.102462
0.100641
0.0984957
0.096217
0.093936
0.0917323
0.0896482
0.0877026
0.0859002
0.0842376
0.0827073
0.0812998
0.0800051
0.0788132
0.0777146
0.0767005
0.075763
0.0748947
0.0740892
0.0733405
0.0726432
0.0719927
0.0713847
0.0708153
0.070281
0.0697787
0.0693056
0.068859
0.068435
0.104068
0.103534
0.102699
0.101607
0.100335
0.0989547
0.0975279
0.0960991
0.0946988
0.0933466
0.0920544
0.090828
0.0896697
0.0885791
0.0875545
0.086593
0.0856911
0.0848455
0.0840523
0.083308
0.0826091
0.0819523
0.0813345
0.0807528
0.0802045
0.0796872
0.0791984
0.0787361
0.0782979
0.0778804
0.104172
0.103927
0.103543
0.103012
0.102351
0.101585
0.100746
0.0998599
0.0989503
0.0980356
0.0971297
0.0962426
0.0953812
0.0945501
0.0937521
0.0929885
0.0922597
0.0915656
0.0909054
0.0902779
0.089682
0.0891161
0.0885788
0.0880685
0.0875839
0.0871235
0.0866858
0.0862694
0.0858727
0.0854928
0.104204
0.104065
0.10387
0.103605
0.103267
0.102861
0.102396
0.101883
0.101336
0.100765
0.100181
0.0995906
0.0990021
0.0984202
0.0978489
0.0972914
0.0967496
0.0962251
0.0957186
0.0952308
0.0947617
0.0943113
0.0938792
0.093465
0.0930683
0.0926884
0.0923246
0.0919764
0.0916425
0.0913208
0.104213
0.104111
0.10399
0.103841
0.103658
0.103438
0.103183
0.102895
0.10258
0.102241
0.101886
0.101517
0.101141
0.10076
0.100378
0.0999988
0.0996234
0.0992541
0.0988922
0.0985388
0.0981947
0.0978604
0.0975363
0.0972226
0.0969194
0.0966266
0.0963441
0.0960717
0.0958088
0.0955536
0.104214
0.104125
0.104032
0.103929
0.103814
0.103683
0.103534
0.103368
0.103185
0.102987
0.102775
0.102552
0.10232
0.102082
0.101839
0.101594
0.101347
0.101101
0.100857
0.100615
0.100377
0.100143
0.099914
0.0996902
0.0994718
0.0992593
0.0990526
0.0988518
0.0986566
0.0984658
0.104214
0.104129
0.104045
0.103961
0.103873
0.103781
0.103682
0.103576
0.103461
0.103339
0.103209
0.103072
0.10293
0.102782
0.102629
0.102474
0.102317
0.102158
0.101999
0.10184
0.101682
0.101525
0.10137
0.101217
0.101067
0.10092
0.100776
0.100635
0.100497
0.100361
0.104213
0.104129
0.104048
0.103971
0.103894
0.103817
0.10374
0.103661
0.10358
0.103495
0.103408
0.103318
0.103225
0.103129
0.103031
0.10293
0.102829
0.102726
0.102623
0.102519
0.102415
0.102312
0.102209
0.102107
0.102007
0.101908
0.10181
0.101714
0.101619
0.101526
0.104211
0.104128
0.104048
0.103973
0.1039
0.10383
0.103761
0.103694
0.103627
0.10356
0.103493
0.103426
0.103359
0.10329
0.103222
0.103152
0.103083
0.103013
0.102943
0.102873
0.102803
0.102733
0.102664
0.102596
0.102528
0.102461
0.102395
0.10233
0.102265
0.102201
0.10421
0.104126
0.104047
0.103972
0.103901
0.103833
0.103768
0.103705
0.103644
0.103585
0.103528
0.103471
0.103416
0.103361
0.103307
0.103254
0.103201
0.103149
0.103097
0.103046
0.102995
0.102946
0.102896
0.102848
0.1028
0.102753
0.102706
0.102661
0.102616
0.102571
0.104208
0.104125
0.104046
0.103971
0.1039
0.103833
0.103769
0.103708
0.10365
0.103594
0.10354
0.103488
0.103438
0.103389
0.103342
0.103297
0.103252
0.103209
0.103167
0.103125
0.103085
0.103046
0.103007
0.10297
0.102933
0.102898
0.102863
0.102828
0.102795
0.102761
0.104206
0.104123
0.104044
0.10397
0.103899
0.103832
0.103768
0.103708
0.10365
0.103595
0.103543
0.103493
0.103445
0.1034
0.103356
0.103313
0.103273
0.103234
0.103196
0.103159
0.103124
0.10309
0.103057
0.103025
0.102995
0.102965
0.102936
0.102908
0.10288
0.102853
0.104205
0.104121
0.104042
0.103968
0.103897
0.10383
0.103767
0.103707
0.103649
0.103595
0.103543
0.103494
0.103447
0.103402
0.10336
0.103319
0.10328
0.103242
0.103207
0.103172
0.103139
0.103108
0.103078
0.103049
0.103021
0.102994
0.102968
0.102943
0.102918
0.102894
0.104203
0.10412
0.104041
0.103966
0.103895
0.103829
0.103765
0.103705
0.103648
0.103594
0.103542
0.103493
0.103447
0.103402
0.10336
0.10332
0.103281
0.103245
0.10321
0.103176
0.103145
0.103114
0.103085
0.103057
0.10303
0.103005
0.10298
0.102957
0.102934
0.102911
0.104201
0.104118
0.104039
0.103964
0.103894
0.103827
0.103763
0.103703
0.103646
0.103592
0.10354
0.103492
0.103445
0.103401
0.103359
0.103319
0.103281
0.103244
0.10321
0.103177
0.103145
0.103115
0.103087
0.103059
0.103033
0.103008
0.102984
0.102961
0.102939
0.102917
0.104199
0.104116
0.104037
0.103962
0.103892
0.103825
0.103761
0.103701
0.103644
0.10359
0.103539
0.10349
0.103443
0.103399
0.103357
0.103317
0.103279
0.103243
0.103208
0.103176
0.103144
0.103114
0.103086
0.103059
0.103033
0.103008
0.102985
0.102962
0.10294
0.102918
0.104197
0.104114
0.104035
0.10396
0.10389
0.103823
0.103759
0.103699
0.103642
0.103588
0.103537
0.103488
0.103441
0.103397
0.103355
0.103315
0.103277
0.103241
0.103207
0.103174
0.103143
0.103113
0.103085
0.103057
0.103032
0.103007
0.102984
0.102961
0.102939
0.102917
0.104195
0.104112
0.104033
0.103958
0.103888
0.103821
0.103757
0.103697
0.10364
0.103586
0.103535
0.103486
0.103439
0.103395
0.103353
0.103313
0.103275
0.103239
0.103205
0.103172
0.103141
0.103111
0.103083
0.103056
0.10303
0.103005
0.102982
0.102959
0.102937
0.102916
0.104193
0.10411
0.104031
0.103956
0.103886
0.103819
0.103755
0.103695
0.103638
0.103584
0.103533
0.103484
0.103437
0.103393
0.103351
0.103311
0.103273
0.103237
0.103203
0.10317
0.103139
0.103109
0.103081
0.103054
0.103028
0.103003
0.10298
0.102957
0.102936
0.102914
0.104191
0.104107
0.104029
0.103954
0.103883
0.103817
0.103753
0.103693
0.103636
0.103582
0.10353
0.103482
0.103435
0.103391
0.103349
0.103309
0.103271
0.103235
0.103201
0.103168
0.103137
0.103107
0.103079
0.103052
0.103026
0.103001
0.102978
0.102955
0.102933
0.102912
0.104189
0.104105
0.104026
0.103952
0.103881
0.103814
0.103751
0.103691
0.103634
0.10358
0.103528
0.103479
0.103433
0.103389
0.103347
0.103307
0.103269
0.103233
0.103198
0.103166
0.103134
0.103105
0.103076
0.103049
0.103024
0.102999
0.102976
0.102953
0.102931
0.10291
0.104186
0.104103
0.104024
0.10395
0.103879
0.103812
0.103749
0.103688
0.103631
0.103577
0.103526
0.103477
0.103431
0.103387
0.103345
0.103305
0.103267
0.103231
0.103196
0.103163
0.103132
0.103102
0.103074
0.103047
0.103021
0.102997
0.102973
0.102951
0.102929
0.102907
0.104184
0.104101
0.104022
0.103947
0.103877
0.10381
0.103746
0.103686
0.103629
0.103575
0.103524
0.103475
0.103428
0.103384
0.103342
0.103302
0.103264
0.103228
0.103194
0.103161
0.10313
0.1031
0.103072
0.103045
0.103019
0.102994
0.102971
0.102948
0.102927
0.102905
0.104181
0.104098
0.104019
0.103945
0.103874
0.103807
0.103744
0.103684
0.103627
0.103573
0.103521
0.103472
0.103426
0.103382
0.10334
0.1033
0.103262
0.103226
0.103191
0.103159
0.103127
0.103098
0.103069
0.103042
0.103017
0.102992
0.102968
0.102946
0.102924
0.102903
0.104179
0.104096
0.104017
0.103942
0.103872
0.103805
0.103741
0.103681
0.103624
0.10357
0.103519
0.10347
0.103423
0.103379
0.103337
0.103297
0.103259
0.103223
0.103189
0.103156
0.103125
0.103095
0.103067
0.10304
0.103014
0.102989
0.102966
0.102943
0.102922
0.1029
0.104176
0.104093
0.104014
0.103939
0.103869
0.103802
0.103739
0.103679
0.103621
0.103567
0.103516
0.103467
0.103421
0.103377
0.103335
0.103295
0.103257
0.103221
0.103186
0.103154
0.103122
0.103093
0.103064
0.103037
0.103011
0.102987
0.102963
0.102941
0.102919
0.102897
0.104173
0.10409
0.104011
0.103937
0.103866
0.103799
0.103736
0.103676
0.103619
0.103565
0.103513
0.103464
0.103418
0.103374
0.103332
0.103292
0.103254
0.103218
0.103184
0.103151
0.10312
0.10309
0.103062
0.103034
0.103009
0.102984
0.102961
0.102938
0.102916
0.102895
0.104171
0.104087
0.104009
0.103934
0.103863
0.103797
0.103733
0.103673
0.103616
0.103562
0.10351
0.103462
0.103415
0.103371
0.103329
0.103289
0.103251
0.103215
0.103181
0.103148
0.103117
0.103087
0.103059
0.103032
0.103006
0.102981
0.102958
0.102935
0.102914
0.102892
0.104168
0.104084
0.104006
0.103931
0.103861
0.103794
0.10373
0.10367
0.103613
0.103559
0.103508
0.103459
0.103412
0.103368
0.103326
0.103286
0.103249
0.103212
0.103178
0.103145
0.103114
0.103084
0.103056
0.103029
0.103003
0.102979
0.102955
0.102933
0.102911
0.102889
0.104165
0.104081
0.104003
0.103928
0.103858
0.103791
0.103727
0.103667
0.10361
0.103556
0.103505
0.103456
0.103409
0.103365
0.103323
0.103284
0.103246
0.103209
0.103175
0.103142
0.103111
0.103081
0.103053
0.103026
0.103
0.102976
0.102952
0.10293
0.102908
0.102886
0.104162
0.104078
0.104
0.103925
0.103854
0.103788
0.103724
0.103664
0.103607
0.103553
0.103502
0.103453
0.103406
0.103362
0.10332
0.10328
0.103242
0.103206
0.103172
0.103139
0.103108
0.103078
0.10305
0.103023
0.102997
0.102972
0.102949
0.102926
0.102905
0.102883
0.104159
0.104075
0.103996
0.103922
0.103851
0.103784
0.103721
0.103661
0.103604
0.10355
0.103498
0.10345
0.103403
0.103359
0.103317
0.103277
0.103239
0.103203
0.103169
0.103136
0.103105
0.103075
0.103047
0.10302
0.102994
0.102969
0.102946
0.102923
0.102902
0.10288
0.104155
0.104072
0.103993
0.103919
0.103848
0.103781
0.103718
0.103658
0.103601
0.103547
0.103495
0.103446
0.1034
0.103356
0.103314
0.103274
0.103236
0.1032
0.103166
0.103133
0.103102
0.103072
0.103043
0.103016
0.102991
0.102966
0.102943
0.10292
0.102898
0.102877
0.104152
0.104069
0.10399
0.103915
0.103845
0.103778
0.103714
0.103654
0.103597
0.103543
0.103492
0.103443
0.103397
0.103352
0.103311
0.103271
0.103233
0.103197
0.103162
0.103129
0.103098
0.103068
0.10304
0.103013
0.102987
0.102963
0.102939
0.102917
0.102895
0.102873
0.104148
0.104065
0.103986
0.103912
0.103841
0.103774
0.103711
0.103651
0.103594
0.10354
0.103488
0.103439
0.103393
0.103349
0.103307
0.103267
0.103229
0.103193
0.103159
0.103126
0.103095
0.103065
0.103037
0.10301
0.102984
0.102959
0.102936
0.102913
0.102891
0.10287
0.104145
0.104061
0.103983
0.103908
0.103837
0.103771
0.103707
0.103647
0.10359
0.103536
0.103485
0.103436
0.10339
0.103345
0.103303
0.103264
0.103226
0.10319
0.103155
0.103122
0.103091
0.103061
0.103033
0.103006
0.10298
0.102956
0.102932
0.10291
0.102888
0.102866
0.104141
0.104058
0.103979
0.103904
0.103834
0.103767
0.103704
0.103643
0.103586
0.103532
0.103481
0.103432
0.103386
0.103342
0.1033
0.10326
0.103222
0.103186
0.103151
0.103119
0.103087
0.103058
0.103029
0.103002
0.102977
0.102952
0.102928
0.102906
0.102884
0.102863
0.104137
0.104054
0.103975
0.1039
0.10383
0.103763
0.1037
0.10364
0.103583
0.103529
0.103477
0.103428
0.103382
0.103338
0.103296
0.103256
0.103218
0.103182
0.103148
0.103115
0.103084
0.103054
0.103026
0.102998
0.102973
0.102948
0.102925
0.102902
0.10288
0.102859
0.104133
0.10405
0.103971
0.103896
0.103826
0.103759
0.103696
0.103636
0.103579
0.103525
0.103473
0.103424
0.103378
0.103334
0.103292
0.103252
0.103214
0.103178
0.103144
0.103111
0.10308
0.10305
0.103022
0.102995
0.102969
0.102944
0.102921
0.102898
0.102876
0.102855
0.104129
0.104046
0.103967
0.103892
0.103822
0.103755
0.103692
0.103632
0.103575
0.10352
0.103469
0.10342
0.103374
0.10333
0.103288
0.103248
0.10321
0.103174
0.10314
0.103107
0.103076
0.103046
0.103017
0.10299
0.102965
0.10294
0.102917
0.102894
0.102872
0.102851
0.104125
0.104041
0.103963
0.103888
0.103818
0.103751
0.103687
0.103627
0.10357
0.103516
0.103465
0.103416
0.10337
0.103326
0.103284
0.103244
0.103206
0.10317
0.103135
0.103103
0.103071
0.103042
0.103013
0.102986
0.102961
0.102936
0.102912
0.10289
0.102868
0.102847
0.10412
0.104037
0.103958
0.103884
0.103813
0.103746
0.103683
0.103623
0.103566
0.103512
0.103461
0.103412
0.103365
0.103321
0.103279
0.10324
0.103202
0.103165
0.103131
0.103098
0.103067
0.103037
0.103009
0.102982
0.102956
0.102932
0.102908
0.102886
0.102864
0.102842
0.104116
0.104032
0.103954
0.103879
0.103809
0.103742
0.103679
0.103618
0.103562
0.103507
0.103456
0.103407
0.103361
0.103317
0.103275
0.103235
0.103197
0.103161
0.103127
0.103094
0.103063
0.103033
0.103004
0.102977
0.102952
0.102927
0.102904
0.102881
0.102859
0.102838
0.104111
0.104028
0.103949
0.103875
0.103804
0.103737
0.103674
0.103614
0.103557
0.103503
0.103451
0.103403
0.103356
0.103312
0.10327
0.10323
0.103192
0.103156
0.103122
0.103089
0.103058
0.103028
0.103
0.102973
0.102947
0.102923
0.102899
0.102877
0.102855
0.102833
0.104106
0.104023
0.103944
0.10387
0.103799
0.103732
0.103669
0.103609
0.103552
0.103498
0.103447
0.103398
0.103351
0.103307
0.103266
0.103226
0.103188
0.103152
0.103117
0.103084
0.103053
0.103023
0.102995
0.102968
0.102942
0.102918
0.102894
0.102872
0.10285
0.102828
0.104101
0.104018
0.103939
0.103865
0.103794
0.103727
0.103664
0.103604
0.103547
0.103493
0.103442
0.103393
0.103347
0.103302
0.103261
0.103221
0.103183
0.103147
0.103112
0.103079
0.103048
0.103019
0.10299
0.102963
0.102937
0.102913
0.102889
0.102867
0.102845
0.102823
0.104096
0.104013
0.103934
0.10386
0.103789
0.103722
0.103659
0.103599
0.103542
0.103488
0.103437
0.103388
0.103341
0.103297
0.103255
0.103216
0.103178
0.103142
0.103107
0.103074
0.103043
0.103013
0.102985
0.102958
0.102932
0.102908
0.102884
0.102862
0.10284
0.102818
0.104091
0.104008
0.103929
0.103854
0.103784
0.103717
0.103654
0.103594
0.103537
0.103483
0.103431
0.103383
0.103336
0.103292
0.10325
0.10321
0.103172
0.103136
0.103102
0.103069
0.103038
0.103008
0.10298
0.102953
0.102927
0.102903
0.102879
0.102857
0.102835
0.102813
0.104085
0.104002
0.103923
0.103849
0.103778
0.103712
0.103648
0.103588
0.103531
0.103477
0.103426
0.103377
0.103331
0.103287
0.103245
0.103205
0.103167
0.103131
0.103097
0.103064
0.103033
0.103003
0.102975
0.102947
0.102922
0.102897
0.102874
0.102851
0.102829
0.102808
0.10408
0.103996
0.103918
0.103843
0.103773
0.103706
0.103643
0.103583
0.103526
0.103472
0.10342
0.103372
0.103325
0.103281
0.103239
0.103199
0.103161
0.103125
0.103091
0.103058
0.103027
0.102997
0.102969
0.102942
0.102916
0.102892
0.102868
0.102846
0.102824
0.102802
0.104074
0.103991
0.103912
0.103837
0.103767
0.1037
0.103637
0.103577
0.10352
0.103466
0.103414
0.103366
0.103319
0.103275
0.103233
0.103194
0.103156
0.10312
0.103085
0.103052
0.103021
0.102992
0.102963
0.102936
0.10291
0.102886
0.102862
0.10284
0.102818
0.102797
0.104068
0.103984
0.103906
0.103831
0.103761
0.103694
0.103631
0.103571
0.103514
0.10346
0.103409
0.10336
0.103313
0.103269
0.103227
0.103188
0.10315
0.103114
0.103079
0.103047
0.103015
0.102986
0.102957
0.10293
0.102905
0.10288
0.102856
0.102834
0.102812
0.102791
0.104061
0.103978
0.1039
0.103825
0.103755
0.103688
0.103625
0.103565
0.103508
0.103454
0.103402
0.103354
0.103307
0.103263
0.103221
0.103181
0.103144
0.103107
0.103073
0.10304
0.103009
0.102979
0.102951
0.102924
0.102898
0.102874
0.10285
0.102828
0.102806
0.102784
0.104055
0.103972
0.103893
0.103819
0.103748
0.103681
0.103618
0.103558
0.103501
0.103447
0.103396
0.103347
0.103301
0.103257
0.103215
0.103175
0.103137
0.103101
0.103067
0.103034
0.103003
0.102973
0.102945
0.102918
0.102892
0.102867
0.102844
0.102821
0.1028
0.102778
0.00277816
0.0028267
0.00293101
0.00315026
0.00356823
0.00427452
0.00540036
0.00688285
0.00853402
0.0102933
0.0121005
0.01392
0.0157347
0.0175559
0.0194065
0.0212989
0.0232294
0.0251837
0.0271623
0.0291937
0.0311493
0.0328844
0.0344261
0.0358069
0.0370447
0.0381542
0.0391535
0.0400694
0.0409421
0.0418298
0.0428143
0.0440126
0.0455996
0.0478365
0.0509916
0.0548742
0.0576312
0.055471
0.0445868
0.0183102
0.00748268
0.00745297
0.00744262
0.00744079
0.00743383
0.00740277
0.0073182
0.00721881
0.00724369
0.00754119
0.00824834
0.00945076
0.0110476
0.012989
0.0151799
0.0175038
0.0198673
0.0222223
0.0245606
0.0268991
0.0290729
0.0309433
0.0325545
0.0339628
0.0352033
0.0363035
0.0372907
0.0381981
0.0390688
0.0399589
0.0409413
0.0421115
0.043599
0.0455831
0.0482756
0.0516843
0.0546489
0.0542541
0.0472708
0.0318572
0.018341
0.018175
0.0180025
0.0178193
0.0176186
0.0173847
0.0170732
0.016624
0.0159916
0.0151725
0.0142313
0.0133309
0.0127488
0.0127257
0.0133382
0.0145967
0.016418
0.0186446
0.0211018
0.02366
0.0260385
0.0280648
0.0297927
0.0312759
0.0325655
0.0337006
0.0347168
0.0356523
0.0365513
0.0374664
0.0384594
0.0396031
0.0409827
0.0426951
0.0449195
0.0476964
0.0504565
0.0514788
0.048622
0.0412693
0.0313099
0.0310447
0.0307571
0.0304438
0.0301006
0.0297212
0.0292897
0.0287744
0.0281246
0.0272703
0.0261294
0.0246383
0.0228387
0.0209124
0.0191902
0.018014
0.0176197
0.0180848
0.019336
0.0211989
0.0232592
0.0251618
0.026863
0.0283492
0.0296525
0.0308064
0.0318454
0.0328064
0.03373
0.0346615
0.0356495
0.0367432
0.0379848
0.0394519
0.0412334
0.0433536
0.0455734
0.0470959
0.0468131
0.0443448
0.0444761
0.0441221
0.0437374
0.0433189
0.042863
0.0423658
0.04182
0.041212
0.0405166
0.039691
0.0386679
0.0373538
0.0356488
0.0334884
0.0309311
0.0282075
0.0256911
0.0237754
0.0227348
0.0226544
0.0233389
0.0243753
0.0255296
0.026667
0.0277443
0.0287484
0.029685
0.0305718
0.0314341
0.0323021
0.0332067
0.0341756
0.0352366
0.0364302
0.0377852
0.0393026
0.0408837
0.0422206
0.0428627
0.0425718
0.0569035
0.056484
0.0560284
0.0555335
0.0549959
0.0544117
0.0537759
0.0530812
0.052315
0.0514558
0.0504667
0.0492894
0.0478396
0.0460134
0.0437215
0.0409508
0.037831
0.0346573
0.031823
0.0296866
0.0285111
0.028113
0.0281827
0.0284896
0.0289277
0.0294406
0.0299928
0.0305677
0.0311622
0.0317819
0.0324398
0.0331444
0.033895
0.0347042
0.0355781
0.0365091
0.0374554
0.0383113
0.0389275
0.0392047
0.0680155
0.0675636
0.0670722
0.0665381
0.0659579
0.0653275
0.0646426
0.0638975
0.0630844
0.0621914
0.0611989
0.0600752
0.0587709
0.0572132
0.0553118
0.0529821
0.0501932
0.0470262
0.0437041
0.0405586
0.0381168
0.0365105
0.0355116
0.0349231
0.0345598
0.0343791
0.0343305
0.0343778
0.034497
0.0346792
0.0349165
0.0351659
0.0354275
0.0357037
0.0359966
0.0363046
0.036617
0.0369072
0.0371381
0.0372825
0.077466
0.0770188
0.0765309
0.0759992
0.0754198
0.0747888
0.0741018
0.0733535
0.0725378
0.0716464
0.0706674
0.0695834
0.0683668
0.0669756
0.0653504
0.0634186
0.0611142
0.0584158
0.0553915
0.0522242
0.0494255
0.0472848
0.0456891
0.0445126
0.0436103
0.0428964
0.0423402
0.0419056
0.0415709
0.0413145
0.0410722
0.0408273
0.0405716
0.0403038
0.0400288
0.0397553
0.039493
0.0392485
0.0390246
0.0388211
0.085114
0.0847039
0.0842545
0.0837623
0.0832235
0.082634
0.0819893
0.0812841
0.0805126
0.079668
0.0787416
0.0777218
0.0765925
0.07533
0.0738997
0.0722551
0.0703429
0.0681208
0.0655874
0.0628166
0.0602056
0.0580549
0.0563213
0.0549354
0.0538135
0.0528671
0.052059
0.0513707
0.0507699
0.0502067
0.0496529
0.0490884
0.0485021
0.0478912
0.0472615
0.0466259
0.0460022
0.0454088
0.0448612
0.0443676
0.0909983
0.0906475
0.0902611
0.0898353
0.0893663
0.08885
0.0882817
0.0876561
0.0869677
0.0862097
0.0853747
0.0844536
0.0834353
0.082305
0.0810426
0.0796208
0.0780058
0.0761634
0.0740749
0.0717625
0.0695167
0.0675917
0.065971
0.0646163
0.0634783
0.0625033
0.0616494
0.0608851
0.0601821
0.0595115
0.0588504
0.0581821
0.0574967
0.0567914
0.0560706
0.0553453
0.0546305
0.0539431
0.0532978
0.0527024
0.0952963
0.0950151
0.0947033
0.0943573
0.0939736
0.0935479
0.0930757
0.0925519
0.0919708
0.091326
0.0906105
0.089816
0.0889334
0.0879518
0.086858
0.0856355
0.0842642
0.0827224
0.0809933
0.0790815
0.0772031
0.0755593
0.0741403
0.0729216
0.0718718
0.0709565
0.0701435
0.0694052
0.0687179
0.068061
0.0674182
0.066778
0.0661334
0.0654828
0.064829
0.0641789
0.0635424
0.0629298
0.0623502
0.0618078
0.0982721
0.0980595
0.097822
0.0975566
0.0972599
0.096928
0.0965568
0.0961412
0.095676
0.095155
0.0945713
0.0939174
0.0931848
0.0923641
0.091445
0.0904159
0.0892641
0.0879763
0.0865415
0.0849606
0.083401
0.0820216
0.0808134
0.0797581
0.0788337
0.0780164
0.0772833
0.0766137
0.0759895
0.0753962
0.0748226
0.0742609
0.073707
0.0731597
0.072621
0.0720945
0.0715853
0.0710986
0.0706387
0.0702063
0.100222
0.100069
0.0998969
0.0997032
0.0994849
0.0992388
0.0989609
0.098647
0.0982921
0.0978906
0.0974361
0.0969215
0.096339
0.0956797
0.0949346
0.0940939
0.0931479
0.0920874
0.0909053
0.0896023
0.0883123
0.0871633
0.0861477
0.0852506
0.0844557
0.0837459
0.0831047
0.0825172
0.0819707
0.0814549
0.0809623
0.0804877
0.0800285
0.0795841
0.079155
0.0787431
0.0783504
0.0779791
0.0776303
0.0773029
0.101429
0.101323
0.101203
0.101067
0.100912
0.100737
0.100537
0.100309
0.100049
0.0997523
0.0994126
0.0990237
0.0985785
0.0980688
0.0974862
0.0968216
0.0960662
0.0952122
0.0942538
0.0931913
0.0921329
0.0911832
0.090337
0.0895832
0.0889096
0.0883036
0.0877535
0.0872487
0.0867802
0.086341
0.0859259
0.0855316
0.0851561
0.0847988
0.0844595
0.0841387
0.083837
0.0835547
0.0832916
0.0830456
0.102135
0.102063
0.10198
0.101886
0.101779
0.101656
0.101516
0.101355
0.10117
0.100957
0.100711
0.100426
0.100096
0.0997152
0.0992741
0.0987648
0.0981789
0.0975087
0.0967479
0.0958959
0.0950389
0.0942628
0.0935655
0.0929394
0.0923757
0.0918655
0.0914007
0.0909736
0.0905781
0.0902094
0.089864
0.0895393
0.089234
0.0889472
0.0886784
0.0884273
0.0881936
0.0879768
0.0877761
0.0875893
0.102524
0.102474
0.102416
0.102351
0.102276
0.10219
0.102092
0.101978
0.101848
0.101696
0.10152
0.101315
0.101077
0.100798
0.100472
0.100091
0.0996476
0.0991339
0.0985432
0.097873
0.0971906
0.0965656
0.0959989
0.0954857
0.0950203
0.0945969
0.0942096
0.0938535
0.0935243
0.0932187
0.0929342
0.092669
0.0924219
0.0921919
0.0919784
0.0917807
0.091598
0.0914298
0.0912747
0.0911308
0.102726
0.102689
0.102647
0.102599
0.102544
0.102482
0.102411
0.102329
0.102235
0.102126
0.101999
0.101851
0.101678
0.101475
0.101236
0.100956
0.100625
0.100238
0.0997874
0.0992692
0.0987345
0.098239
0.0977851
0.0973706
0.096992
0.0966456
0.0963277
0.0960351
0.0957648
0.0955147
0.0952829
0.0950682
0.0948694
0.0946856
0.094516
0.0943599
0.0942164
0.0940848
0.0939639
0.0938519
0.102825
0.102795
0.102762
0.102724
0.102681
0.102633
0.102578
0.102516
0.102444
0.102362
0.102267
0.102157
0.102029
0.101878
0.101701
0.101493
0.101247
0.100956
0.100615
0.100218
0.099804
0.0994159
0.099057
0.0987266
0.0984227
0.0981433
0.097886
0.0976488
0.0974299
0.0972277
0.097041
0.0968687
0.0967099
0.0965638
0.0964295
0.0963064
0.0961937
0.0960904
0.0959958
0.095908
0.10287
0.102844
0.102815
0.102783
0.102747
0.102706
0.102661
0.102609
0.102551
0.102485
0.102409
0.102322
0.102222
0.102105
0.10197
0.101811
0.101623
0.101402
0.101142
0.100837
0.100517
0.100214
0.0999322
0.0996709
0.0994293
0.0992061
0.0990002
0.0988101
0.0986347
0.098473
0.0983241
0.098187
0.0980611
0.0979455
0.0978397
0.0977428
0.0976543
0.0975735
0.0974993
0.0974304
0.102888
0.102864
0.102838
0.102808
0.102776
0.102739
0.102698
0.102653
0.102602
0.102544
0.102479
0.102406
0.102322
0.102227
0.102116
0.101989
0.10184
0.101666
0.101462
0.101224
0.100973
0.100735
0.100512
0.100305
0.100113
0.0999357
0.0997716
0.09962
0.0994804
0.0993518
0.0992336
0.0991251
0.0990256
0.0989346
0.0988513
0.0987753
0.0987059
0.0986425
0.0985844
0.0985303
0.102895
0.102872
0.102847
0.102818
0.102787
0.102752
0.102714
0.102671
0.102624
0.102571
0.102512
0.102446
0.102371
0.102287
0.102192
0.102083
0.101958
0.101814
0.101647
0.101454
0.101251
0.10106
0.100881
0.100715
0.100561
0.100418
0.100287
0.100166
0.100054
0.0999515
0.0998575
0.0997714
0.0996927
0.0996208
0.0995552
0.0994953
0.0994407
0.0993909
0.0993451
0.0993024
0.102896
0.102874
0.102849
0.102821
0.102791
0.102757
0.102719
0.102678
0.102632
0.102582
0.102525
0.102463
0.102393
0.102315
0.102228
0.10213
0.102019
0.101893
0.101748
0.101584
0.101414
0.101254
0.101106
0.100969
0.100842
0.100725
0.100618
0.100519
0.100429
0.100346
0.10027
0.100201
0.100138
0.100081
0.100028
0.0999805
0.0999371
0.0998975
0.099861
0.099827
0.102896
0.102873
0.102848
0.102821
0.102791
0.102757
0.10272
0.10268
0.102635
0.102585
0.10253
0.102469
0.102402
0.102327
0.102244
0.102151
0.102048
0.101931
0.1018
0.101653
0.101503
0.101364
0.101236
0.101118
0.101011
0.100912
0.100822
0.100739
0.100664
0.100595
0.100532
0.100476
0.100424
0.100377
0.100334
0.100295
0.10026
0.100228
0.100198
0.10017
0.102894
0.102872
0.102847
0.10282
0.102789
0.102756
0.102719
0.102679
0.102634
0.102585
0.10253
0.10247
0.102404
0.10233
0.102249
0.102159
0.10206
0.101949
0.101825
0.101688
0.10155
0.101423
0.101307
0.101202
0.101107
0.10102
0.100941
0.10087
0.100804
0.100745
0.100692
0.100643
0.1006
0.10056
0.100524
0.100491
0.100461
0.100434
0.100409
0.100386
0.102892
0.10287
0.102845
0.102818
0.102788
0.102754
0.102718
0.102677
0.102633
0.102583
0.102529
0.102469
0.102403
0.10233
0.10225
0.102161
0.102064
0.101955
0.101835
0.101703
0.101572
0.101452
0.101344
0.101247
0.101159
0.101079
0.101008
0.100943
0.100885
0.100832
0.100784
0.100741
0.100702
0.100667
0.100636
0.100607
0.100581
0.100558
0.100536
0.100515
0.10289
0.102868
0.102843
0.102816
0.102786
0.102752
0.102716
0.102675
0.102631
0.102581
0.102527
0.102467
0.102402
0.102329
0.102249
0.102161
0.102064
0.101956
0.101838
0.101709
0.101581
0.101465
0.101361
0.101268
0.101185
0.10111
0.101042
0.100982
0.100927
0.100879
0.100835
0.100795
0.100759
0.100727
0.100698
0.100672
0.100649
0.100627
0.100607
0.100589
0.102888
0.102866
0.102841
0.102814
0.102783
0.10275
0.102713
0.102673
0.102628
0.102579
0.102525
0.102465
0.102399
0.102327
0.102247
0.102159
0.102062
0.101955
0.101838
0.10171
0.101583
0.101469
0.101368
0.101277
0.101196
0.101124
0.101059
0.101001
0.100949
0.100902
0.10086
0.100822
0.100789
0.100758
0.100731
0.100706
0.100684
0.100664
0.100645
0.100628
0.102886
0.102863
0.102839
0.102811
0.102781
0.102748
0.102711
0.102671
0.102626
0.102577
0.102523
0.102463
0.102397
0.102324
0.102244
0.102156
0.10206
0.101953
0.101836
0.101708
0.101582
0.101469
0.101369
0.101279
0.1012
0.101129
0.101065
0.101008
0.100958
0.100912
0.100871
0.100835
0.100802
0.100773
0.100746
0.100722
0.100701
0.100681
0.100663
0.100646
0.102883
0.102861
0.102836
0.102809
0.102779
0.102745
0.102709
0.102668
0.102624
0.102574
0.10252
0.10246
0.102394
0.102322
0.102242
0.102154
0.102057
0.10195
0.101833
0.101706
0.10158
0.101468
0.101368
0.101279
0.1012
0.101129
0.101066
0.10101
0.10096
0.100915
0.100875
0.100839
0.100807
0.100778
0.100752
0.100728
0.100707
0.100688
0.10067
0.100654
0.102881
0.102858
0.102834
0.102806
0.102776
0.102743
0.102706
0.102666
0.102621
0.102572
0.102518
0.102458
0.102392
0.102319
0.102239
0.102151
0.102054
0.101947
0.10183
0.101703
0.101577
0.101465
0.101365
0.101277
0.101198
0.101128
0.101065
0.101009
0.10096
0.100915
0.100875
0.100839
0.100807
0.100778
0.100753
0.100729
0.100708
0.100689
0.100672
0.100655
0.102878
0.102856
0.102831
0.102804
0.102774
0.10274
0.102704
0.102663
0.102619
0.102569
0.102515
0.102455
0.102389
0.102317
0.102236
0.102148
0.102051
0.101944
0.101827
0.1017
0.101574
0.101462
0.101362
0.101274
0.101195
0.101125
0.101063
0.101007
0.100958
0.100913
0.100873
0.100838
0.100806
0.100777
0.100751
0.100728
0.100707
0.100688
0.10067
0.100654
0.102876
0.102853
0.102829
0.102801
0.102771
0.102738
0.102701
0.102661
0.102616
0.102567
0.102512
0.102453
0.102387
0.102314
0.102234
0.102145
0.102048
0.101941
0.101824
0.101697
0.101571
0.101459
0.101359
0.101271
0.101192
0.101122
0.10106
0.101005
0.100955
0.10091
0.100871
0.100835
0.100803
0.100774
0.100748
0.100725
0.100704
0.100685
0.100668
0.100651
0.102873
0.102851
0.102826
0.102799
0.102768
0.102735
0.102698
0.102658
0.102613
0.102564
0.10251
0.10245
0.102384
0.102311
0.102231
0.102143
0.102045
0.101938
0.101821
0.101694
0.101568
0.101456
0.101356
0.101268
0.101189
0.101119
0.101057
0.101001
0.100952
0.100907
0.100867
0.100832
0.1008
0.100771
0.100745
0.100722
0.100701
0.100682
0.100664
0.100648
0.10287
0.102848
0.102823
0.102796
0.102766
0.102732
0.102696
0.102655
0.10261
0.102561
0.102507
0.102447
0.102381
0.102308
0.102228
0.10214
0.102042
0.101935
0.101818
0.10169
0.101565
0.101452
0.101353
0.101265
0.101186
0.101116
0.101054
0.100998
0.100949
0.100904
0.100864
0.100829
0.100796
0.100768
0.100742
0.100719
0.100698
0.100679
0.100661
0.100644
0.102867
0.102845
0.10282
0.102793
0.102763
0.102729
0.102693
0.102652
0.102608
0.102558
0.102504
0.102444
0.102378
0.102305
0.102225
0.102137
0.102039
0.101932
0.101815
0.101687
0.101562
0.101449
0.10135
0.101261
0.101183
0.101113
0.101051
0.100995
0.100945
0.100901
0.100861
0.100825
0.100793
0.100764
0.100738
0.100715
0.100694
0.100675
0.100657
0.100641
0.102864
0.102842
0.102817
0.10279
0.10276
0.102727
0.10269
0.102649
0.102605
0.102555
0.102501
0.102441
0.102375
0.102302
0.102222
0.102133
0.102036
0.101929
0.101812
0.101684
0.101558
0.101446
0.101346
0.101258
0.101179
0.10111
0.101047
0.100992
0.100942
0.100897
0.100857
0.100822
0.10079
0.100761
0.100735
0.100711
0.10069
0.100671
0.100654
0.100637
0.102861
0.102839
0.102814
0.102787
0.102757
0.102723
0.102687
0.102646
0.102601
0.102552
0.102498
0.102438
0.102372
0.102299
0.102219
0.10213
0.102033
0.101926
0.101808
0.101681
0.101555
0.101443
0.101343
0.101255
0.101176
0.101106
0.101044
0.100988
0.100938
0.100894
0.100854
0.100818
0.100786
0.100757
0.100731
0.100708
0.100687
0.100668
0.10065
0.100633
0.102858
0.102836
0.102811
0.102784
0.102754
0.10272
0.102684
0.102643
0.102598
0.102549
0.102495
0.102435
0.102369
0.102296
0.102215
0.102127
0.10203
0.101923
0.101805
0.101677
0.101552
0.101439
0.101339
0.101251
0.101173
0.101103
0.10104
0.100985
0.100935
0.10089
0.10085
0.100815
0.100782
0.100753
0.100727
0.100704
0.100683
0.100664
0.100646
0.100629
0.102855
0.102833
0.102808
0.10278
0.10275
0.102717
0.10268
0.10264
0.102595
0.102546
0.102491
0.102431
0.102365
0.102292
0.102212
0.102124
0.102026
0.101919
0.101801
0.101674
0.101548
0.101436
0.101336
0.101248
0.101169
0.101099
0.101037
0.100981
0.100931
0.100887
0.100847
0.100811
0.100779
0.10075
0.100724
0.1007
0.100679
0.10066
0.100642
0.100626
0.102852
0.102829
0.102804
0.102777
0.102747
0.102714
0.102677
0.102636
0.102592
0.102542
0.102488
0.102428
0.102362
0.102289
0.102209
0.10212
0.102023
0.101916
0.101798
0.10167
0.101545
0.101432
0.101332
0.101244
0.101165
0.101095
0.101033
0.100977
0.100927
0.100883
0.100843
0.100807
0.100775
0.100746
0.10072
0.100696
0.100675
0.100656
0.100638
0.100622
0.102848
0.102826
0.102801
0.102774
0.102743
0.10271
0.102673
0.102633
0.102588
0.102539
0.102484
0.102424
0.102358
0.102285
0.102205
0.102117
0.102019
0.101912
0.101794
0.101667
0.101541
0.101428
0.101329
0.10124
0.101162
0.101092
0.101029
0.100973
0.100924
0.100879
0.100839
0.100803
0.100771
0.100742
0.100716
0.100692
0.100671
0.100652
0.100634
0.100618
0.102845
0.102822
0.102797
0.10277
0.10274
0.102707
0.10267
0.102629
0.102585
0.102535
0.102481
0.102421
0.102355
0.102282
0.102201
0.102113
0.102015
0.101908
0.10179
0.101663
0.101537
0.101424
0.101325
0.101236
0.101158
0.101088
0.101025
0.10097
0.10092
0.100875
0.100835
0.100799
0.100767
0.100738
0.100712
0.100688
0.100667
0.100648
0.10063
0.100613
0.102841
0.102818
0.102794
0.102766
0.102736
0.102703
0.102666
0.102626
0.102581
0.102531
0.102477
0.102417
0.102351
0.102278
0.102198
0.102109
0.102012
0.101904
0.101787
0.101659
0.101533
0.101421
0.101321
0.101232
0.101154
0.101084
0.101021
0.100965
0.100916
0.100871
0.100831
0.100795
0.100763
0.100734
0.100708
0.100684
0.100663
0.100644
0.100626
0.100609
0.102837
0.102815
0.10279
0.102762
0.102732
0.102699
0.102662
0.102622
0.102577
0.102528
0.102473
0.102413
0.102347
0.102274
0.102194
0.102105
0.102008
0.101901
0.101783
0.101655
0.101529
0.101417
0.101317
0.101228
0.10115
0.10108
0.101017
0.100961
0.100911
0.100867
0.100827
0.100791
0.100758
0.100729
0.100703
0.10068
0.100659
0.100639
0.100622
0.100605
0.102833
0.102811
0.102786
0.102759
0.102728
0.102695
0.102658
0.102618
0.102573
0.102524
0.102469
0.102409
0.102343
0.10227
0.10219
0.102101
0.102004
0.101897
0.101779
0.101651
0.101525
0.101412
0.101313
0.101224
0.101145
0.101075
0.101013
0.100957
0.100907
0.100862
0.100822
0.100786
0.100754
0.100725
0.100699
0.100675
0.100654
0.100635
0.100617
0.1006
0.102829
0.102807
0.102782
0.102754
0.102724
0.102691
0.102654
0.102614
0.102569
0.10252
0.102465
0.102405
0.102339
0.102266
0.102186
0.102097
0.102
0.101892
0.101775
0.101647
0.101521
0.101408
0.101308
0.10122
0.101141
0.101071
0.101009
0.100953
0.100903
0.100858
0.100818
0.100782
0.10075
0.10072
0.100694
0.100671
0.10065
0.10063
0.100613
0.100596
0.102825
0.102802
0.102778
0.10275
0.10272
0.102687
0.10265
0.102609
0.102565
0.102515
0.102461
0.102401
0.102335
0.102262
0.102181
0.102093
0.101995
0.101888
0.10177
0.101642
0.101517
0.101404
0.101304
0.101215
0.101137
0.101067
0.101004
0.100948
0.100898
0.100853
0.100813
0.100777
0.100745
0.100716
0.10069
0.100666
0.100645
0.100626
0.100608
0.100591
0.10282
0.102798
0.102773
0.102746
0.102716
0.102682
0.102646
0.102605
0.10256
0.102511
0.102457
0.102397
0.10233
0.102258
0.102177
0.102089
0.101991
0.101884
0.101766
0.101638
0.101512
0.101399
0.1013
0.101211
0.101132
0.101062
0.101
0.100944
0.100894
0.100849
0.100809
0.100773
0.10074
0.100711
0.100685
0.100661
0.10064
0.100621
0.100603
0.100586
0.102816
0.102794
0.102769
0.102741
0.102711
0.102678
0.102641
0.102601
0.102556
0.102507
0.102452
0.102392
0.102326
0.102253
0.102173
0.102084
0.101987
0.101879
0.101761
0.101634
0.101508
0.101395
0.101295
0.101206
0.101128
0.101057
0.100995
0.100939
0.100889
0.100844
0.100804
0.100768
0.100735
0.100706
0.10068
0.100657
0.100635
0.100616
0.100598
0.100581
0.102811
0.102789
0.102764
0.102737
0.102707
0.102673
0.102637
0.102596
0.102551
0.102502
0.102448
0.102388
0.102321
0.102248
0.102168
0.102079
0.101982
0.101875
0.101757
0.101629
0.101503
0.10139
0.10129
0.101202
0.101123
0.101053
0.10099
0.100934
0.100884
0.100839
0.100799
0.100763
0.100731
0.100701
0.100675
0.100652
0.10063
0.100611
0.100593
0.100576
0.102807
0.102784
0.102759
0.102732
0.102702
0.102669
0.102632
0.102591
0.102547
0.102497
0.102443
0.102383
0.102317
0.102244
0.102163
0.102075
0.101977
0.10187
0.101752
0.101624
0.101498
0.101385
0.101285
0.101197
0.101118
0.101048
0.100985
0.100929
0.100879
0.100834
0.100794
0.100758
0.100725
0.100696
0.10067
0.100647
0.100625
0.100606
0.100588
0.100571
0.102802
0.102779
0.102755
0.102727
0.102697
0.102664
0.102627
0.102586
0.102542
0.102492
0.102438
0.102378
0.102312
0.102239
0.102158
0.10207
0.101972
0.101865
0.101747
0.101619
0.101493
0.10138
0.10128
0.101192
0.101113
0.101043
0.10098
0.100924
0.100874
0.100829
0.100789
0.100753
0.10072
0.100691
0.100665
0.100641
0.10062
0.100601
0.100583
0.100566
0.102797
0.102774
0.102749
0.102722
0.102692
0.102659
0.102622
0.102581
0.102537
0.102487
0.102433
0.102373
0.102307
0.102234
0.102153
0.102065
0.101967
0.10186
0.101742
0.101614
0.101488
0.101375
0.101275
0.101187
0.101108
0.101037
0.100975
0.100919
0.100869
0.100824
0.100784
0.100747
0.100715
0.100686
0.10066
0.100636
0.100615
0.100595
0.100578
0.100561
0.102791
0.102769
0.102744
0.102717
0.102687
0.102653
0.102617
0.102576
0.102531
0.102482
0.102428
0.102368
0.102301
0.102229
0.102148
0.10206
0.101962
0.101855
0.101737
0.101609
0.101483
0.10137
0.10127
0.101181
0.101102
0.101032
0.100969
0.100913
0.100863
0.100818
0.100778
0.100742
0.10071
0.10068
0.100654
0.100631
0.100609
0.10059
0.100572
0.100555
0.102786
0.102764
0.102739
0.102712
0.102681
0.102648
0.102611
0.102571
0.102526
0.102477
0.102422
0.102362
0.102296
0.102223
0.102143
0.102054
0.101957
0.101849
0.101731
0.101603
0.101477
0.101365
0.101265
0.101176
0.101097
0.101027
0.100964
0.100908
0.100858
0.100813
0.100773
0.100737
0.100704
0.100675
0.100649
0.100625
0.100604
0.100584
0.100566
0.10055
0.102781
0.102758
0.102733
0.102706
0.102676
0.102643
0.102606
0.102565
0.102521
0.102471
0.102417
0.102357
0.102291
0.102218
0.102137
0.102049
0.101951
0.101844
0.101726
0.101598
0.101472
0.101359
0.101259
0.10117
0.101091
0.101021
0.100958
0.100902
0.100852
0.100807
0.100767
0.100731
0.100698
0.100669
0.100643
0.100619
0.100598
0.100579
0.100561
0.100544
0.102775
0.102752
0.102728
0.1027
0.10267
0.102637
0.1026
0.10256
0.102515
0.102465
0.102411
0.102351
0.102285
0.102212
0.102132
0.102043
0.101945
0.101838
0.10172
0.101592
0.101466
0.101353
0.101253
0.101165
0.101086
0.101015
0.100953
0.100897
0.100847
0.100802
0.100761
0.100725
0.100693
0.100663
0.100637
0.100614
0.100592
0.100573
0.100555
0.100538
0.102769
0.102746
0.102722
0.102694
0.102664
0.102631
0.102594
0.102554
0.102509
0.10246
0.102405
0.102345
0.102279
0.102206
0.102126
0.102037
0.10194
0.101832
0.101714
0.101586
0.10146
0.101347
0.101247
0.101159
0.10108
0.10101
0.100947
0.100891
0.100841
0.100796
0.100755
0.100719
0.100687
0.100658
0.100631
0.100608
0.100586
0.100567
0.100549
0.100532
0.102763
0.10274
0.102716
0.102688
0.102658
0.102625
0.102588
0.102548
0.102503
0.102453
0.102399
0.102339
0.102273
0.1022
0.10212
0.102031
0.101933
0.101826
0.101708
0.10158
0.101454
0.101341
0.101241
0.101153
0.101074
0.101003
0.100941
0.100885
0.100834
0.10079
0.100749
0.100713
0.100681
0.100651
0.100625
0.100601
0.10058
0.100561
0.100543
0.100526
0.102756
0.102734
0.102709
0.102682
0.102652
0.102618
0.102582
0.102541
0.102496
0.102447
0.102393
0.102333
0.102266
0.102194
0.102113
0.102025
0.101927
0.10182
0.101702
0.101574
0.101448
0.101335
0.101235
0.101146
0.101067
0.100997
0.100934
0.100878
0.100828
0.100783
0.100743
0.100707
0.100674
0.100645
0.100619
0.100595
0.100574
0.100554
0.100536
0.100519
0.00668189
0.00609353
0.0055653
0.00511291
0.0047353
0.00442543
0.0041769
0.00398058
0.00382358
0.00369585
0.00358981
0.0034999
0.00342206
0.00335335
0.00329165
0.00323537
0.00318334
0.00313468
0.00308879
0.0030452
0.00300356
0.00296362
0.00292521
0.00288819
0.00285245
0.00281789
0.00278443
0.00275193
0.00272036
0.00268902
0.0221386
0.019069
0.0176126
0.0168729
0.0164989
0.0163212
0.0162213
0.0161385
0.0160745
0.0160246
0.0159792
0.0159309
0.0158746
0.0158069
0.0157258
0.0156296
0.0155182
0.0153919
0.0152518
0.0150992
0.0149353
0.0147615
0.0145794
0.0143902
0.014195
0.0139945
0.0137899
0.0135811
0.0133716
0.0131513
0.0352427
0.0315791
0.029162
0.0275225
0.0263854
0.025578
0.024994
0.0245645
0.024227
0.0239503
0.0237297
0.0235503
0.0234
0.0232694
0.0231512
0.0230396
0.0229298
0.0228188
0.0227043
0.0225844
0.0224578
0.0223239
0.0221823
0.0220329
0.0218755
0.0217101
0.0215372
0.0213563
0.0211718
0.0209759
0.0414169
0.0388564
0.0367624
0.0350955
0.0337759
0.0327222
0.0318705
0.0311745
0.0305987
0.0301149
0.0296901
0.0293203
0.0290009
0.0287242
0.028483
0.0282708
0.028082
0.0279116
0.0277553
0.0276092
0.0274707
0.0273371
0.0272063
0.0270764
0.0269462
0.0268146
0.026681
0.026544
0.0264082
0.0262683
0.0417008
0.040607
0.0394786
0.0384085
0.0374375
0.0365738
0.0358118
0.0351415
0.0345519
0.0340321
0.0335712
0.0331565
0.0327781
0.0324359
0.0321282
0.0318523
0.0316052
0.0313837
0.031185
0.0310062
0.0308446
0.0306977
0.0305631
0.0304385
0.0303222
0.0302126
0.0301085
0.0300083
0.0299157
0.0298273
0.0391971
0.0389924
0.0386611
0.0382576
0.0378226
0.037382
0.0369504
0.0365361
0.0361432
0.0357734
0.0354272
0.035104
0.0348025
0.0345173
0.034248
0.0339964
0.0337639
0.0335509
0.033357
0.0331819
0.0330246
0.0328841
0.0327593
0.0326487
0.0325511
0.0324653
0.0323902
0.0323247
0.0322719
0.0322295
0.037346
0.0373426
0.0372845
0.037184
0.0370531
0.0369019
0.0367377
0.0365657
0.0363895
0.0362119
0.0360349
0.0358601
0.0356887
0.0355214
0.0353589
0.0351985
0.0350415
0.0348904
0.0347478
0.0346155
0.0344946
0.0343859
0.0342898
0.0342067
0.0341364
0.0340786
0.0340334
0.034
0.0339813
0.0339749
0.0386196
0.0384194
0.0382264
0.038044
0.0378738
0.0377163
0.0375708
0.0374356
0.0373091
0.0371895
0.0370752
0.0369648
0.0368575
0.0367526
0.0366499
0.036549
0.0364498
0.0363501
0.0362501
0.0361521
0.0360591
0.035973
0.0358952
0.0358268
0.0357689
0.0357222
0.0356874
0.0356647
0.0356562
0.03566
0.0438897
0.0434194
0.0429673
0.0425417
0.0421475
0.0417866
0.0414588
0.0411623
0.0408942
0.0406511
0.0404296
0.0402264
0.0400386
0.0398634
0.0396987
0.0395429
0.0393945
0.0392521
0.0391149
0.038982
0.0388502
0.0387217
0.0385989
0.0384847
0.0383802
0.0382866
0.0382049
0.0381358
0.0380808
0.0380396
0.0521107
0.0515079
0.0509045
0.050311
0.0497359
0.0491854
0.0486634
0.0481717
0.0477103
0.047278
0.0468728
0.0464924
0.046134
0.0457951
0.0454732
0.0451662
0.0448723
0.0445897
0.0443172
0.0440537
0.0437979
0.0435493
0.0433073
0.0430702
0.0428407
0.0426208
0.0424128
0.0422181
0.0420383
0.0418778
0.0612592
0.0606866
0.0600957
0.0594941
0.0588893
0.058288
0.0576955
0.0571161
0.0565523
0.0560057
0.0554767
0.054965
0.0544697
0.0539895
0.0535229
0.0530687
0.0526253
0.0521914
0.0517661
0.0513485
0.0509376
0.0505332
0.0501347
0.0497417
0.0493546
0.0489741
0.0486013
0.0482374
0.0478838
0.0475525
0.069766
0.0693009
0.0688124
0.0683042
0.0677804
0.0672455
0.0667034
0.0661578
0.0656118
0.0650676
0.0645267
0.06399
0.063458
0.0629306
0.0624074
0.0618877
0.0613709
0.0608562
0.0603428
0.0598302
0.0593178
0.0588052
0.0582923
0.0577788
0.0572649
0.0567508
0.0562372
0.055725
0.0552154
0.0547302
0.0769698
0.0766169
0.0762436
0.0758509
0.0754407
0.0750147
0.0745752
0.0741242
0.0736638
0.0731954
0.0727204
0.0722398
0.0717544
0.0712643
0.0707697
0.0702704
0.0697659
0.0692559
0.0687398
0.068217
0.0676869
0.0671491
0.0666033
0.066049
0.0654862
0.0649147
0.0643349
0.063747
0.0631526
0.0625817
0.0827966
0.0825334
0.0822546
0.0819604
0.0816513
0.0813277
0.0809904
0.0806404
0.0802784
0.0799055
0.0795223
0.0791292
0.0787263
0.078314
0.0778926
0.0774618
0.0770215
0.076571
0.0761098
0.0756374
0.0751531
0.0746562
0.0741461
0.0736221
0.0730837
0.0725305
0.0719619
0.0713779
0.0707802
0.0702035
0.0874014
0.0872035
0.0869944
0.0867738
0.0865417
0.0862981
0.0860431
0.085777
0.0854999
0.0852121
0.0849139
0.0846052
0.0842865
0.0839575
0.0836181
0.0832681
0.0829072
0.0825348
0.0821506
0.0817537
0.0813436
0.0809194
0.0804804
0.0800256
0.0795542
0.0790654
0.0785584
0.0780325
0.0774895
0.0769656
0.0909868
0.0908359
0.0906767
0.0905092
0.090333
0.0901481
0.0899542
0.0897514
0.0895396
0.0893188
0.0890889
0.0888498
0.0886016
0.0883439
0.0880768
0.0877998
0.0875126
0.0872147
0.0869056
0.0865847
0.0862514
0.0859048
0.0855442
0.0851686
0.0847772
0.0843688
0.0839426
0.0834976
0.0830357
0.0825923
0.0937403
0.0936237
0.093501
0.093372
0.0932366
0.0930944
0.0929453
0.0927892
0.092626
0.0924554
0.0922774
0.0920918
0.0918985
0.0916972
0.0914877
0.0912698
0.0910432
0.0908073
0.0905619
0.0903063
0.0900399
0.0897622
0.0894724
0.0891696
0.0888531
0.0885218
0.0881748
0.0878112
0.0874331
0.0870741
0.095821
0.0957302
0.0956349
0.0955347
0.0954296
0.0953192
0.0952035
0.0950823
0.0949553
0.0948225
0.0946836
0.0945385
0.094387
0.094229
0.0940642
0.0938923
0.0937131
0.0935263
0.0933315
0.0931282
0.092916
0.0926944
0.0924628
0.0922205
0.0919669
0.091701
0.0914221
0.0911296
0.0908257
0.0905417
0.0973623
0.0972915
0.0972171
0.097139
0.097057
0.0969709
0.0968806
0.0967858
0.0966865
0.0965825
0.0964735
0.0963594
0.0962402
0.0961154
0.095985
0.0958488
0.0957065
0.0955579
0.0954026
0.0952404
0.0950708
0.0948935
0.094708
0.0945137
0.0943103
0.0940969
0.0938731
0.0936382
0.093395
0.0931726
0.098477
0.0984216
0.0983635
0.0983024
0.0982383
0.0981709
0.0981002
0.0980259
0.097948
0.0978662
0.0977804
0.0976904
0.0975961
0.0974973
0.0973938
0.0972854
0.0971719
0.0970532
0.0969289
0.0967988
0.0966626
0.0965201
0.0963708
0.0962143
0.0960503
0.0958783
0.0956977
0.0955084
0.0953132
0.0951393
0.0992605
0.0992171
0.0991714
0.0991235
0.0990732
0.0990202
0.0989646
0.0989062
0.0988448
0.0987802
0.0987124
0.0986412
0.0985663
0.0984878
0.0984053
0.0983188
0.098228
0.0981328
0.0980329
0.0979282
0.0978184
0.0977032
0.0975824
0.0974557
0.0973227
0.0971831
0.0970365
0.0968829
0.0967252
0.0965891
0.0997936
0.0997592
0.099723
0.099685
0.0996451
0.0996031
0.099559
0.0995126
0.0994638
0.0994125
0.0993585
0.0993017
0.0992419
0.0991791
0.099113
0.0990435
0.0989705
0.0988937
0.098813
0.0987282
0.0986391
0.0985456
0.0984473
0.098344
0.0982355
0.0981214
0.0980016
0.0978761
0.0977477
0.0976409
0.100143
0.100115
0.100086
0.100055
0.100023
0.0999893
0.0999537
0.0999163
0.0998768
0.0998354
0.0997917
0.0997458
0.0996974
0.0996465
0.0995929
0.0995365
0.099477
0.0994145
0.0993486
0.0992794
0.0992065
0.0991297
0.099049
0.0989641
0.0988748
0.0987808
0.098682
0.0985784
0.0984731
0.0983891
0.100363
0.10034
0.100316
0.10029
0.100263
0.100235
0.100206
0.100175
0.100142
0.100108
0.100071
0.100033
0.0999933
0.0999512
0.0999068
0.09986
0.0998108
0.0997589
0.0997042
0.0996467
0.0995861
0.0995223
0.0994551
0.0993843
0.0993098
0.0992313
0.0991488
0.0990622
0.0989747
0.0989083
0.100496
0.100475
0.100454
0.100432
0.100409
0.100385
0.100359
0.100333
0.100305
0.100275
0.100244
0.100212
0.100177
0.100142
0.100104
0.100064
0.100022
0.0999777
0.0999312
0.0998822
0.0998307
0.0997764
0.0997192
0.099659
0.0995956
0.0995288
0.0994586
0.099385
0.0993112
0.0992582
0.100571
0.100553
0.100534
0.100514
0.100493
0.100471
0.100448
0.100425
0.100399
0.100373
0.100346
0.100317
0.100287
0.100255
0.100221
0.100186
0.100149
0.10011
0.100069
0.100027
0.0999814
0.0999338
0.0998838
0.0998312
0.0997759
0.0997177
0.0996564
0.0995924
0.0995286
0.0994855
0.100611
0.100594
0.100576
0.100558
0.100538
0.100518
0.100497
0.100475
0.100451
0.100427
0.100402
0.100375
0.100347
0.100318
0.100287
0.100255
0.100222
0.100186
0.100149
0.10011
0.100069
0.100026
0.0999813
0.099934
0.0998842
0.0998319
0.0997771
0.0997198
0.0996632
0.0996272
0.10063
0.100614
0.100597
0.100579
0.10056
0.100541
0.100521
0.100499
0.100477
0.100454
0.10043
0.100405
0.100378
0.100351
0.100322
0.100292
0.10026
0.100227
0.100192
0.100156
0.100117
0.100077
0.100035
0.0999915
0.0999454
0.0998971
0.0998465
0.0997939
0.0997421
0.099711
0.100638
0.100622
0.100605
0.100588
0.100569
0.10055
0.100531
0.10051
0.100488
0.100466
0.100442
0.100418
0.100392
0.100366
0.100338
0.100308
0.100278
0.100246
0.100212
0.100178
0.100141
0.100103
0.100063
0.100021
0.0999773
0.0999314
0.0998836
0.0998339
0.0997853
0.0997574
0.10064
0.100624
0.100607
0.10059
0.100572
0.100553
0.100533
0.100513
0.100492
0.100469
0.100446
0.100422
0.100397
0.10037
0.100343
0.100314
0.100284
0.100253
0.10022
0.100186
0.100151
0.100114
0.100075
0.100034
0.0999916
0.0999473
0.0999011
0.0998532
0.0998066
0.0997806
0.100638
0.100622
0.100606
0.100589
0.100571
0.100552
0.100532
0.100512
0.100491
0.100469
0.100445
0.100421
0.100396
0.10037
0.100343
0.100314
0.100285
0.100254
0.100222
0.100188
0.100153
0.100116
0.100078
0.100038
0.0999962
0.0999528
0.0999074
0.0998606
0.0998151
0.0997903
0.100636
0.10062
0.100603
0.100586
0.100568
0.100549
0.10053
0.100509
0.100488
0.100466
0.100443
0.100419
0.100394
0.100368
0.10034
0.100312
0.100282
0.100252
0.100219
0.100186
0.100151
0.100115
0.100077
0.100037
0.0999957
0.0999527
0.0999078
0.0998615
0.0998167
0.0997926
0.100632
0.100616
0.1006
0.100582
0.100564
0.100546
0.100526
0.100506
0.100484
0.100462
0.100439
0.100415
0.10039
0.100364
0.100337
0.100308
0.100279
0.100248
0.100216
0.100182
0.100147
0.100111
0.100073
0.100034
0.0999927
0.0999498
0.0999053
0.0998593
0.0998148
0.0997909
0.100629
0.100613
0.100596
0.100579
0.100561
0.100542
0.100522
0.100502
0.10048
0.100458
0.100435
0.100411
0.100386
0.10036
0.100332
0.100304
0.100274
0.100244
0.100212
0.100178
0.100143
0.100107
0.100069
0.10003
0.0999886
0.0999458
0.0999013
0.0998555
0.0998111
0.0997875
0.100625
0.100609
0.100592
0.100575
0.100557
0.100538
0.100518
0.100498
0.100476
0.100454
0.100431
0.100407
0.100382
0.100356
0.100328
0.1003
0.10027
0.100239
0.100207
0.100174
0.100139
0.100102
0.100065
0.100025
0.099984
0.0999413
0.0998969
0.0998511
0.0998068
0.0997832
0.100621
0.100605
0.100589
0.100571
0.100553
0.100534
0.100514
0.100494
0.100472
0.10045
0.100427
0.100403
0.100378
0.100351
0.100324
0.100295
0.100266
0.100235
0.100203
0.100169
0.100134
0.100098
0.10006
0.10002
0.0999794
0.0999367
0.0998923
0.0998465
0.0998022
0.0997787
0.100617
0.100601
0.100585
0.100567
0.100549
0.10053
0.10051
0.10049
0.100468
0.100446
0.100423
0.100399
0.100373
0.100347
0.10032
0.100291
0.100261
0.10023
0.100198
0.100165
0.10013
0.100093
0.100055
0.100016
0.0999748
0.099932
0.0998876
0.0998418
0.0997976
0.0997741
0.100614
0.100598
0.100581
0.100563
0.100545
0.100526
0.100506
0.100486
0.100464
0.100442
0.100419
0.100394
0.100369
0.100343
0.100315
0.100287
0.100257
0.100226
0.100194
0.10016
0.100125
0.100089
0.100051
0.100011
0.0999702
0.0999274
0.099883
0.0998372
0.0997929
0.0997694
0.10061
0.100594
0.100577
0.100559
0.100541
0.100522
0.100502
0.100482
0.10046
0.100438
0.100415
0.10039
0.100365
0.100339
0.100311
0.100282
0.100253
0.100222
0.100189
0.100156
0.100121
0.100084
0.100046
0.100007
0.0999656
0.0999228
0.0998783
0.0998325
0.0997883
0.0997648
0.100606
0.10059
0.100573
0.100555
0.100537
0.100518
0.100498
0.100478
0.100456
0.100434
0.10041
0.100386
0.100361
0.100334
0.100307
0.100278
0.100248
0.100217
0.100185
0.100151
0.100116
0.10008
0.100042
0.100002
0.0999609
0.0999181
0.0998737
0.0998278
0.0997836
0.0997601
0.100602
0.100586
0.100569
0.100551
0.100533
0.100514
0.100494
0.100473
0.100452
0.100429
0.100406
0.100382
0.100356
0.10033
0.100302
0.100274
0.100244
0.100213
0.10018
0.100147
0.100112
0.100075
0.100037
0.0999974
0.0999563
0.0999134
0.099869
0.0998231
0.0997789
0.0997554
0.100597
0.100581
0.100565
0.100547
0.100529
0.10051
0.10049
0.100469
0.100448
0.100425
0.100402
0.100377
0.100352
0.100325
0.100298
0.100269
0.100239
0.100208
0.100176
0.100142
0.100107
0.10007
0.100032
0.0999927
0.0999515
0.0999087
0.0998642
0.0998183
0.0997741
0.0997507
0.100593
0.100577
0.10056
0.100543
0.100524
0.100505
0.100486
0.100465
0.100443
0.100421
0.100397
0.100373
0.100347
0.100321
0.100293
0.100265
0.100235
0.100204
0.100171
0.100137
0.100102
0.100066
0.100028
0.0999879
0.0999467
0.0999039
0.0998594
0.0998135
0.0997693
0.0997458
0.100589
0.100573
0.100556
0.100538
0.10052
0.100501
0.100481
0.10046
0.100439
0.100416
0.100393
0.100368
0.100343
0.100316
0.100289
0.10026
0.10023
0.100199
0.100166
0.100133
0.100097
0.100061
0.100023
0.0999831
0.0999419
0.099899
0.0998544
0.0998086
0.0997643
0.0997408
0.100584
0.100568
0.100551
0.100534
0.100515
0.100496
0.100476
0.100456
0.100434
0.100412
0.100388
0.100364
0.100338
0.100312
0.100284
0.100255
0.100225
0.100194
0.100162
0.100128
0.100093
0.100056
0.100018
0.0999781
0.0999369
0.099894
0.0998494
0.0998035
0.0997593
0.0997358
0.10058
0.100564
0.100547
0.100529
0.100511
0.100492
0.100472
0.100451
0.100429
0.100407
0.100383
0.100359
0.100333
0.100307
0.100279
0.10025
0.10022
0.100189
0.100157
0.100123
0.100088
0.100051
0.100013
0.0999731
0.0999318
0.0998889
0.0998443
0.0997984
0.0997541
0.0997306
0.100575
0.100559
0.100542
0.100524
0.100506
0.100487
0.100467
0.100446
0.100425
0.100402
0.100379
0.100354
0.100329
0.100302
0.100274
0.100246
0.100215
0.100184
0.100152
0.100118
0.100083
0.100046
0.100008
0.0999679
0.0999266
0.0998837
0.0998391
0.0997931
0.0997488
0.0997253
0.10057
0.100554
0.100537
0.10052
0.100501
0.100482
0.100462
0.100441
0.10042
0.100397
0.100374
0.100349
0.100324
0.100297
0.100269
0.10024
0.10021
0.100179
0.100147
0.100113
0.100077
0.100041
0.100002
0.0999627
0.0999213
0.0998784
0.0998337
0.0997877
0.0997434
0.0997199
0.100565
0.100549
0.100532
0.100515
0.100496
0.100477
0.100457
0.100436
0.100415
0.100392
0.100369
0.100344
0.100319
0.100292
0.100264
0.100235
0.100205
0.100174
0.100141
0.100107
0.100072
0.100035
0.0999971
0.0999573
0.0999159
0.0998729
0.0998283
0.0997822
0.0997379
0.0997144
0.10056
0.100544
0.100527
0.10051
0.100491
0.100472
0.100452
0.100431
0.10041
0.100387
0.100363
0.100339
0.100313
0.100287
0.100259
0.10023
0.1002
0.100169
0.100136
0.100102
0.100067
0.10003
0.0999916
0.0999518
0.0999104
0.0998674
0.0998227
0.0997766
0.0997322
0.0997087
0.100555
0.100539
0.100522
0.100504
0.100486
0.100467
0.100447
0.100426
0.100404
0.100382
0.100358
0.100334
0.100308
0.100281
0.100254
0.100225
0.100195
0.100163
0.100131
0.100097
0.100061
0.100024
0.0999861
0.0999462
0.0999048
0.0998617
0.099817
0.0997709
0.0997265
0.099703
0.10055
0.100534
0.100517
0.100499
0.100481
0.100462
0.100442
0.100421
0.100399
0.100376
0.100353
0.100328
0.100303
0.100276
0.100248
0.100219
0.100189
0.100158
0.100125
0.100091
0.100056
0.100019
0.0999804
0.0999405
0.099899
0.0998559
0.0998111
0.099765
0.0997206
0.0996971
0.100545
0.100528
0.100511
0.100494
0.100475
0.100456
0.100436
0.100415
0.100394
0.100371
0.100347
0.100323
0.100297
0.10027
0.100243
0.100214
0.100183
0.100152
0.100119
0.100085
0.10005
0.100013
0.0999746
0.0999347
0.0998932
0.09985
0.0998052
0.099759
0.0997146
0.099691
0.100539
0.100523
0.100506
0.100488
0.10047
0.100451
0.100431
0.10041
0.100388
0.100365
0.100342
0.100317
0.100291
0.100265
0.100237
0.100208
0.100178
0.100146
0.100114
0.100079
0.100044
0.100007
0.0999687
0.0999287
0.0998872
0.099844
0.0997991
0.099753
0.0997084
0.0996849
0.100534
0.100517
0.1005
0.100483
0.100464
0.100445
0.100425
0.100404
0.100382
0.10036
0.100336
0.100311
0.100286
0.100259
0.100231
0.100202
0.100172
0.10014
0.100108
0.100074
0.100038
0.100001
0.0999627
0.0999227
0.0998811
0.0998379
0.099793
0.0997468
0.0997022
0.0996786
0.100528
0.100512
0.100495
0.100477
0.100458
0.100439
0.100419
0.100398
0.100377
0.100354
0.10033
0.100306
0.10028
0.100253
0.100225
0.100196
0.100166
0.100135
0.100102
0.100068
0.100032
0.0999951
0.0999566
0.0999165
0.0998749
0.0998317
0.0997868
0.0997405
0.099696
0.0996724
0.100522
0.100506
0.100489
0.100471
0.100453
0.100433
0.100413
0.100392
0.100371
0.100348
0.100324
0.1003
0.100274
0.100247
0.100219
0.10019
0.10016
0.100128
0.100096
0.100061
0.100026
0.0999889
0.0999504
0.0999103
0.0998687
0.0998254
0.0997804
0.0997342
0.0996897
0.0996662
0.100516
0.1005
0.100483
0.100465
0.100447
0.100427
0.100407
0.100386
0.100365
0.100342
0.100318
0.100294
0.100268
0.100241
0.100213
0.100184
0.100154
0.100122
0.100089
0.100055
0.10002
0.0999826
0.0999441
0.099904
0.0998623
0.099819
0.099774
0.0997278
0.0996834
0.09966
0.10051
0.100493
0.100477
0.100459
0.10044
0.100421
0.100401
0.10038
0.100358
0.100336
0.100312
0.100287
0.100262
0.100235
0.100207
0.100178
0.100147
0.100116
0.100083
0.100049
0.100013
0.0999762
0.0999376
0.0998975
0.0998558
0.0998125
0.0997676
0.0997215
0.0996772
0.0996541
0.100503
0.100487
0.10047
0.100452
0.100434
0.100415
0.100395
0.100374
0.100352
0.100329
0.100305
0.100281
0.100255
0.100228
0.1002
0.100171
0.100141
0.100109
0.100077
0.100042
0.100007
0.0999697
0.0999311
0.099891
0.0998493
0.099806
0.0997612
0.0997152
0.0996712
0.0996479
)
;

boundaryField
{
    inlet
    {
        type            calculated;
        value           nonuniform List<scalar> 
60
(
0.104276
0.104275
0.104274
0.104273
0.104272
0.10427
0.104269
0.104268
0.104267
0.104265
0.104264
0.104263
0.104261
0.10426
0.104258
0.104257
0.104255
0.104253
0.104252
0.10425
0.104248
0.104246
0.104244
0.104242
0.10424
0.104238
0.104236
0.104233
0.104231
0.104228
0.104226
0.104223
0.104221
0.104218
0.104215
0.104212
0.104209
0.104206
0.104202
0.104199
0.104195
0.104192
0.104188
0.104184
0.10418
0.104176
0.104172
0.104167
0.104163
0.104158
0.104153
0.104148
0.104143
0.104138
0.104132
0.104127
0.104121
0.104115
0.104108
0.104102
)
;
    }
    outlet
    {
        type            calculated;
        value           nonuniform List<scalar> 
60
(
0.00268903
0.0131514
0.0209759
0.0262683
0.0298273
0.0322295
0.033975
0.0356601
0.0380396
0.0418778
0.0475525
0.0547303
0.0625817
0.0702036
0.0769656
0.0825923
0.0870741
0.0905417
0.0931726
0.0951393
0.0965891
0.0976409
0.0983891
0.0989084
0.0992582
0.0994855
0.0996272
0.099711
0.0997574
0.0997806
0.0997903
0.0997926
0.0997909
0.0997875
0.0997832
0.0997787
0.0997741
0.0997694
0.0997648
0.0997601
0.0997554
0.0997507
0.0997458
0.0997408
0.0997358
0.0997306
0.0997253
0.0997199
0.0997144
0.0997087
0.099703
0.0996971
0.099691
0.0996849
0.0996786
0.0996724
0.0996662
0.09966
0.0996541
0.0996479
)
;
    }
    top
    {
        type            symmetryPlane;
    }
    ground
    {
        type            alphatWallFunction;
        Prt             0.85;
        value           nonuniform List<scalar> 
40
(
2.89026e-05
3.99433e-05
4.87792e-05
5.57828e-05
6.12769e-05
6.54775e-05
6.85329e-05
7.05671e-05
7.1704e-05
7.20877e-05
7.19072e-05
7.14376e-05
7.13186e-05
7.20452e-05
7.40921e-05
7.78461e-05
8.31462e-05
8.90102e-05
9.40553e-05
9.79945e-05
0.000103499
0.00011365
0.000124849
0.000132438
0.000135848
0.000135432
0.000131943
0.000126324
0.000119432
0.000112597
0.000105864
9.9181e-05
9.2537e-05
8.59127e-05
7.92863e-05
7.26503e-05
6.6035e-05
5.94608e-05
5.23478e-05
4.23018e-05
)
;
    }
    air_to_brick
    {
        type            alphatWallFunction;
        Prt             0.85;
        value           nonuniform List<scalar> 
40
(
3.4919e-05
4.6866e-05
5.653e-05
6.43386e-05
7.07153e-05
7.59849e-05
8.03883e-05
8.41368e-05
8.74388e-05
9.05145e-05
9.36016e-05
9.69639e-05
0.000100887
0.00010573
0.00011182
0.000120444
0.000131891
0.000141014
0.000133431
0.000167295
0.000195202
0.000218013
0.000237378
0.000255152
0.000272347
0.000289613
0.000307382
0.000325871
0.00034547
0.000366497
0.000388716
0.000412227
0.000437141
0.000463613
0.000491889
0.000522383
0.000555971
0.000595435
0.000654318
0.00072886
)
;
    }
    sides
    {
        type            empty;
    }
    walls
    {
        type            alphatWallFunction;
        Prt             0.85;
        value           nonuniform List<scalar> 
100
(
2.89024e-05
4.24798e-05
5.23849e-05
6.06187e-05
6.80048e-05
7.49192e-05
8.16e-05
8.82094e-05
9.48673e-05
0.00010167
0.000108706
0.000116107
0.000124241
0.000132389
0.00014024
0.000147288
0.000153038
0.000154
0.000152367
0.00014743
0.000140519
0.000133148
0.000125747
0.000119143
0.000112965
0.000107152
0.000101725
9.67271e-05
9.22132e-05
8.82517e-05
8.49221e-05
8.23132e-05
8.05205e-05
7.99366e-05
8.1281e-05
8.36319e-05
8.62957e-05
8.92142e-05
9.51057e-05
0.00014678
0.000450685
0.00044347
0.000437071
0.000431338
0.000426168
0.000421485
0.000417226
0.000413342
0.000409789
0.000406533
0.000403541
0.000400787
0.000398247
0.000395899
0.000393726
0.000391711
0.000389839
0.000388098
0.000386475
0.000384961
0.000383545
0.00038222
0.000380978
0.000379812
0.000378715
0.000377682
0.000376705
0.00037578
0.000374894
0.000373977
0.000846039
0.000777702
0.000715811
0.000662349
0.000617368
0.000580189
0.000550179
0.000526341
0.000507188
0.000491543
0.00047851
0.000467428
0.000457807
0.000449295
0.000441636
0.000434636
0.000428152
0.00042208
0.000416344
0.000410887
0.000405668
0.000400655
0.000395827
0.000391168
0.000386665
0.000382305
0.000378078
0.000373969
0.000369972
0.000366001
)
;
    }
}


// ************************************************************************* //
