/*--------------------------------*- C++ -*----------------------------------*\
| =========                 |                                                 |
| \\      /  F ield         | OpenFOAM: The Open Source CFD Toolbox           |
|  \\    /   O peration     | Version:  2.2.0                                 |
|   \\  /    A nd           | Web:      www.OpenFOAM.org                      |
|    \\/     M anipulation  |                                                 |
\*---------------------------------------------------------------------------*/
FoamFile
{
    version     2.0;
    format      ascii;
    class       volScalarField;
    location    "1000";
    object      epsilon;
}
// * * * * * * * * * * * * * * * * * * * * * * * * * * * * * * * * * * * * * //

dimensions      [0 2 -3 0 0 0 0];

internalField   nonuniform List<scalar> 
7600
(
0.000112528
0.0002313
0.000375624
0.000528301
0.000675479
0.000806051
0.000911625
0.000987137
0.00103124
0.00104647
0.00103935
0.00102089
0.00101608
0.00104442
0.00112758
0.00129239
0.00155351
0.00188425
0.00220723
0.0024859
0.00291313
0.00382927
0.0050571
0.00603288
0.00651103
0.00644953
0.00596081
0.0052306
0.00442452
0.00371654
0.00310105
0.00256512
0.00210073
0.00170032
0.00135709
0.00106572
0.000822434
0.000622567
0.000448027
0.000264788
0.000267619
0.000278836
0.000313114
0.000346961
0.000378403
0.000405262
0.000425828
0.000439165
0.000445237
0.000444966
0.000440319
0.00043473
0.000436857
0.000455337
0.000501027
0.000589378
0.000734707
0.000935432
0.00115797
0.00135302
0.00155022
0.00191028
0.00239112
0.00275227
0.00290303
0.00284392
0.00263323
0.00234887
0.00205311
0.00180089
0.00158418
0.00139371
0.00122293
0.00106692
0.000922222
0.00078723
0.000663481
0.000557328
0.000475618
0.000530163
0.00044932
0.000401553
0.000408712
0.000414549
0.000416381
0.000413978
0.000407678
0.000398114
0.000386273
0.000373554
0.000361883
0.000354151
0.000356428
0.000375862
0.000422289
0.000509285
0.000650066
0.000844317
0.00106051
0.00124575
0.00142138
0.001713
0.00209275
0.00237407
0.00247492
0.00239648
0.00219325
0.00193812
0.00168873
0.00148036
0.00131116
0.00117149
0.00105223
0.000946076
0.000847942
0.00075573
0.000671984
0.000606385
0.000584552
0.000852146
0.000655972
0.000523649
0.000506703
0.000495384
0.000480836
0.000462202
0.000440411
0.000416883
0.000393315
0.000371687
0.000354405
0.000344818
0.000349004
0.000374137
0.00043041
0.000531157
0.000688231
0.000897911
0.00112321
0.00131251
0.0015002
0.00179327
0.00214328
0.0024086
0.00249039
0.00238764
0.00215693
0.00187649
0.00161048
0.001393
0.00122408
0.00109229
0.000986285
0.000896933
0.000818115
0.000747576
0.00068878
0.000655376
0.000695684
0.00119818
0.00089194
0.000645716
0.000599211
0.000571611
0.000544461
0.000514591
0.000482429
0.000449544
0.00041805
0.000390489
0.000369961
0.000360785
0.000369942
0.000405436
0.00047852
0.000602693
0.000787385
0.00102176
0.00125994
0.00145651
0.00167553
0.00198946
0.00232543
0.00257957
0.00265332
0.00252842
0.00226241
0.00193892
0.00163269
0.00138468
0.00119792
0.00105822
0.000951524
0.000866852
0.000797186
0.000740341
0.000701152
0.000698832
0.000806339
0.00154662
0.00116223
0.000771268
0.000688729
0.000643121
0.000603967
0.000564855
0.000525058
0.000485824
0.000449408
0.000418825
0.000398007
0.000392723
0.000411094
0.000462706
0.000560243
0.000716913
0.000937426
0.0011994
0.00144347
0.00165675
0.00191633
0.00225267
0.00257416
0.0028033
0.00287326
0.00273819
0.00244398
0.00207395
0.00171388
0.00141944
0.00120226
0.00104475
0.000929348
0.00084275
0.000776895
0.000729753
0.000708044
0.000737736
0.000916989
0.00188439
0.00147408
0.000904939
0.000779862
0.000713972
0.000662316
0.000614565
0.000568491
0.0005248
0.000485762
0.00045487
0.000437077
0.000440056
0.000473271
0.000548195
0.000678914
0.000876575
0.0011371
0.00141643
0.00166309
0.00190226
0.00220177
0.00254927
0.00284572
0.00303811
0.0030954
0.0029735
0.00267639
0.00227238
0.00185152
0.00149287
0.00123121
0.00104609
0.000915109
0.000821702
0.000756216
0.000716653
0.000711952
0.000775461
0.00103012
0.00220425
0.00183674
0.00105151
0.000877515
0.000789209
0.000724384
0.000668133
0.000616514
0.000569634
0.000529831
0.000501245
0.000490204
0.000506874
0.000561851
0.000668503
0.000841438
0.00108564
0.0013762
0.0016574
0.00191148
0.00217812
0.00250546
0.00284267
0.00309944
0.00325212
0.0032912
0.00319974
0.00294567
0.00254558
0.00207079
0.00162531
0.00129565
0.00106777
0.000911962
0.000806183
0.000737886
0.000704522
0.000717198
0.000816868
0.00115046
0.00250539
0.00226172
0.00121624
0.00098694
0.000874401
0.000795943
0.000731364
0.000674829
0.000625891
0.000587147
0.000563747
0.000563977
0.000600871
0.000685524
0.000832294
0.00105419
0.00133395
0.00163276
0.00191229
0.00217382
0.00245902
0.00279006
0.00309053
0.00329732
0.00341937
0.00345918
0.0034044
0.00323346
0.00290909
0.0024254
0.00187846
0.0014312
0.00113045
0.000932511
0.000804767
0.000728725
0.000699653
0.000730142
0.000868723
0.00128551
0.00279386
0.00276336
0.00140538
0.00111417
0.00097588
0.000883668
0.000811227
0.000750664
0.000701079
0.000665645
0.000651136
0.000668834
0.000732541
0.000854524
0.00104644
0.00130166
0.00159596
0.00189102
0.00216274
0.00242351
0.00270612
0.00300805
0.00325002
0.00341045
0.00352615
0.00360016
0.00361407
0.00354004
0.00334014
0.00296636
0.00235684
0.0017192
0.00128322
0.00100597
0.000835934
0.000741716
0.000712379
0.000760079
0.000940512
0.00144621
0.00308301
0.00336015
0.00162706
0.00126663
0.00110119
0.00099546
0.000916075
0.000852902
0.000804728
0.000775692
0.000774912
0.00081812
0.000912447
0.00106862
0.00128905
0.00155926
0.00184933
0.00212678
0.00237899
0.00262041
0.00286963
0.00311078
0.00328973
0.0034272
0.00357127
0.0037149
0.00383231
0.00388925
0.00384086
0.00362482
0.00316359
0.00238391
0.00164806
0.0011988
0.000938393
0.000801548
0.000760349
0.000821494
0.0010462
0.00164827
0.00339385
0.00408045
0.00189335
0.00145394
0.00125958
0.00114081
0.0010559
0.000992203
0.000948359
0.000929739
0.000947141
0.0010129
0.00113021
0.00130647
0.00153606
0.00179843
0.00206358
0.00230634
0.00252043
0.00271613
0.00290147
0.00306678
0.00320349
0.00335469
0.00355747
0.00379293
0.00403435
0.00424933
0.00439345
0.00439784
0.00416089
0.00355668
0.00251994
0.00167182
0.00120123
0.000960694
0.000877688
0.000939688
0.0012078
0.00191416
0.0037568
0.00499103
0.00222726
0.0016899
0.00146267
0.00133102
0.00124215
0.00117992
0.00114222
0.00113472
0.00116783
0.00124116
0.00136501
0.00153996
0.00175401
0.00198388
0.00220253
0.00239086
0.00254491
0.00267121
0.00277884
0.00288205
0.00301414
0.00320875
0.00348104
0.00380904
0.00417263
0.00454846
0.00490264
0.00517624
0.00526597
0.00501026
0.00422387
0.00286221
0.00186964
0.00135319
0.00114361
0.00116765
0.00146628
0.00228044
0.00421378
0.00603873
0.00261864
0.00197526
0.00171524
0.00157219
0.0014806
0.00141999
0.0013865
0.00138408
0.00141049
0.00147508
0.00158429
0.00173339
0.00190661
0.00208087
0.00223343
0.00235022
0.00242971
0.00248095
0.00252517
0.00260167
0.00275878
0.00300268
0.00333408
0.00373719
0.00420059
0.00471181
0.00525271
0.00578784
0.00624363
0.0064784
0.00626358
0.00532846
0.00359365
0.00239235
0.00178421
0.00164139
0.00191103
0.00281183
0.00483018
0.00718681
0.00305917
0.00230712
0.00201548
0.0018618
0.00176647
0.00170301
0.00166364
0.00164052
0.00164299
0.00168015
0.00175328
0.00185405
0.00196578
0.00206808
0.00214361
0.00218413
0.00219352
0.0021885
0.00220214
0.00228282
0.00246933
0.00274766
0.00311656
0.00356924
0.00409959
0.00470256
0.00537319
0.00610032
0.00685604
0.007566
0.00806879
0.00807197
0.00716481
0.00508659
0.00350868
0.00279273
0.00281399
0.00368891
0.00569202
0.00834232
0.00352157
0.00266528
0.0023433
0.00217655
0.00207068
0.00198819
0.00191632
0.00186152
0.00183002
0.00182568
0.00184688
0.00188481
0.00192493
0.00195173
0.00195442
0.00193158
0.00189333
0.00186186
0.00187183
0.00196497
0.00216568
0.0024568
0.00283877
0.00331674
0.00388387
0.00453698
0.0052778
0.00610264
0.00701894
0.00802258
0.00907161
0.0100371
0.0106109
0.0102166
0.00812886
0.00593649
0.00498222
0.00536827
0.00709027
0.00937773
0.00395693
0.00300012
0.0026356
0.00243735
0.00230005
0.00219083
0.00209723
0.00201592
0.00194822
0.00189636
0.00185965
0.00183224
0.00180432
0.00176636
0.00171397
0.00165106
0.00159063
0.0015537
0.00156752
0.00166226
0.00185515
0.00214041
0.00252541
0.00301478
0.00359811
0.00426579
0.00504118
0.00590282
0.00685649
0.00792811
0.00914395
0.0105307
0.0120642
0.0135597
0.0144507
0.0134443
0.0106185
0.00899102
0.00930132
0.00956156
0.00404482
0.00307399
0.0027123
0.00252237
0.00239532
0.00229067
0.00219129
0.00209137
0.00199154
0.00189537
0.00180569
0.00172185
0.00163986
0.00155569
0.00146917
0.00138591
0.00131685
0.00127622
0.0012799
0.00134721
0.00149703
0.00173938
0.00208905
0.00256108
0.00315884
0.00387907
0.0047113
0.00562969
0.0066046
0.00766178
0.00880402
0.0100814
0.0115778
0.0134006
0.0156317
0.0181326
0.0198794
0.0179753
0.0113915
0.00925804
0.00387345
0.00294724
0.00261896
0.00245813
0.00235528
0.00226813
0.00217706
0.00207374
0.00195739
0.00183248
0.00170566
0.00158219
0.00146412
0.00135175
0.00124664
0.00115292
0.00107636
0.00102247
0.000996132
0.0010083
0.00108557
0.00125893
0.00154692
0.00197089
0.00254789
0.00328881
0.00419073
0.0052316
0.00636974
0.00755048
0.00872181
0.00986147
0.0109709
0.0120731
0.0132271
0.0144749
0.0157321
0.0163492
0.00963376
0.00837491
0.0035086
0.0026701
0.00238124
0.00225029
0.00217523
0.0021145
0.00204647
0.00195952
0.0018496
0.00171961
0.00157779
0.00143425
0.00129683
0.00116993
0.00105557
0.000955216
0.000868978
0.000794367
0.0007268
0.000669046
0.000654693
0.000738995
0.000929838
0.00124724
0.00172992
0.00242283
0.00336268
0.00455914
0.00597623
0.00752623
0.00908636
0.0105355
0.0117884
0.0128118
0.0136282
0.0143187
0.0150378
0.016064
0.0191959
0.00724013
0.00307337
0.00234403
0.00209521
0.00198922
0.00193681
0.00190025
0.00185816
0.00179679
0.00170852
0.00159251
0.00145512
0.0013081
0.00116378
0.00103119
0.000912938
0.000809225
0.000716449
0.000627328
0.000531847
0.000426793
0.000345814
0.000355169
0.000441293
0.000609983
0.000909966
0.00142231
0.0022526
0.00349958
0.00519761
0.00726601
0.00950401
0.0116606
0.0135262
0.0149756
0.0159957
0.0167211
0.0175734
0.0198464
0.0309932
0.0061541
0.00267566
0.00205416
0.00184183
0.00175508
0.00171838
0.00169923
0.00167812
0.001641
0.0015779
0.00148411
0.00136195
0.00122093
0.00107397
0.000947068
0.000823074
0.00071779
0.000623384
0.000530939
0.000429768
0.00031651
0.00022459
0.000213226
0.000246177
0.000316521
0.000453366
0.000728675
0.00128804
0.0023545
0.00413413
0.00666705
0.00971065
0.0128376
0.0156617
0.0179137
0.019496
0.0205208
0.0215256
0.02458
0.0438335
0.00518437
0.00233174
0.00181154
0.00163309
0.00156263
0.00153756
0.00153074
0.00152536
0.00150828
0.0014687
0.00139913
0.00129746
0.00116845
0.00102586
0.00089705
0.000773365
0.000666755
0.000572239
0.000481396
0.000385763
0.000289086
0.000221587
0.00020407
0.000219027
0.000258916
0.000333551
0.00047863
0.000800323
0.00155802
0.00313199
0.00585155
0.00958711
0.0137285
0.0176905
0.0210177
0.0235018
0.0251848
0.0266257
0.0304177
0.0573432
0.00441462
0.00206341
0.00162143
0.00146937
0.0014111
0.00139388
0.00139494
0.00140005
0.00139753
0.00137685
0.00132924
0.00124971
0.00113964
0.00100958
0.000881221
0.000757992
0.000649235
0.000553439
0.000464379
0.00037666
0.000298638
0.000250234
0.000233895
0.00024337
0.00027618
0.000338556
0.000453112
0.000685244
0.00121381
0.0024526
0.0050341
0.00921438
0.0142584
0.0194218
0.0240153
0.0277053
0.030425
0.0326978
0.0375
0.0721015
0.00377124
0.00184119
0.00146839
0.00133969
0.00129178
0.00128042
0.00128667
0.00129869
0.0013066
0.00130087
0.00127264
0.00121523
0.00112689
0.00101384
0.000892055
0.000770794
0.000659802
0.000561154
0.000471865
0.000389479
0.000323562
0.000285237
0.000271862
0.000281435
0.000314132
0.000375965
0.00048504
0.000692104
0.00114189
0.00220744
0.00456114
0.00872832
0.0144358
0.0207787
0.0267643
0.0319465
0.036107
0.0396887
0.0459733
0.0887417
0.00322918
0.00165189
0.00134113
0.00123397
0.00119556
0.00118919
0.00119929
0.00121623
0.0012319
0.00123817
0.00122678
0.0011904
0.0011249
0.0010323
0.000922898
0.000806988
0.000695122
0.000592759
0.00050072
0.000419566
0.000359166
0.000325482
0.000314428
0.000326062
0.000361833
0.000428251
0.000542183
0.000748137
0.00117202
0.00215245
0.00436887
0.00851402
0.0145601
0.0217495
0.0291958
0.0361429
0.0421762
0.0476276
0.0560198
0.107994
0.00277503
0.00148791
0.00123174
0.00114428
0.00111481
0.00111312
0.00112656
0.00114752
0.00116956
0.00118601
0.00118959
0.00117302
0.00113062
0.00106084
0.000968713
0.000862546
0.000752619
0.000646973
0.000550312
0.000466587
0.000406654
0.000374132
0.000364665
0.000378611
0.00041892
0.000493329
0.000619797
0.000842248
0.0012788
0.00224331
0.00439083
0.00849578
0.0147661
0.0226706
0.0314109
0.0402388
0.0486003
0.0565761
0.0680975
0.130692
0.00239846
0.0013443
0.00113461
0.0010647
0.00104359
0.00104655
0.00106345
0.00108839
0.00111644
0.00114233
0.00115993
0.00116235
0.00114302
0.00109762
0.00102651
0.000934487
0.000830149
0.00072288
0.00062086
0.00053181
0.000468806
0.000435181
0.000427221
0.000443252
0.000489863
0.000577063
0.000726723
0.000988504
0.00148463
0.0025165
0.00469121
0.00877293
0.0151557
0.0236267
0.0336184
0.0444356
0.0554136
0.0665522
0.0820886
0.157663
0.00209077
0.00121758
0.0010458
0.000990983
0.000977652
0.000985473
0.00100641
0.001036
0.00107063
0.00110628
0.00113789
0.00115917
0.00116306
0.00114309
0.00109568
0.00102155
0.000926536
0.000820093
0.000713193
0.000617599
0.000549939
0.000514835
0.00050849
0.000529473
0.000588225
0.00069954
0.000894489
0.00123806
0.00187074
0.00309029
0.00542876
0.0095582
0.0159886
0.0248671
0.0359982
0.0488876
0.0628598
0.0778331
0.0984705
0.190284
0.00184467
0.00110537
0.00096283
0.000920518
0.000914451
0.000927647
0.000953695
0.000989314
0.00103196
0.00107868
0.00112539
0.00116633
0.00119415
0.00120072
0.00117906
0.00112589
0.00104373
0.000941234
0.000831592
0.000730996
0.000660968
0.000628654
0.000631131
0.000668403
0.000754231
0.000918495
0.0012123
0.00173117
0.00264515
0.00423483
0.00691112
0.0111963
0.0176587
0.026804
0.0389191
0.0538832
0.0711549
0.0906787
0.117891
0.23026
0.00165425
0.00100606
0.00088444
0.000852255
0.000853264
0.000872816
0.000905698
0.000949556
0.00100273
0.00106314
0.00112747
0.00119043
0.00124438
0.00127973
0.00128663
0.00125806
0.00119333
0.00110004
0.000993622
0.000895822
0.000834819
0.000821559
0.000856516
0.000946307
0.0011032
0.00140165
0.00193435
0.00283942
0.00429273
0.0064905
0.0096702
0.0142027
0.020695
0.0299817
0.0428988
0.0598773
0.0806961
0.105457
0.140593
0.278543
0.00151506
0.000918558
0.000810596
0.000786898
0.000795543
0.000823291
0.000865797
0.000921492
0.000989492
0.00106849
0.00115581
0.00124655
0.00133285
0.00140369
0.0014466
0.00145136
0.00141459
0.00134349
0.00125718
0.0011868
0.00117166
0.00122974
0.0013725
0.00162198
0.00201317
0.00267123
0.00378134
0.00546332
0.0077836
0.0107659
0.0144913
0.0192543
0.025721
0.0350147
0.0485409
0.0674406
0.0920318
0.122744
0.16724
0.336932
0.00142431
0.000842208
0.000742856
0.000727553
0.000745834
0.00078526
0.000842309
0.000916372
0.00100752
0.00111541
0.00123828
0.00137203
0.00150895
0.00163653
0.00173974
0.00180558
0.00182914
0.00181983
0.00180639
0.00184364
0.00199759
0.00230227
0.00279787
0.00353856
0.00460069
0.00616316
0.00840328
0.0112381
0.0145325
0.0181869
0.0222509
0.0270465
0.0333277
0.0424661
0.0564208
0.0771684
0.105803
0.143289
0.198713
0.407645
0.00139534
0.000780895
0.000686354
0.000681383
0.000713814
0.000771906
0.000853649
0.000960505
0.00109462
0.00125799
0.00145156
0.00167472
0.00192206
0.00217915
0.00242795
0.00265312
0.0028512
0.00304297
0.00328875
0.00371508
0.00444995
0.00553001
0.00700946
0.00893054
0.0113489
0.0144606
0.0180465
0.0218506
0.0256943
0.0295273
0.0334847
0.037972
0.0438366
0.052658
0.0669188
0.089534
0.122634
0.167966
0.236146
0.493539
0.00146179
0.000744946
0.000652919
0.00066378
0.000720548
0.00081433
0.000947561
0.00112886
0.00136777
0.00167608
0.00206636
0.00255537
0.0031506
0.00382993
0.00456671
0.00533779
0.00614256
0.00703142
0.00814127
0.00974307
0.0119701
0.0146793
0.0178211
0.021348
0.025307
0.0296262
0.033793
0.037681
0.0412536
0.0445916
0.0479366
0.0517734
0.0570263
0.0654465
0.0800136
0.104688
0.142968
0.1977
0.280989
0.598501
0.00158362
0.000739823
0.000663026
0.000712498
0.00082973
0.001016
0.00129686
0.00172503
0.00234712
0.0032276
0.00443281
0.00606211
0.00815431
0.0105614
0.0131391
0.0157451
0.0182996
0.0208452
0.0235862
0.0268869
0.0307002
0.034651
0.0386951
0.0428603
0.0472408
0.0511084
0.0544694
0.057351
0.059836
0.0620967
0.064443
0.0674109
0.0719801
0.0800449
0.0950662
0.12219
0.166772
0.233288
0.335171
0.728231
0.00173025
0.000790538
0.000789961
0.000981131
0.00134184
0.00195326
0.00297669
0.00474404
0.00762925
0.0118648
0.0174568
0.0244624
0.0324086
0.0399584
0.0465087
0.0516752
0.0554135
0.0580047
0.0599803
0.0619654
0.06416
0.0664448
0.0689099
0.0716318
0.0739821
0.0758197
0.0772378
0.0783166
0.0791761
0.0800192
0.0811811
0.0832215
0.0871557
0.0949944
0.110659
0.140654
0.192999
0.274909
0.401356
0.892618
0.00190173
0.00106214
0.00150457
0.00265442
0.00499089
0.00947499
0.0171982
0.028919
0.0465081
0.0671314
0.0876699
0.106156
0.120586
0.129729
0.133712
0.133359
0.129823
0.124375
0.118269
0.112527
0.108061
0.105085
0.10337
0.102184
0.101008
0.0998725
0.0987612
0.0976898
0.0967421
0.0961023
0.0960962
0.0972807
0.100678
0.108357
0.124587
0.157248
0.218141
0.320158
0.4838
1.11704
0.00228392
0.00323724
0.0086827
0.0241834
0.0568166
0.104357
0.157728
0.208088
0.25226
0.285826
0.305699
0.311625
0.30572
0.291324
0.271958
0.249977
0.227144
0.204877
0.184343
0.166318
0.152187
0.142092
0.134659
0.12864
0.123688
0.119516
0.11593
0.112836
0.110253
0.108322
0.107338
0.107827
0.110764
0.118142
0.134226
0.167871
0.235278
0.363235
0.605573
1.52126
0.00827199
0.0395485
0.126176
0.304458
0.549939
0.691948
0.754191
0.759246
0.726995
0.674549
0.614328
0.553828
0.49642
0.443242
0.393787
0.348073
0.306229
0.268544
0.235393
0.206912
0.18468
0.168518
0.156068
0.146276
0.138387
0.13188
0.126419
0.121828
0.118069
0.115244
0.113605
0.113625
0.116174
0.123005
0.13803
0.170013
0.238879
0.395097
0.785685
2.16727
0.289387
0.274594
0.261924
0.250925
0.241289
0.232787
0.225239
0.218506
0.212474
0.207047
0.202148
0.19771
0.193678
0.190004
0.186646
0.18357
0.180744
0.178143
0.175743
0.173524
0.171468
0.169558
0.167782
0.166126
0.164579
0.163131
0.161771
0.160489
0.159269
0.158012
0.0340916
0.045884
0.0517473
0.0546211
0.0558185
0.0560419
0.0556952
0.0550205
0.0541662
0.0532245
0.0522531
0.0512874
0.050349
0.0494506
0.048599
0.0477972
0.0470459
0.0463442
0.0456905
0.0450827
0.0445184
0.0439955
0.0435119
0.0430661
0.0426576
0.0422873
0.0419595
0.0416846
0.0414833
0.041396
0.0147117
0.0187816
0.0216664
0.023647
0.0249681
0.0258141
0.0263191
0.0265804
0.0266682
0.0266335
0.0265135
0.026335
0.0261179
0.0258765
0.0256213
0.02536
0.025098
0.0248392
0.0245864
0.0243416
0.0241061
0.0238808
0.0236665
0.0234636
0.0232727
0.0230937
0.0229277
0.0227757
0.0226389
0.0225173
0.0111938
0.0126725
0.0139684
0.0150138
0.0158232
0.0164322
0.0168779
0.0171933
0.0174059
0.0175381
0.0176079
0.0176296
0.0176145
0.0175715
0.0175077
0.0174286
0.0173388
0.0172415
0.0171396
0.0170351
0.0169297
0.0168248
0.0167213
0.0166203
0.0165223
0.016428
0.0163379
0.0162526
0.0161725
0.0160974
0.0102523
0.0107503
0.011292
0.0117948
0.0122285
0.012587
0.0128745
0.013099
0.0132696
0.0133948
0.0134824
0.013539
0.0135705
0.0135816
0.0135764
0.0135583
0.01353
0.0134938
0.0134516
0.0134051
0.0133554
0.0133036
0.0132507
0.0131973
0.013144
0.0130914
0.0130399
0.0129899
0.0129414
0.0128946
0.00996463
0.0100606
0.0102293
0.0104232
0.0106142
0.0107878
0.0109378
0.0110629
0.0111637
0.0112424
0.0113014
0.0113434
0.0113706
0.0113855
0.0113901
0.011386
0.0113749
0.0113581
0.0113367
0.0113118
0.0112841
0.0112543
0.011223
0.0111908
0.0111581
0.0111253
0.0110926
0.0110602
0.0110285
0.0109973
0.00987367
0.00980568
0.00979213
0.00981372
0.00985403
0.00990147
0.00994872
0.0099915
0.0100276
0.0100562
0.0100771
0.0100907
0.0100976
0.0100986
0.0100943
0.0100856
0.0100731
0.0100575
0.0100393
0.0100191
0.00999719
0.00997411
0.00995017
0.00992566
0.00990084
0.00987592
0.0098511
0.00982651
0.00980227
0.00977837
0.00984485
0.00971265
0.0096147
0.00954533
0.00949734
0.00946408
0.00944024
0.00942192
0.00940638
0.00939183
0.00937713
0.00936163
0.00934498
0.00932705
0.00930787
0.00928752
0.00926614
0.00924392
0.00922103
0.00919764
0.00917392
0.00915003
0.00912612
0.0091023
0.00907869
0.00905539
0.00903248
0.00901001
0.00898803
0.0089665
0.0098358
0.00967966
0.00954518
0.00943125
0.00933532
0.00925427
0.0091851
0.00912514
0.00907223
0.00902466
0.00898112
0.00894067
0.00890257
0.00886633
0.00883158
0.00879807
0.00876563
0.00873414
0.00870354
0.00867377
0.00864482
0.00861666
0.0085893
0.00856274
0.00853697
0.00851199
0.00848781
0.00846442
0.0084418
0.00841985
0.00983299
0.00966833
0.00951908
0.00938498
0.0092651
0.00915811
0.00906245
0.00897655
0.00889898
0.00882845
0.00876388
0.00870437
0.00864916
0.00859764
0.00854934
0.00850385
0.00846086
0.0084201
0.00838136
0.00834447
0.00830928
0.00827569
0.00824358
0.00821287
0.00818348
0.00815535
0.00812842
0.00810263
0.00807791
0.00805411
0.00983212
0.00966457
0.0095097
0.00936712
0.00923625
0.00911634
0.00900654
0.0089059
0.0088135
0.00872846
0.00864996
0.00857728
0.00850977
0.00844688
0.00838811
0.00833304
0.00828132
0.00823264
0.00818672
0.00814334
0.00810229
0.00806339
0.0080265
0.00799147
0.00795819
0.00792653
0.00789641
0.00786773
0.00784039
0.0078142
0.00983186
0.00966336
0.00950647
0.00936055
0.009225
0.00909919
0.00898247
0.00887418
0.00877365
0.00868026
0.00859337
0.00851244
0.00843692
0.00836634
0.00830027
0.00823833
0.00818016
0.00812545
0.00807393
0.00802535
0.00797948
0.00793614
0.00789513
0.00785631
0.00781952
0.00778463
0.00775152
0.00772008
0.00769018
0.00766162
0.00983178
0.00966298
0.00950539
0.00935825
0.00922084
0.00909252
0.00897269
0.00886075
0.00875614
0.00865835
0.00856687
0.00848122
0.00840095
0.00832567
0.00825499
0.00818857
0.00812608
0.00806724
0.00801178
0.00795945
0.00791005
0.00786337
0.00781922
0.00777743
0.00773786
0.00770036
0.00766481
0.00763107
0.00759901
0.00756841
0.00983175
0.00966286
0.00950505
0.00935747
0.00921937
0.00909006
0.00896892
0.00885537
0.00874889
0.00864898
0.00855518
0.00846707
0.00838424
0.00830633
0.00823299
0.00816392
0.0080988
0.00803738
0.00797941
0.00792465
0.00787289
0.00782394
0.00777761
0.00773375
0.0076922
0.00765281
0.00761545
0.00758
0.00754631
0.00751415
0.00983174
0.00966282
0.00950494
0.00935722
0.00921887
0.00908919
0.00896754
0.00885334
0.00874605
0.0086452
0.00855033
0.00846103
0.00837693
0.00829768
0.00822294
0.00815243
0.00808585
0.00802297
0.00796353
0.00790732
0.00785414
0.00780379
0.00775611
0.00771092
0.00766808
0.00762744
0.00758888
0.00755228
0.00751747
0.00748424
0.00983174
0.00966281
0.0095049
0.00935713
0.00921871
0.0090889
0.00896706
0.0088526
0.00874499
0.00864374
0.00854842
0.0084586
0.00837392
0.00829403
0.00821861
0.00814739
0.00808007
0.00801643
0.00795621
0.00789922
0.00784525
0.00779411
0.00774565
0.00769969
0.00765608
0.00761471
0.00757542
0.0075381
0.0075026
0.00746869
0.00983174
0.0096628
0.00950489
0.00935711
0.00921865
0.00908879
0.00896689
0.00885234
0.00874461
0.00864321
0.0085477
0.00845766
0.00837274
0.00829257
0.00821686
0.0081453
0.00807765
0.00801363
0.00795304
0.00789566
0.00784128
0.00778974
0.00774087
0.0076945
0.00765049
0.0076087
0.00756901
0.00753129
0.0074954
0.0074611
0.00983174
0.0096628
0.00950489
0.0093571
0.00921863
0.00908876
0.00896683
0.00885225
0.00874447
0.00864302
0.00854744
0.00845732
0.0083723
0.00829202
0.00821618
0.00814449
0.00807668
0.00801251
0.00795175
0.00789418
0.00783963
0.00778789
0.00773882
0.00769225
0.00764804
0.00760605
0.00756615
0.00752823
0.00749213
0.00745763
0.00983174
0.00966281
0.00950489
0.0093571
0.00921863
0.00908875
0.00896681
0.00885222
0.00874443
0.00864295
0.00854735
0.0084572
0.00837214
0.00829182
0.00821593
0.00814419
0.00807632
0.00801208
0.00795125
0.00789361
0.00783898
0.00778716
0.007738
0.00769134
0.00764704
0.00760495
0.00756496
0.00752694
0.00749075
0.00745615
0.00983174
0.00966281
0.00950489
0.0093571
0.00921863
0.00908875
0.00896681
0.00885221
0.00874441
0.00864293
0.00854731
0.00845716
0.00837208
0.00829175
0.00821585
0.00814408
0.00807619
0.00801193
0.00795107
0.00789341
0.00783874
0.00778689
0.0077377
0.00769101
0.00764666
0.00760454
0.00756451
0.00752645
0.00749022
0.00745557
0.00983174
0.00966281
0.0095049
0.0093571
0.00921863
0.00908875
0.00896681
0.00885221
0.00874441
0.00864292
0.0085473
0.00845714
0.00837207
0.00829173
0.00821582
0.00814405
0.00807615
0.00801189
0.00795102
0.00789334
0.00783867
0.00778681
0.00773761
0.0076909
0.00764654
0.00760441
0.00756436
0.00752628
0.00749004
0.00745537
0.00983174
0.00966281
0.0095049
0.00935711
0.00921864
0.00908876
0.00896681
0.00885221
0.00874441
0.00864293
0.00854731
0.00845714
0.00837207
0.00829173
0.00821582
0.00814405
0.00807615
0.00801188
0.00795101
0.00789334
0.00783866
0.0077868
0.00773759
0.00769088
0.00764652
0.00760438
0.00756433
0.00752625
0.00749
0.00745533
0.00983174
0.00966282
0.00950491
0.00935712
0.00921864
0.00908876
0.00896682
0.00885222
0.00874442
0.00864293
0.00854732
0.00845715
0.00837207
0.00829174
0.00821583
0.00814406
0.00807616
0.00801189
0.00795103
0.00789335
0.00783867
0.00778681
0.00773761
0.0076909
0.00764654
0.0076044
0.00756435
0.00752627
0.00749001
0.00745534
0.00983175
0.00966282
0.00950491
0.00935713
0.00921865
0.00908877
0.00896683
0.00885223
0.00874443
0.00864295
0.00854733
0.00845717
0.00837209
0.00829175
0.00821585
0.00814408
0.00807618
0.00801191
0.00795105
0.00789337
0.0078387
0.00778684
0.00773764
0.00769093
0.00764657
0.00760443
0.00756439
0.0075263
0.00749005
0.00745538
0.00983175
0.00966283
0.00950492
0.00935713
0.00921866
0.00908878
0.00896684
0.00885224
0.00874445
0.00864296
0.00854734
0.00845718
0.00837211
0.00829177
0.00821587
0.0081441
0.00807621
0.00801194
0.00795108
0.00789341
0.00783873
0.00778688
0.00773767
0.00769097
0.00764661
0.00760448
0.00756443
0.00752635
0.0074901
0.00745543
0.00983175
0.00966283
0.00950493
0.00935714
0.00921868
0.0090888
0.00896686
0.00885226
0.00874446
0.00864298
0.00854736
0.0084572
0.00837213
0.0082918
0.00821589
0.00814413
0.00807624
0.00801197
0.00795111
0.00789344
0.00783877
0.00778692
0.00773772
0.00769101
0.00764666
0.00760452
0.00756448
0.0075264
0.00749015
0.00745548
0.00983175
0.00966284
0.00950494
0.00935715
0.00921869
0.00908881
0.00896687
0.00885228
0.00874448
0.008643
0.00854739
0.00845723
0.00837216
0.00829182
0.00821592
0.00814416
0.00807627
0.00801201
0.00795115
0.00789348
0.00783881
0.00778696
0.00773776
0.00769106
0.00764671
0.00760457
0.00756453
0.00752645
0.00749021
0.00745554
0.00983175
0.00966284
0.00950495
0.00935717
0.0092187
0.00908883
0.00896689
0.00885229
0.0087445
0.00864302
0.00854741
0.00845725
0.00837218
0.00829185
0.00821595
0.00814419
0.0080763
0.00801204
0.00795119
0.00789352
0.00783885
0.007787
0.00773781
0.0076911
0.00764676
0.00760462
0.00756458
0.00752651
0.00749026
0.0074556
0.00983176
0.00966285
0.00950495
0.00935718
0.00921871
0.00908884
0.00896691
0.00885231
0.00874452
0.00864305
0.00854743
0.00845728
0.00837221
0.00829189
0.00821599
0.00814423
0.00807634
0.00801208
0.00795123
0.00789356
0.0078389
0.00778705
0.00773785
0.00769115
0.00764681
0.00760468
0.00756464
0.00752656
0.00749032
0.00745566
0.00983176
0.00966286
0.00950496
0.00935719
0.00921873
0.00908886
0.00896693
0.00885234
0.00874455
0.00864307
0.00854746
0.00845731
0.00837224
0.00829192
0.00821602
0.00814426
0.00807638
0.00801212
0.00795127
0.00789361
0.00783894
0.0077871
0.0077379
0.00769121
0.00764686
0.00760473
0.00756469
0.00752662
0.00749038
0.00745571
0.00983176
0.00966286
0.00950497
0.0093572
0.00921875
0.00908888
0.00896695
0.00885236
0.00874457
0.0086431
0.00854749
0.00845734
0.00837228
0.00829195
0.00821606
0.0081443
0.00807642
0.00801216
0.00795131
0.00789365
0.00783899
0.00778715
0.00773795
0.00769126
0.00764691
0.00760478
0.00756475
0.00752668
0.00749043
0.00745577
0.00983177
0.00966287
0.00950498
0.00935722
0.00921876
0.0090889
0.00896697
0.00885238
0.0087446
0.00864313
0.00854752
0.00845737
0.00837231
0.00829199
0.00821609
0.00814434
0.00807646
0.00801221
0.00795136
0.0078937
0.00783904
0.00778719
0.007738
0.00769131
0.00764696
0.00760484
0.0075648
0.00752673
0.00749049
0.00745583
0.00983177
0.00966288
0.00950499
0.00935723
0.00921878
0.00908892
0.00896699
0.00885241
0.00874462
0.00864316
0.00854755
0.00845741
0.00837234
0.00829202
0.00821613
0.00814438
0.0080765
0.00801225
0.0079514
0.00789374
0.00783908
0.00778724
0.00773805
0.00769136
0.00764702
0.00760489
0.00756486
0.00752679
0.00749055
0.00745589
0.00983177
0.00966289
0.00950501
0.00935724
0.0092188
0.00908894
0.00896701
0.00885243
0.00874465
0.00864318
0.00854758
0.00845744
0.00837238
0.00829206
0.00821617
0.00814442
0.00807654
0.0080123
0.00795145
0.00789379
0.00783913
0.00778729
0.0077381
0.00769141
0.00764707
0.00760494
0.00756491
0.00752684
0.0074906
0.00745594
0.00983178
0.00966289
0.00950502
0.00935726
0.00921881
0.00908896
0.00896704
0.00885246
0.00874468
0.00864322
0.00854762
0.00845747
0.00837242
0.0082921
0.00821621
0.00814446
0.00807659
0.00801234
0.00795149
0.00789384
0.00783918
0.00778734
0.00773815
0.00769146
0.00764712
0.007605
0.00756496
0.0075269
0.00749065
0.007456
0.00983178
0.0096629
0.00950503
0.00935727
0.00921883
0.00908898
0.00896706
0.00885249
0.00874471
0.00864325
0.00854765
0.00845751
0.00837245
0.00829214
0.00821625
0.00814451
0.00807663
0.00801239
0.00795154
0.00789389
0.00783923
0.00778739
0.0077382
0.00769151
0.00764717
0.00760505
0.00756502
0.00752695
0.00749071
0.00745605
0.00983179
0.00966291
0.00950504
0.00935729
0.00921885
0.009089
0.00896709
0.00885251
0.00874474
0.00864328
0.00854769
0.00845755
0.00837249
0.00829218
0.0082163
0.00814455
0.00807668
0.00801243
0.00795159
0.00789393
0.00783928
0.00778744
0.00773825
0.00769156
0.00764722
0.0076051
0.00756507
0.007527
0.00749076
0.0074561
0.00983179
0.00966292
0.00950506
0.00935731
0.00921887
0.00908903
0.00896711
0.00885254
0.00874477
0.00864331
0.00854772
0.00845759
0.00837253
0.00829222
0.00821634
0.00814459
0.00807672
0.00801248
0.00795163
0.00789398
0.00783933
0.00778749
0.00773831
0.00769161
0.00764728
0.00760515
0.00756512
0.00752705
0.00749081
0.00745616
0.00983179
0.00966293
0.00950507
0.00935733
0.00921889
0.00908905
0.00896714
0.00885257
0.00874481
0.00864335
0.00854776
0.00845762
0.00837257
0.00829226
0.00821638
0.00814464
0.00807677
0.00801252
0.00795168
0.00789403
0.00783938
0.00778754
0.00773836
0.00769167
0.00764733
0.0076052
0.00756517
0.00752711
0.00749087
0.00745621
0.0098318
0.00966294
0.00950508
0.00935734
0.00921892
0.00908908
0.00896717
0.0088526
0.00874484
0.00864339
0.0085478
0.00845766
0.00837262
0.00829231
0.00821643
0.00814468
0.00807682
0.00801257
0.00795173
0.00789408
0.00783943
0.00778759
0.00773841
0.00769172
0.00764738
0.00760526
0.00756522
0.00752716
0.00749092
0.00745626
0.0098318
0.00966295
0.0095051
0.00935736
0.00921894
0.0090891
0.0089672
0.00885264
0.00874487
0.00864342
0.00854784
0.0084577
0.00837266
0.00829235
0.00821647
0.00814473
0.00807686
0.00801262
0.00795178
0.00789413
0.00783948
0.00778764
0.00773846
0.00769177
0.00764743
0.00760531
0.00756528
0.00752721
0.00749097
0.00745631
0.00983181
0.00966296
0.00950511
0.00935738
0.00921896
0.00908913
0.00896723
0.00885267
0.00874491
0.00864346
0.00854788
0.00845775
0.0083727
0.0082924
0.00821652
0.00814478
0.00807691
0.00801267
0.00795183
0.00789418
0.00783953
0.0077877
0.00773851
0.00769182
0.00764748
0.00760536
0.00756533
0.00752726
0.00749102
0.00745637
0.00983181
0.00966297
0.00950513
0.0093574
0.00921899
0.00908916
0.00896726
0.0088527
0.00874495
0.0086435
0.00854792
0.00845779
0.00837275
0.00829244
0.00821657
0.00814483
0.00807696
0.00801272
0.00795188
0.00789423
0.00783958
0.00778775
0.00773856
0.00769188
0.00764754
0.00760542
0.00756538
0.00752732
0.00749108
0.00745642
0.00983182
0.00966298
0.00950515
0.00935742
0.00921901
0.00908919
0.00896729
0.00885274
0.00874498
0.00864354
0.00854796
0.00845783
0.00837279
0.00829249
0.00821662
0.00814488
0.00807701
0.00801277
0.00795194
0.00789429
0.00783964
0.0077878
0.00773862
0.00769193
0.00764759
0.00760547
0.00756544
0.00752737
0.00749113
0.00745647
0.00983182
0.00966299
0.00950516
0.00935745
0.00921904
0.00908922
0.00896733
0.00885277
0.00874502
0.00864358
0.008548
0.00845788
0.00837284
0.00829254
0.00821667
0.00814493
0.00807707
0.00801283
0.00795199
0.00789434
0.00783969
0.00778786
0.00773868
0.00769199
0.00764765
0.00760553
0.0075655
0.00752743
0.00749119
0.00745653
0.00983183
0.00966301
0.00950518
0.00935747
0.00921906
0.00908925
0.00896736
0.00885281
0.00874506
0.00864362
0.00854805
0.00845793
0.00837289
0.00829259
0.00821672
0.00814498
0.00807712
0.00801288
0.00795205
0.0078944
0.00783975
0.00778792
0.00773873
0.00769205
0.00764771
0.00760559
0.00756555
0.00752749
0.00749125
0.00745659
0.00983183
0.00966302
0.0095052
0.00935749
0.00921909
0.00908928
0.0089674
0.00885285
0.00874511
0.00864367
0.0085481
0.00845798
0.00837294
0.00829264
0.00821677
0.00814504
0.00807718
0.00801294
0.0079521
0.00789446
0.00783981
0.00778798
0.00773879
0.00769211
0.00764777
0.00760565
0.00756562
0.00752755
0.00749131
0.00745665
0.00983184
0.00966303
0.00950522
0.00935752
0.00921912
0.00908931
0.00896743
0.00885289
0.00874515
0.00864372
0.00854815
0.00845803
0.00837299
0.0082927
0.00821683
0.0081451
0.00807724
0.008013
0.00795217
0.00789452
0.00783987
0.00778804
0.00773886
0.00769217
0.00764783
0.00760571
0.00756568
0.00752761
0.00749137
0.00745671
0.00983185
0.00966305
0.00950524
0.00935754
0.00921915
0.00908935
0.00896747
0.00885293
0.0087452
0.00864376
0.0085482
0.00845808
0.00837305
0.00829276
0.00821689
0.00814516
0.0080773
0.00801306
0.00795223
0.00789458
0.00783994
0.0077881
0.00773892
0.00769223
0.0076479
0.00760578
0.00756575
0.00752768
0.00749144
0.00745678
0.00983185
0.00966306
0.00950526
0.00935757
0.00921918
0.00908938
0.00896751
0.00885298
0.00874524
0.00864381
0.00854825
0.00845814
0.00837311
0.00829282
0.00821695
0.00814522
0.00807736
0.00801313
0.00795229
0.00789465
0.00784
0.00778817
0.00773899
0.0076923
0.00764797
0.00760585
0.00756581
0.00752775
0.00749151
0.00745685
0.00983186
0.00966307
0.00950528
0.0093576
0.00921922
0.00908942
0.00896755
0.00885302
0.00874529
0.00864387
0.0085483
0.0084582
0.00837317
0.00829288
0.00821701
0.00814529
0.00807743
0.0080132
0.00795236
0.00789472
0.00784007
0.00778824
0.00773906
0.00769238
0.00764804
0.00760592
0.00756589
0.00752782
0.00749158
0.00745692
0.00983187
0.00966309
0.0095053
0.00935762
0.00921925
0.00908946
0.0089676
0.00885307
0.00874534
0.00864392
0.00854836
0.00845826
0.00837323
0.00829294
0.00821708
0.00814535
0.0080775
0.00801327
0.00795243
0.00789479
0.00784015
0.00778832
0.00773914
0.00769245
0.00764812
0.007606
0.00756597
0.0075279
0.00749166
0.007457
0.00983187
0.00966311
0.00950533
0.00935765
0.00921929
0.0090895
0.00896764
0.00885312
0.0087454
0.00864398
0.00854842
0.00845832
0.00837329
0.00829301
0.00821715
0.00814542
0.00807757
0.00801334
0.00795251
0.00789487
0.00784023
0.0077884
0.00773922
0.00769253
0.0076482
0.00760608
0.00756605
0.00752798
0.00749174
0.00745708
0.00983188
0.00966312
0.00950535
0.00935768
0.00921932
0.00908954
0.00896769
0.00885317
0.00874545
0.00864404
0.00854848
0.00845838
0.00837336
0.00829308
0.00821722
0.0081455
0.00807765
0.00801342
0.00795259
0.00789495
0.00784031
0.00778848
0.0077393
0.00769262
0.00764828
0.00760616
0.00756613
0.00752807
0.00749183
0.00745717
0.00983189
0.00966314
0.00950538
0.00935772
0.00921936
0.00908959
0.00896774
0.00885323
0.00874551
0.0086441
0.00854855
0.00845845
0.00837343
0.00829315
0.0082173
0.00814558
0.00807773
0.0080135
0.00795267
0.00789504
0.00784039
0.00778857
0.00773939
0.00769271
0.00764837
0.00760625
0.00756622
0.00752816
0.00749192
0.00745726
0.0098319
0.00966316
0.0095054
0.00935775
0.0092194
0.00908963
0.00896779
0.00885328
0.00874557
0.00864416
0.00854862
0.00845852
0.00837351
0.00829323
0.00821738
0.00814566
0.00807781
0.00801359
0.00795276
0.00789513
0.00784048
0.00778866
0.00773948
0.0076928
0.00764847
0.00760635
0.00756632
0.00752826
0.00749202
0.00745736
0.00983191
0.00966318
0.00950543
0.00935778
0.00921944
0.00908968
0.00896784
0.00885334
0.00874563
0.00864423
0.00854869
0.0084586
0.00837359
0.00829331
0.00821746
0.00814575
0.0080779
0.00801368
0.00795285
0.00789522
0.00784058
0.00778876
0.00773958
0.0076929
0.00764857
0.00760645
0.00756643
0.00752836
0.00749213
0.00745747
0.00983192
0.0096632
0.00950546
0.00935782
0.00921948
0.00908973
0.0089679
0.0088534
0.0087457
0.0086443
0.00854876
0.00845868
0.00837367
0.0082934
0.00821755
0.00814584
0.00807799
0.00801377
0.00795295
0.00789532
0.00784068
0.00778886
0.00773969
0.00769301
0.00764868
0.00760656
0.00756654
0.00752848
0.00749224
0.00745759
0.00983193
0.00966322
0.00950549
0.00935786
0.00921953
0.00908978
0.00896796
0.00885347
0.00874577
0.00864438
0.00854885
0.00845876
0.00837376
0.00829349
0.00821765
0.00814594
0.0080781
0.00801388
0.00795306
0.00789543
0.0078408
0.00778898
0.00773981
0.00769313
0.0076488
0.00760669
0.00756666
0.0075286
0.00749237
0.00745771
0.00983193
0.00966324
0.00950551
0.0093579
0.00921958
0.00908984
0.00896802
0.00885354
0.00874585
0.00864446
0.00854893
0.00845886
0.00837386
0.00829359
0.00821775
0.00814604
0.00807821
0.00801399
0.00795317
0.00789555
0.00784091
0.00778909
0.00773992
0.00769325
0.00764892
0.00760681
0.00756678
0.00752872
0.00749249
0.00745783
0.142853
0.130215
0.121293
0.11922
0.129675
0.157399
0.211244
0.280961
0.343122
0.391608
0.422651
0.435421
0.431474
0.413954
0.386435
0.353145
0.31782
0.283026
0.250387
0.220874
0.196861
0.178525
0.16413
0.152675
0.143383
0.13571
0.129303
0.123967
0.119652
0.116437
0.114538
0.114356
0.116597
0.122616
0.135291
0.161212
0.215885
0.336394
0.611096
1.15935
0.0410244
0.040414
0.0396772
0.0390131
0.0387629
0.039497
0.0422778
0.0481884
0.0578208
0.0719985
0.0921602
0.119313
0.148629
0.17722
0.201398
0.217604
0.223905
0.220697
0.210202
0.1953
0.179921
0.166418
0.154671
0.144701
0.136264
0.129109
0.12305
0.117993
0.113936
0.110976
0.109308
0.109256
0.111326
0.116388
0.126038
0.144271
0.179086
0.245777
0.370213
0.558457
0.0223899
0.0222423
0.0220741
0.0218927
0.0217206
0.0216091
0.0216584
0.0220458
0.0230057
0.0248636
0.0281271
0.033543
0.0417341
0.0535139
0.0684536
0.0856425
0.103163
0.118376
0.128884
0.133562
0.1331
0.129883
0.125269
0.120151
0.11511
0.110422
0.10623
0.102644
0.0997849
0.0978055
0.0969054
0.0973391
0.0994394
0.103514
0.110628
0.122584
0.1426
0.175398
0.226291
0.285415
0.0160226
0.0159405
0.0158498
0.0157505
0.0156434
0.015534
0.0154365
0.0153806
0.0154169
0.0156273
0.0161416
0.0171625
0.0189593
0.021915
0.026395
0.0327364
0.041045
0.0509365
0.0613904
0.0709546
0.077803
0.081662
0.0835884
0.0838771
0.0831651
0.0819235
0.0804965
0.0791503
0.0781105
0.0775863
0.0777829
0.0788973
0.0810041
0.0844628
0.0897458
0.0974444
0.108454
0.123662
0.143285
0.162905
0.0128474
0.0127951
0.012737
0.0126729
0.0126023
0.0125254
0.0124442
0.012364
0.012296
0.0122617
0.0122978
0.0124651
0.0128538
0.0135952
0.0148524
0.0168186
0.0196913
0.0236028
0.0285134
0.0341201
0.0393856
0.043533
0.0466807
0.0490941
0.0507182
0.051748
0.0523957
0.0528694
0.0533661
0.0540707
0.0551482
0.056677
0.0588092
0.0618111
0.0658126
0.0709207
0.0772169
0.0846203
0.0927263
0.100185
0.0109655
0.0109298
0.0108898
0.0108449
0.0107947
0.0107388
0.0106771
0.0106104
0.010541
0.0104746
0.010422
0.010403
0.0104498
0.0106114
0.0109546
0.0115627
0.0125294
0.0139436
0.0158592
0.0182599
0.020777
0.0230205
0.0249457
0.0266579
0.0281476
0.0294077
0.030488
0.0314661
0.0324352
0.0334924
0.0347045
0.0361521
0.038029
0.0403975
0.0432801
0.0466461
0.0504003
0.0543587
0.0582509
0.061703
0.00975384
0.00972635
0.00969533
0.00966036
0.00962099
0.00957677
0.00952729
0.00947231
0.00941208
0.00934781
0.00928259
0.00922278
0.00917999
0.00917349
0.0092318
0.00939275
0.00970091
0.0102011
0.0109269
0.0118875
0.0129448
0.0139338
0.0148254
0.0156315
0.0164126
0.0171474
0.0178457
0.0185311
0.0192369
0.0199934
0.0208373
0.0218778
0.0231566
0.0246963
0.0264915
0.0285
0.0306411
0.0327998
0.0348473
0.0366698
0.00894453
0.00892005
0.00889255
0.00886165
0.00882698
0.00878808
0.00874452
0.00869589
0.00864188
0.00858249
0.00851835
0.00845129
0.00838528
0.00832774
0.00829078
0.00829193
0.00835343
0.00849913
0.00874877
0.00911092
0.00953116
0.00993774
0.0103138
0.0106585
0.0109926
0.0113289
0.0116674
0.0120169
0.012387
0.0127927
0.0132782
0.0138673
0.0145771
0.0154139
0.0163693
0.0174167
0.0185132
0.0196051
0.0206395
0.0215786
0.00839765
0.00837316
0.0083459
0.00831554
0.00828173
0.00824409
0.00820222
0.00815568
0.00810407
0.00804706
0.00798451
0.00791671
0.00784478
0.00777134
0.00770124
0.00764234
0.00760561
0.00760396
0.00764946
0.00774914
0.00788508
0.00802719
0.00816467
0.00829434
0.00842061
0.00855321
0.00869529
0.00884851
0.00901966
0.00922241
0.00946769
0.00976458
0.0101186
0.0105301
0.0109923
0.0114914
0.0120078
0.0125197
0.0130069
0.013457
0.00803024
0.00800413
0.00797529
0.00794345
0.0079083
0.00786949
0.00782666
0.00777943
0.00772738
0.00767013
0.00760732
0.00753874
0.00746449
0.00738526
0.00730276
0.00722022
0.00714272
0.00707698
0.00703014
0.00700754
0.00700842
0.00702328
0.00704491
0.00706997
0.00709861
0.00713359
0.00717767
0.00723353
0.00730452
0.00739501
0.00750899
0.00764933
0.00781699
0.00801042
0.00822521
0.00845436
0.00868923
0.00892102
0.00914231
0.00934898
0.00778806
0.00775963
0.00772841
0.00769414
0.00765655
0.00761531
0.00757011
0.00752059
0.00746639
0.0074071
0.00734237
0.00727183
0.00719524
0.00711257
0.00702421
0.00693127
0.00683585
0.00674114
0.00665103
0.00656915
0.00650274
0.00645297
0.00641494
0.00638569
0.00636413
0.00635056
0.00634598
0.00635164
0.00636899
0.00639948
0.00644428
0.00650384
0.00657766
0.00666406
0.00676027
0.00686266
0.00696724
0.00707034
0.00716903
0.0072619
0.00763317
0.00760234
0.00756858
0.00753166
0.0074913
0.00744722
0.0073991
0.00734662
0.00728945
0.00722722
0.00715957
0.00708615
0.0070066
0.00692066
0.00682823
0.00672949
0.00662512
0.00651641
0.00640524
0.00629378
0.00619281
0.00610911
0.00603909
0.00598028
0.00593122
0.00589128
0.00586038
0.00583873
0.00582663
0.00582434
0.00583188
0.00584889
0.00587449
0.00590734
0.00594565
0.00598744
0.00603072
0.00607379
0.00611535
0.00615481
0.00753797
0.00750501
0.00746898
0.00742962
0.00738668
0.00733987
0.00728888
0.00723342
0.00717316
0.00710776
0.00703689
0.00696019
0.00687734
0.00678799
0.00669189
0.00658887
0.00647899
0.00636259
0.00624042
0.00611361
0.00599443
0.00589244
0.0058049
0.00572956
0.00566489
0.00560987
0.00556389
0.00552657
0.00549762
0.00547674
0.00546347
0.0054572
0.00545705
0.00546199
0.00547081
0.00548233
0.00549544
0.00550923
0.00552301
0.00553644
0.00748216
0.00744754
0.00740969
0.00736837
0.00732331
0.0072742
0.00722077
0.0071627
0.00709967
0.00703136
0.00695745
0.0068776
0.0067915
0.00669882
0.00659925
0.00649254
0.00637851
0.00625709
0.00612845
0.0059931
0.00586399
0.00575193
0.00565453
0.00556975
0.005496
0.00543211
0.0053772
0.00533058
0.00529166
0.00525985
0.00523456
0.00521509
0.00520065
0.00519041
0.00518352
0.00517918
0.00517668
0.00517545
0.00517504
0.00517516
0.00745117
0.00741536
0.00737621
0.00733346
0.00728682
0.00723599
0.00718068
0.00712056
0.00705532
0.00698463
0.00690817
0.00682562
0.00673667
0.006641
0.00653833
0.00642838
0.00631091
0.00618571
0.00605269
0.00591206
0.00577711
0.00565923
0.00555615
0.00546586
0.00538675
0.00531756
0.00525725
0.00520498
0.00516002
0.00512167
0.00508924
0.00506206
0.00503943
0.00502064
0.00500503
0.00499201
0.00498107
0.00497177
0.00496377
0.00495678
0.00743493
0.00739836
0.00735836
0.00731466
0.00726696
0.00721495
0.00715832
0.00709675
0.00702991
0.00695746
0.00687907
0.00679442
0.0067032
0.0066051
0.00649985
0.00638718
0.00626684
0.00613862
0.00600233
0.00585806
0.00571934
0.00559786
0.00549133
0.00539771
0.00531535
0.00524292
0.0051793
0.00512356
0.00507488
0.00503253
0.0049958
0.00496403
0.00493657
0.00491282
0.00489222
0.00487429
0.0048586
0.0048448
0.00483257
0.00482163
0.00742694
0.00738992
0.00734941
0.00730513
0.00725678
0.00720404
0.00714658
0.00708407
0.00701616
0.00694252
0.00686279
0.00677665
0.00668378
0.00658387
0.00647664
0.00636184
0.00623922
0.00610859
0.00596977
0.00582281
0.00568144
0.00555754
0.00544878
0.00535305
0.00526865
0.00519418
0.00512848
0.00507057
0.00501958
0.00497476
0.00493539
0.00490084
0.00487049
0.0048438
0.00482027
0.00479948
0.00478104
0.00476464
0.00474998
0.00473677
0.00742325
0.00738599
0.00734521
0.00730061
0.00725189
0.00719873
0.00714079
0.00707772
0.00700917
0.00693479
0.00685421
0.0067671
0.00667312
0.00657196
0.00646333
0.00634698
0.00622267
0.00609021
0.00594945
0.00580045
0.00565715
0.00553154
0.00542123
0.00532408
0.00523833
0.00516255
0.00509552
0.00503622
0.00498378
0.00493741
0.00489641
0.00486014
0.00482803
0.00479956
0.00477428
0.00475178
0.00473171
0.00471377
0.00469768
0.00468312
0.00742167
0.00738429
0.00734337
0.00729861
0.00724971
0.00719632
0.00713812
0.00707475
0.00700584
0.00693103
0.00684997
0.00676227
0.00666761
0.00656566
0.00645611
0.00633871
0.00621322
0.00607945
0.00593727
0.00578677
0.00564203
0.00551518
0.00540378
0.00530564
0.00521897
0.0051423
0.0050744
0.00501421
0.00496083
0.00491348
0.00487145
0.00483411
0.00480092
0.00477136
0.004745
0.00472146
0.0047004
0.00468153
0.00466457
0.0046492
0.00742104
0.00738361
0.00734263
0.0072978
0.0072488
0.00719531
0.00713699
0.00707346
0.00700437
0.00692934
0.00684801
0.00675999
0.00666494
0.00656252
0.00645241
0.00633435
0.00620809
0.00607345
0.00593028
0.00577872
0.00563295
0.0055052
0.00539301
0.00529418
0.00520688
0.00512961
0.00506112
0.00500035
0.00494637
0.00489838
0.0048557
0.00481769
0.00478381
0.00475357
0.00472654
0.00470236
0.00468069
0.00466124
0.00464374
0.00462787
0.00742083
0.00738337
0.00734237
0.00729751
0.00724847
0.00719494
0.00713655
0.00707296
0.00700378
0.00692865
0.00684718
0.006759
0.00666374
0.00656106
0.00645063
0.00633218
0.00620545
0.00607025
0.00592644
0.00577415
0.00562768
0.0054993
0.00538657
0.00528725
0.00519951
0.00512184
0.00505297
0.00499181
0.00493744
0.00488905
0.00484595
0.00480751
0.00477319
0.00474252
0.00471507
0.00469048
0.00466842
0.00464861
0.00463077
0.00461459
0.00742078
0.00738332
0.0073423
0.00729743
0.00724838
0.00719483
0.00713642
0.0070728
0.00700359
0.00692841
0.00684687
0.00675861
0.00666325
0.00656043
0.00644983
0.00633116
0.00620415
0.00606862
0.0059244
0.00577165
0.00562471
0.00549591
0.00538281
0.00528317
0.00519515
0.00511721
0.00504809
0.00498668
0.00493206
0.00488341
0.00484004
0.00480133
0.00476674
0.00473579
0.00470807
0.00468322
0.00466091
0.00464087
0.00462281
0.00460642
0.00742079
0.00738333
0.00734231
0.00729744
0.00724839
0.00719483
0.00713642
0.00707278
0.00700355
0.00692835
0.00684679
0.00675849
0.00666308
0.00656019
0.0064495
0.00633071
0.00620355
0.00606781
0.00592335
0.00577031
0.00562307
0.00549401
0.00538067
0.00528082
0.00519261
0.00511451
0.00504523
0.00498367
0.00492889
0.00488008
0.00483654
0.00479766
0.00476289
0.00473176
0.00470387
0.00467885
0.00465638
0.00463618
0.00461799
0.00460147
0.00742083
0.00738337
0.00734235
0.00729748
0.00724843
0.00719487
0.00713646
0.00707282
0.00700359
0.00692838
0.0068468
0.00675849
0.00666305
0.00656013
0.00644939
0.00633052
0.00620327
0.00606741
0.0059228
0.00576958
0.00562216
0.00549293
0.00537944
0.00527947
0.00519115
0.00511296
0.00504358
0.00498193
0.00492705
0.00487815
0.0048345
0.00479551
0.00476062
0.00472939
0.00470138
0.00467625
0.00465368
0.00463338
0.00461509
0.00459848
0.00742088
0.00738342
0.00734241
0.00729753
0.00724849
0.00719493
0.00713651
0.00707287
0.00700364
0.00692843
0.00684685
0.00675852
0.00666307
0.00656013
0.00644936
0.00633045
0.00620314
0.00606721
0.0059225
0.00576917
0.00562163
0.0054923
0.00537873
0.00527868
0.0051903
0.00511205
0.00504263
0.00498092
0.00492599
0.00487703
0.00483332
0.00479426
0.0047593
0.00472799
0.00469991
0.00467471
0.00465206
0.0046317
0.00461335
0.00459668
0.00742094
0.00738348
0.00734247
0.00729759
0.00724855
0.00719499
0.00713658
0.00707294
0.0070037
0.00692849
0.00684691
0.00675858
0.00666312
0.00656016
0.00644937
0.00633043
0.00620308
0.0060671
0.00592233
0.00576892
0.0056213
0.0054919
0.00537828
0.00527819
0.00518978
0.0051115
0.00504205
0.00498032
0.00492537
0.00487637
0.00483262
0.00479351
0.00475851
0.00472715
0.00469902
0.00467377
0.00465108
0.00463067
0.00461228
0.00459557
0.007421
0.00738354
0.00734253
0.00729766
0.00724861
0.00719506
0.00713664
0.00707301
0.00700377
0.00692856
0.00684697
0.00675864
0.00666317
0.0065602
0.00644939
0.00633043
0.00620305
0.00606703
0.00592221
0.00576874
0.00562107
0.00549163
0.00537797
0.00527786
0.00518944
0.00511115
0.00504169
0.00497995
0.00492497
0.00487595
0.00483218
0.00479305
0.00475801
0.00472662
0.00469846
0.00467318
0.00465045
0.00463002
0.00461159
0.00459485
0.00742105
0.0073836
0.00734259
0.00729772
0.00724867
0.00719512
0.00713671
0.00707307
0.00700384
0.00692862
0.00684704
0.0067587
0.00666322
0.00656025
0.00644942
0.00633045
0.00620304
0.00606698
0.00592212
0.00576861
0.0056209
0.00549142
0.00537774
0.00527762
0.00518919
0.00511089
0.00504143
0.00497968
0.0049247
0.00487567
0.00483189
0.00479273
0.00475768
0.00472626
0.00469808
0.00467277
0.00465002
0.00462956
0.00461111
0.00459435
0.00742111
0.00738366
0.00734265
0.00729778
0.00724874
0.00719519
0.00713677
0.00707314
0.0070039
0.00692869
0.0068471
0.00675876
0.00666328
0.00656029
0.00644946
0.00633046
0.00620303
0.00606695
0.00592205
0.0057685
0.00562075
0.00549125
0.00537756
0.00527743
0.00518899
0.0051107
0.00504123
0.00497948
0.0049245
0.00487546
0.00483166
0.00479249
0.00475742
0.00472599
0.00469779
0.00467246
0.0046497
0.00462922
0.00461076
0.00459398
0.00742117
0.00738372
0.00734271
0.00729784
0.0072488
0.00719525
0.00713684
0.0070732
0.00700397
0.00692875
0.00684716
0.00675882
0.00666333
0.00656034
0.00644949
0.00633048
0.00620303
0.00606692
0.00592199
0.00576841
0.00562063
0.00549111
0.0053774
0.00527726
0.00518882
0.00511053
0.00504106
0.00497931
0.00492433
0.00487528
0.00483147
0.0047923
0.00475722
0.00472577
0.00469755
0.00467221
0.00464944
0.00462894
0.00461047
0.00459368
0.00742123
0.00738378
0.00734277
0.0072979
0.00724886
0.00719531
0.0071369
0.00707327
0.00700403
0.00692881
0.00684722
0.00675887
0.00666338
0.00656038
0.00644952
0.0063305
0.00620303
0.00606689
0.00592194
0.00576833
0.00562053
0.00549098
0.00537726
0.00527712
0.00518868
0.00511038
0.00504092
0.00497916
0.00492417
0.00487512
0.00483131
0.00479212
0.00475703
0.00472557
0.00469734
0.00467199
0.0046492
0.0046287
0.00461021
0.00459341
0.00742129
0.00738384
0.00734283
0.00729796
0.00724892
0.00719537
0.00713696
0.00707333
0.00700409
0.00692887
0.00684728
0.00675893
0.00666343
0.00656042
0.00644955
0.00633052
0.00620303
0.00606687
0.0059219
0.00576826
0.00562043
0.00549087
0.00537714
0.00527698
0.00518854
0.00511024
0.00504078
0.00497902
0.00492403
0.00487497
0.00483115
0.00479196
0.00475685
0.00472539
0.00469715
0.00467179
0.00464899
0.00462847
0.00460998
0.00459317
0.00742135
0.0073839
0.00734289
0.00729802
0.00724898
0.00719543
0.00713702
0.00707339
0.00700415
0.00692893
0.00684733
0.00675898
0.00666348
0.00656046
0.00644958
0.00633053
0.00620303
0.00606686
0.00592186
0.0057682
0.00562034
0.00549077
0.00537702
0.00527686
0.00518841
0.00511011
0.00504064
0.00497889
0.00492389
0.00487482
0.004831
0.00479179
0.00475669
0.00472521
0.00469696
0.00467159
0.00464878
0.00462826
0.00460976
0.00459294
0.0074214
0.00738395
0.00734294
0.00729808
0.00724904
0.00719549
0.00713708
0.00707344
0.00700421
0.00692898
0.00684739
0.00675903
0.00666352
0.0065605
0.00644961
0.00633055
0.00620303
0.00606684
0.00592182
0.00576814
0.00562026
0.00549067
0.00537691
0.00527675
0.00518829
0.00510999
0.00504051
0.00497875
0.00492375
0.00487468
0.00483084
0.00479163
0.00475652
0.00472503
0.00469678
0.0046714
0.00464858
0.00462805
0.00460954
0.00459271
0.00742146
0.00738401
0.007343
0.00729814
0.0072491
0.00719554
0.00713713
0.0070735
0.00700426
0.00692904
0.00684744
0.00675907
0.00666356
0.00656053
0.00644964
0.00633057
0.00620304
0.00606683
0.00592179
0.00576808
0.00562018
0.00549058
0.00537681
0.00527663
0.00518817
0.00510986
0.00504038
0.00497862
0.0049236
0.00487453
0.00483069
0.00479147
0.00475635
0.00472485
0.00469659
0.0046712
0.00464838
0.00462784
0.00460932
0.00459249
0.00742151
0.00738406
0.00734305
0.00729819
0.00724915
0.0071956
0.00713719
0.00707355
0.00700431
0.00692909
0.00684748
0.00675912
0.0066636
0.00656057
0.00644966
0.00633058
0.00620304
0.00606681
0.00592175
0.00576803
0.00562011
0.00549049
0.00537671
0.00527652
0.00518806
0.00510974
0.00504025
0.00497848
0.00492346
0.00487438
0.00483053
0.00479131
0.00475617
0.00472467
0.0046964
0.00467101
0.00464818
0.00462764
0.00460911
0.00459227
0.00742157
0.00738412
0.00734311
0.00729824
0.0072492
0.00719565
0.00713724
0.0070736
0.00700436
0.00692913
0.00684753
0.00675916
0.00666364
0.0065606
0.00644969
0.00633059
0.00620304
0.0060668
0.00592172
0.00576798
0.00562004
0.00549041
0.00537662
0.00527642
0.00518794
0.00510962
0.00504012
0.00497834
0.00492332
0.00487423
0.00483037
0.00479114
0.004756
0.00472449
0.00469621
0.00467081
0.00464798
0.00462742
0.00460889
0.00459205
0.00742162
0.00738417
0.00734316
0.0072983
0.00724926
0.0071957
0.00713729
0.00707365
0.00700441
0.00692918
0.00684757
0.0067592
0.00666367
0.00656063
0.00644971
0.00633061
0.00620304
0.00606678
0.00592169
0.00576793
0.00561998
0.00549033
0.00537652
0.00527631
0.00518783
0.00510949
0.00503999
0.0049782
0.00492317
0.00487407
0.00483021
0.00479097
0.00475582
0.00472431
0.00469602
0.00467061
0.00464777
0.00462721
0.00460868
0.00459183
0.00742167
0.00738422
0.00734321
0.00729835
0.00724931
0.00719575
0.00713734
0.0070737
0.00700446
0.00692923
0.00684762
0.00675924
0.00666371
0.00656066
0.00644973
0.00633062
0.00620304
0.00606677
0.00592167
0.00576788
0.00561992
0.00549025
0.00537643
0.00527621
0.00518771
0.00510937
0.00503986
0.00497806
0.00492302
0.00487391
0.00483004
0.00479079
0.00475564
0.00472412
0.00469582
0.00467041
0.00464756
0.004627
0.00460846
0.0045916
0.00742172
0.00738427
0.00734326
0.0072984
0.00724936
0.00719581
0.00713739
0.00707375
0.00700451
0.00692927
0.00684766
0.00675928
0.00666374
0.00656068
0.00644975
0.00633063
0.00620304
0.00606676
0.00592164
0.00576784
0.00561985
0.00549017
0.00537634
0.00527611
0.0051876
0.00510925
0.00503973
0.00497792
0.00492287
0.00487375
0.00482987
0.00479062
0.00475545
0.00472393
0.00469563
0.00467021
0.00464735
0.00462678
0.00460823
0.00459138
0.00742178
0.00738432
0.00734332
0.00729845
0.00724941
0.00719586
0.00713744
0.0070738
0.00700455
0.00692932
0.0068477
0.00675932
0.00666378
0.00656071
0.00644978
0.00633064
0.00620304
0.00606675
0.00592161
0.0057678
0.0056198
0.0054901
0.00537625
0.00527601
0.00518749
0.00510913
0.00503959
0.00497778
0.00492272
0.00487359
0.00482971
0.00479044
0.00475527
0.00472373
0.00469543
0.00467
0.00464714
0.00462657
0.00460801
0.00459115
0.00742183
0.00738438
0.00734337
0.0072985
0.00724946
0.00719591
0.00713749
0.00707385
0.0070046
0.00692936
0.00684774
0.00675935
0.00666381
0.00656074
0.0064498
0.00633066
0.00620305
0.00606674
0.00592159
0.00576776
0.00561974
0.00549003
0.00537617
0.00527591
0.00518738
0.005109
0.00503946
0.00497764
0.00492257
0.00487343
0.00482954
0.00479026
0.00475508
0.00472354
0.00469523
0.00466979
0.00464693
0.00462635
0.00460779
0.00459092
0.00742188
0.00738443
0.00734342
0.00729856
0.00724951
0.00719596
0.00713754
0.0070739
0.00700465
0.00692941
0.00684779
0.00675939
0.00666385
0.00656077
0.00644982
0.00633067
0.00620305
0.00606674
0.00592157
0.00576772
0.00561969
0.00548996
0.00537609
0.00527582
0.00518727
0.00510889
0.00503933
0.0049775
0.00492242
0.00487327
0.00482937
0.00479009
0.0047549
0.00472335
0.00469503
0.00466959
0.00464672
0.00462613
0.00460757
0.0045907
0.00742194
0.00738448
0.00734348
0.00729861
0.00724956
0.00719601
0.00713759
0.00707395
0.00700469
0.00692945
0.00684783
0.00675943
0.00666388
0.0065608
0.00644985
0.00633069
0.00620306
0.00606673
0.00592156
0.00576769
0.00561964
0.0054899
0.00537601
0.00527573
0.00518717
0.00510877
0.00503921
0.00497736
0.00492227
0.00487312
0.0048292
0.00478991
0.00475472
0.00472316
0.00469484
0.00466939
0.00464651
0.00462592
0.00460735
0.00459048
0.00742199
0.00738454
0.00734353
0.00729866
0.00724962
0.00719606
0.00713764
0.007074
0.00700474
0.0069295
0.00684787
0.00675948
0.00666392
0.00656084
0.00644987
0.00633071
0.00620307
0.00606673
0.00592154
0.00576767
0.0056196
0.00548984
0.00537594
0.00527564
0.00518707
0.00510866
0.00503909
0.00497723
0.00492213
0.00487297
0.00482904
0.00478974
0.00475454
0.00472298
0.00469464
0.00466919
0.00464631
0.00462571
0.00460714
0.00459026
0.00742205
0.0073846
0.00734359
0.00729872
0.00724968
0.00719612
0.0071377
0.00707405
0.0070048
0.00692955
0.00684792
0.00675952
0.00666396
0.00656087
0.0064499
0.00633074
0.00620309
0.00606674
0.00592154
0.00576764
0.00561956
0.00548979
0.00537587
0.00527556
0.00518698
0.00510855
0.00503897
0.0049771
0.00492199
0.00487282
0.00482888
0.00478958
0.00475437
0.0047228
0.00469446
0.004669
0.00464611
0.00462551
0.00460693
0.00459005
0.00742211
0.00738466
0.00734365
0.00729878
0.00724974
0.00719618
0.00713776
0.00707411
0.00700485
0.0069296
0.00684797
0.00675957
0.00666401
0.00656091
0.00644994
0.00633076
0.00620311
0.00606675
0.00592154
0.00576763
0.00561953
0.00548974
0.00537581
0.00527549
0.00518689
0.00510846
0.00503886
0.00497698
0.00492186
0.00487268
0.00482873
0.00478942
0.0047542
0.00472262
0.00469428
0.00466881
0.00464592
0.00462531
0.00460673
0.00458984
0.00742217
0.00738472
0.00734371
0.00729884
0.0072498
0.00719624
0.00713782
0.00707417
0.00700491
0.00692966
0.00684803
0.00675962
0.00666405
0.00656096
0.00644998
0.0063308
0.00620313
0.00606676
0.00592154
0.00576762
0.00561951
0.0054897
0.00537576
0.00527542
0.00518681
0.00510837
0.00503876
0.00497686
0.00492173
0.00487254
0.00482859
0.00478927
0.00475405
0.00472246
0.00469411
0.00466864
0.00464573
0.00462512
0.00460654
0.00458964
0.00742224
0.00738479
0.00734378
0.00729891
0.00724986
0.0071963
0.00713788
0.00707423
0.00700497
0.00692972
0.00684809
0.00675968
0.00666411
0.00656101
0.00645002
0.00633083
0.00620316
0.00606679
0.00592155
0.00576762
0.00561949
0.00548967
0.00537572
0.00527536
0.00518674
0.00510828
0.00503866
0.00497676
0.00492162
0.00487242
0.00482846
0.00478913
0.0047539
0.0047223
0.00469395
0.00466847
0.00464556
0.00462495
0.00460636
0.00458946
0.00742231
0.00738486
0.00734385
0.00729898
0.00724993
0.00719637
0.00713795
0.0070743
0.00700504
0.00692979
0.00684815
0.00675974
0.00666417
0.00656106
0.00645007
0.00633088
0.0062032
0.00606682
0.00592157
0.00576762
0.00561948
0.00548965
0.00537568
0.00527532
0.00518668
0.00510821
0.00503858
0.00497667
0.00492152
0.00487231
0.00482834
0.004789
0.00475376
0.00472216
0.0046938
0.00466832
0.0046454
0.00462478
0.00460619
0.00458929
0.00742238
0.00738493
0.00734392
0.00729905
0.00725
0.00719645
0.00713802
0.00707437
0.00700511
0.00692986
0.00684822
0.0067598
0.00666423
0.00656112
0.00645013
0.00633093
0.00620325
0.00606685
0.0059216
0.00576764
0.00561949
0.00548964
0.00537566
0.00527528
0.00518664
0.00510816
0.00503851
0.00497659
0.00492143
0.00487221
0.00482824
0.00478889
0.00475364
0.00472204
0.00469367
0.00466818
0.00464526
0.00462464
0.00460603
0.00458913
0.00742246
0.00738501
0.007344
0.00729913
0.00725008
0.00719652
0.0071381
0.00707445
0.00700518
0.00692993
0.00684829
0.00675988
0.0066643
0.00656119
0.00645019
0.00633099
0.0062033
0.0060669
0.00592163
0.00576767
0.0056195
0.00548965
0.00537565
0.00527526
0.00518661
0.00510811
0.00503846
0.00497653
0.00492136
0.00487213
0.00482815
0.00478879
0.00475354
0.00472193
0.00469355
0.00466806
0.00464513
0.0046245
0.0046059
0.00458899
0.00742254
0.00738509
0.00734408
0.00729921
0.00725017
0.00719661
0.00713818
0.00707453
0.00700527
0.00693001
0.00684837
0.00675996
0.00666438
0.00656126
0.00645026
0.00633106
0.00620336
0.00606696
0.00592168
0.0057677
0.00561953
0.00548966
0.00537566
0.00527526
0.00518659
0.00510809
0.00503842
0.00497648
0.0049213
0.00487207
0.00482808
0.00478872
0.00475346
0.00472184
0.00469345
0.00466796
0.00464503
0.00462439
0.00460578
0.00458887
0.00742263
0.00738518
0.00734417
0.0072993
0.00725025
0.0071967
0.00713827
0.00707462
0.00700536
0.0069301
0.00684846
0.00676004
0.00666446
0.00656135
0.00645035
0.00633114
0.00620344
0.00606702
0.00592174
0.00576776
0.00561957
0.00548969
0.00537568
0.00527527
0.00518659
0.00510808
0.00503841
0.00497646
0.00492127
0.00487203
0.00482803
0.00478866
0.0047534
0.00472177
0.00469338
0.00466788
0.00464495
0.00462431
0.00460569
0.00458878
0.00742273
0.00738527
0.00734427
0.0072994
0.00725035
0.00719679
0.00713837
0.00707471
0.00700545
0.0069302
0.00684856
0.00676014
0.00666456
0.00656144
0.00645044
0.00633122
0.00620352
0.0060671
0.00592182
0.00576782
0.00561963
0.00548974
0.00537572
0.0052753
0.00518661
0.00510809
0.00503841
0.00497646
0.00492126
0.00487201
0.00482801
0.00478863
0.00475336
0.00472173
0.00469334
0.00466783
0.00464489
0.00462425
0.00460563
0.00458871
0.00742283
0.00738538
0.00734437
0.0072995
0.00725045
0.00719689
0.00713847
0.00707482
0.00700556
0.0069303
0.00684866
0.00676024
0.00666466
0.00656155
0.00645054
0.00633132
0.00620362
0.0060672
0.00592191
0.00576791
0.00561971
0.00548981
0.00537578
0.00527535
0.00518666
0.00510813
0.00503845
0.00497648
0.00492128
0.00487203
0.00482801
0.00478863
0.00475336
0.00472172
0.00469332
0.00466781
0.00464487
0.00462422
0.0046056
0.00458868
0.00742293
0.00738548
0.00734448
0.00729961
0.00725056
0.00719701
0.00713858
0.00707493
0.00700567
0.00693042
0.00684878
0.00676036
0.00666478
0.00656166
0.00645066
0.00633144
0.00620373
0.00606731
0.00592202
0.00576801
0.0056198
0.0054899
0.00537586
0.00527543
0.00518673
0.0051082
0.0050385
0.00497653
0.00492133
0.00487207
0.00482805
0.00478867
0.00475338
0.00472174
0.00469334
0.00466783
0.00464488
0.00462423
0.00460561
0.00458868
0.00742305
0.0073856
0.00734459
0.00729973
0.00725068
0.00719713
0.00713871
0.00707505
0.0070058
0.00693054
0.0068489
0.00676049
0.00666491
0.00656179
0.00645079
0.00633157
0.00620386
0.00606744
0.00592214
0.00576813
0.00561992
0.00549002
0.00537597
0.00527553
0.00518683
0.00510829
0.00503859
0.00497662
0.00492141
0.00487214
0.00482812
0.00478873
0.00475345
0.0047218
0.0046934
0.00466788
0.00464493
0.00462428
0.00460566
0.00458873
0.00742318
0.00738573
0.00734472
0.00729986
0.00725082
0.00719726
0.00713884
0.00707519
0.00700593
0.00693068
0.00684905
0.00676063
0.00666505
0.00656193
0.00645093
0.00633171
0.00620401
0.00606758
0.00592228
0.00576827
0.00562005
0.00549014
0.0053761
0.00527565
0.00518695
0.0051084
0.0050387
0.00497672
0.00492151
0.00487224
0.00482821
0.00478882
0.00475353
0.00472189
0.00469348
0.00466796
0.00464501
0.00462436
0.00460573
0.0045888
0.0074233
0.00738585
0.00734485
0.00729998
0.00725094
0.00719738
0.00713897
0.00707532
0.00700606
0.00693081
0.00684917
0.00676075
0.00666517
0.00656206
0.00645105
0.00633183
0.00620412
0.0060677
0.00592239
0.00576838
0.00562016
0.00549025
0.00537619
0.00527575
0.00518704
0.00510849
0.00503879
0.0049768
0.00492159
0.00487232
0.00482829
0.0047889
0.00475361
0.00472196
0.00469355
0.00466802
0.00464507
0.00462442
0.00460579
0.00458886
2.27414
1.72417
1.31313
1.01794
0.808432
0.659713
0.554553
0.479854
0.425184
0.383888
0.351704
0.325864
0.304538
0.286503
0.270926
0.257218
0.244962
0.233861
0.223703
0.21433
0.205626
0.197503
0.189896
0.182752
0.176027
0.169684
0.163689
0.158005
0.15261
0.147381
0.687417
0.681755
0.642725
0.589614
0.535792
0.485932
0.440912
0.400585
0.364378
0.331977
0.303141
0.277544
0.254828
0.234649
0.216701
0.200669
0.186298
0.173368
0.161693
0.151115
0.141499
0.132733
0.124721
0.117379
0.110637
0.104433
0.0987145
0.0934337
0.0885792
0.0840683
0.318364
0.332213
0.334225
0.327715
0.316438
0.302766
0.288005
0.272937
0.258132
0.243757
0.22973
0.216183
0.203202
0.190842
0.17913
0.168083
0.157686
0.147932
0.138802
0.130267
0.122296
0.114859
0.107926
0.101463
0.0954393
0.0898238
0.0845924
0.0797185
0.0752102
0.0710426
0.175982
0.184717
0.190129
0.192514
0.192508
0.190694
0.187503
0.18328
0.178315
0.17284
0.167099
0.161097
0.154872
0.148518
0.142116
0.135729
0.129411
0.123204
0.117143
0.111251
0.105553
0.100064
0.0947918
0.0897435
0.0849227
0.0803306
0.0759683
0.0718327
0.0679498
0.0643321
0.106017
0.110728
0.114464
0.117204
0.119024
0.120028
0.120311
0.11996
0.11906
0.117691
0.115931
0.11387
0.111566
0.108996
0.106184
0.103174
0.100004
0.09671
0.0933273
0.0898868
0.0864169
0.0829423
0.0794852
0.0760644
0.0726976
0.0694017
0.0661896
0.0630726
0.060085
0.0572549
0.0646802
0.0673186
0.0696432
0.0716394
0.0733094
0.074664
0.0757123
0.0764639
0.0769305
0.0771257
0.0770664
0.0767731
0.0762683
0.0755954
0.0747603
0.0737396
0.0725425
0.0711859
0.0696867
0.0680624
0.0663303
0.0645074
0.0626104
0.0606552
0.0586575
0.0566323
0.0545951
0.0525601
0.0505581
0.0486217
0.0383415
0.0399092
0.0413673
0.0427074
0.0439269
0.0450262
0.0460057
0.0468649
0.047603
0.0482194
0.0487135
0.049086
0.0493386
0.0494766
0.0495047
0.0494427
0.0492863
0.0490197
0.0486393
0.0481499
0.0475573
0.0468679
0.046089
0.0452287
0.0442954
0.0432983
0.0422477
0.0411538
0.0400373
0.0389225
0.0224787
0.0233606
0.0242148
0.0250336
0.0258128
0.026551
0.0272475
0.0279016
0.0285127
0.0290794
0.0296001
0.0300728
0.0304957
0.0308672
0.0311861
0.0314528
0.0316674
0.0318359
0.0319571
0.0320229
0.0320231
0.0319577
0.0318273
0.0316329
0.0313765
0.031061
0.0306905
0.0302696
0.0298085
0.0293195
0.0139007
0.0143495
0.014798
0.0152416
0.015677
0.0161023
0.0165165
0.0169192
0.01731
0.0176887
0.0180547
0.0184074
0.0187457
0.0190684
0.0193743
0.019662
0.0199301
0.0201781
0.0204051
0.0206099
0.0207955
0.0209563
0.0210877
0.0211844
0.0212453
0.0212698
0.0212578
0.0212098
0.0211285
0.0210165
0.00955615
0.00976995
0.00998843
0.0102094
0.0104311
0.0106524
0.0108725
0.011091
0.0113078
0.0115227
0.0117358
0.011947
0.0121562
0.012363
0.0125671
0.0127679
0.0129648
0.0131569
0.0133437
0.0135242
0.013698
0.013864
0.0140212
0.0141697
0.0143064
0.0144289
0.0145351
0.0146234
0.0146928
0.0147409
0.0073559
0.00745415
0.00755604
0.0076607
0.00776739
0.00787552
0.00798469
0.00809465
0.00820528
0.00831655
0.00842849
0.00854118
0.00865468
0.00876903
0.00888424
0.00900024
0.0091169
0.00923401
0.0093513
0.00946844
0.00958508
0.00970078
0.00981506
0.00992752
0.0100374
0.0101439
0.0102461
0.0103428
0.010433
0.0105132
0.00619511
0.00623765
0.00628224
0.00632857
0.00637632
0.00642526
0.00647521
0.00652603
0.00657769
0.00663016
0.00668347
0.0067377
0.00679291
0.00684919
0.00690663
0.00696529
0.00702522
0.00708642
0.00714889
0.00721256
0.00727735
0.00734313
0.00740973
0.00747699
0.00754466
0.00761245
0.00768001
0.00774691
0.00781243
0.00787378
0.00555042
0.00556541
0.00558135
0.0055981
0.00561554
0.00563357
0.0056521
0.0056711
0.00569059
0.0057105
0.00573085
0.00575172
0.00577318
0.00579529
0.00581812
0.00584177
0.0058663
0.00589178
0.00591827
0.0059458
0.00597441
0.00600409
0.00603483
0.00606661
0.00609938
0.00613306
0.00616754
0.00620268
0.00623811
0.00627214
0.00517567
0.0051765
0.00517761
0.00517893
0.0051804
0.00518197
0.00518359
0.00518525
0.00518693
0.00518866
0.0051905
0.00519244
0.00519443
0.00519657
0.00519897
0.00520168
0.00520477
0.0052083
0.00521234
0.00521695
0.00522219
0.00522809
0.00523471
0.00524207
0.00525021
0.00525912
0.00526882
0.00527925
0.00529031
0.00530132
0.00495009
0.00494334
0.00493649
0.00492949
0.0049223
0.00491489
0.00490722
0.00489927
0.00489104
0.00488252
0.00487372
0.00486464
0.00485537
0.00484589
0.00483626
0.00482651
0.00481669
0.00480686
0.00479708
0.0047874
0.00477787
0.00476855
0.00475949
0.00475075
0.00474238
0.00473441
0.00472688
0.00471982
0.00471323
0.00470731
0.00481094
0.00479999
0.00478872
0.00477709
0.00476507
0.00475263
0.00473974
0.00472638
0.00471253
0.00469818
0.00468333
0.00466797
0.00465213
0.00463581
0.00461905
0.00460186
0.00458428
0.00456635
0.0045481
0.00452957
0.0045108
0.00449186
0.00447277
0.0044536
0.00443439
0.0044152
0.00439607
0.00437704
0.0043582
0.00434046
0.00472379
0.00471043
0.00469662
0.00468234
0.00466755
0.00465223
0.00463634
0.00461987
0.00460279
0.00458508
0.00456673
0.00454773
0.00452808
0.00450777
0.00448682
0.00446523
0.00444302
0.00442021
0.00439682
0.00437288
0.00434842
0.00432347
0.00429806
0.00427224
0.00424605
0.00421953
0.00419274
0.00416571
0.00413858
0.00411278
0.00466879
0.00465402
0.00463872
0.00462287
0.00460645
0.00458944
0.00457179
0.00455349
0.00453452
0.00451485
0.00449445
0.00447332
0.00445144
0.0044288
0.00440539
0.00438121
0.00435627
0.00433057
0.00430411
0.00427691
0.00424898
0.00422035
0.00419103
0.00416106
0.00413046
0.00409928
0.00406753
0.00403528
0.00400267
0.00397151
0.00463405
0.00461842
0.00460222
0.00458544
0.00456804
0.00455
0.0045313
0.0045119
0.0044918
0.00447095
0.00444934
0.00442695
0.00440375
0.00437974
0.00435489
0.00432919
0.00430264
0.00427523
0.00424696
0.00421783
0.00418784
0.004157
0.00412532
0.00409281
0.0040595
0.00402541
0.00399056
0.00395498
0.00391886
0.00388424
0.00461222
0.00459606
0.0045793
0.00456194
0.00454393
0.00452526
0.00450591
0.00448584
0.00446504
0.00444348
0.00442114
0.00439798
0.004374
0.00434916
0.00432346
0.00429687
0.00426937
0.00424097
0.00421163
0.00418137
0.00415017
0.00411802
0.00408495
0.00405093
0.004016
0.00398014
0.00394339
0.00390577
0.00386745
0.00383067
0.00459862
0.00458212
0.00456502
0.00454728
0.00452889
0.00450983
0.00449007
0.00446958
0.00444834
0.00442634
0.00440354
0.00437991
0.00435545
0.00433012
0.0043039
0.00427677
0.00424872
0.00421972
0.00418977
0.00415884
0.00412693
0.00409404
0.00406014
0.00402525
0.00398936
0.00395247
0.0039146
0.00387575
0.00383611
0.00379803
0.00459024
0.00457354
0.00455621
0.00453824
0.0045196
0.00450028
0.00448025
0.00445949
0.00443798
0.00441569
0.0043926
0.00436868
0.00434391
0.00431827
0.00429173
0.00426428
0.00423589
0.00420654
0.00417622
0.00414491
0.00411259
0.00407926
0.0040449
0.00400951
0.00397307
0.00393559
0.00389706
0.00385751
0.0038171
0.00377825
0.00458515
0.00456831
0.00455083
0.0045327
0.0045139
0.00449442
0.00447421
0.00445328
0.00443158
0.0044091
0.00438582
0.00436171
0.00433674
0.0043109
0.00428417
0.00425651
0.00422791
0.00419835
0.00416781
0.00413627
0.00410372
0.00407014
0.00403551
0.00399983
0.00396308
0.00392526
0.00388638
0.00384642
0.00380558
0.0037663
0.00458208
0.00456514
0.00454756
0.00452933
0.00451043
0.00449083
0.00447051
0.00444945
0.00442763
0.00440503
0.00438162
0.00435738
0.00433228
0.00430631
0.00427945
0.00425166
0.00422293
0.00419323
0.00416256
0.00413088
0.00409818
0.00406445
0.00402967
0.00399383
0.00395691
0.00391891
0.00387982
0.00383965
0.00379857
0.00375906
0.00458022
0.00456321
0.00454557
0.00452727
0.00450829
0.00448861
0.00446821
0.00444707
0.00442517
0.00440248
0.00437898
0.00435465
0.00432947
0.00430341
0.00427645
0.00424858
0.00421976
0.00418998
0.00415922
0.00412746
0.00409467
0.00406085
0.00402598
0.00399004
0.00395303
0.00391493
0.00387573
0.00383544
0.00379423
0.00375461
0.00457907
0.00456202
0.00454433
0.00452598
0.00450695
0.00448721
0.00446676
0.00444556
0.00442359
0.00440084
0.00437728
0.00435289
0.00432765
0.00430153
0.00427451
0.00424657
0.00421769
0.00418785
0.00415703
0.00412521
0.00409237
0.0040585
0.00402357
0.00398758
0.00395051
0.00391235
0.00387309
0.00383274
0.00379147
0.00375178
0.00457832
0.00456124
0.00454352
0.00452513
0.00450606
0.00448629
0.00446579
0.00444455
0.00442254
0.00439975
0.00437614
0.0043517
0.00432641
0.00430025
0.00427318
0.0042452
0.00421628
0.0041864
0.00415554
0.00412368
0.0040908
0.00405689
0.00402193
0.0039859
0.0039488
0.0039106
0.00387131
0.00383093
0.00378963
0.00374991
0.0045778
0.0045607
0.00454295
0.00452454
0.00450544
0.00448564
0.00446511
0.00444384
0.0044218
0.00439897
0.00437533
0.00435085
0.00432553
0.00429932
0.00427223
0.00424421
0.00421525
0.00418534
0.00415445
0.00412256
0.00408965
0.00405572
0.00402073
0.00398468
0.00394756
0.00390934
0.00387003
0.00382963
0.00378831
0.00374859
0.00457741
0.00456029
0.00454252
0.00452409
0.00450497
0.00448515
0.0044646
0.0044433
0.00442123
0.00439837
0.00437471
0.0043502
0.00432485
0.00429862
0.00427149
0.00424345
0.00421446
0.00418452
0.00415361
0.00412169
0.00408877
0.00405481
0.0040198
0.00398374
0.0039466
0.00390837
0.00386905
0.00382864
0.00378731
0.00374758
0.00457709
0.00455996
0.00454218
0.00452373
0.00450459
0.00448475
0.00446418
0.00444286
0.00442077
0.00439789
0.0043742
0.00434968
0.0043243
0.00429804
0.00427089
0.00424282
0.00421382
0.00418386
0.00415292
0.00412099
0.00408804
0.00405406
0.00401904
0.00398296
0.00394581
0.00390757
0.00386824
0.00382782
0.00378649
0.00374676
0.00457682
0.00455967
0.00454188
0.00452341
0.00450427
0.00448441
0.00446382
0.00444248
0.00442038
0.00439748
0.00437377
0.00434923
0.00432383
0.00429755
0.00427038
0.00424229
0.00421327
0.00418329
0.00415233
0.00412038
0.00408742
0.00405343
0.00401839
0.0039823
0.00394513
0.00390689
0.00386755
0.00382712
0.00378579
0.00374605
0.00457657
0.00455941
0.0045416
0.00452313
0.00450397
0.0044841
0.0044635
0.00444215
0.00442003
0.00439711
0.00437339
0.00434882
0.00432341
0.00429712
0.00426993
0.00424182
0.00421278
0.00418278
0.00415181
0.00411984
0.00408686
0.00405286
0.00401781
0.0039817
0.00394453
0.00390627
0.00386693
0.0038265
0.00378516
0.00374542
0.00457633
0.00455916
0.00454135
0.00452287
0.00450369
0.00448381
0.0044632
0.00444184
0.0044197
0.00439677
0.00437303
0.00434846
0.00432302
0.00429672
0.00426951
0.00424139
0.00421233
0.00418232
0.00415133
0.00411935
0.00408636
0.00405234
0.00401728
0.00398116
0.00394398
0.00390571
0.00386636
0.00382592
0.00378458
0.00374484
0.0045761
0.00455892
0.0045411
0.00452261
0.00450343
0.00448354
0.00446291
0.00444154
0.00441939
0.00439645
0.0043727
0.00434811
0.00432267
0.00429634
0.00426912
0.00424099
0.00421192
0.00418189
0.00415088
0.00411889
0.00408588
0.00405185
0.00401678
0.00398065
0.00394346
0.00390519
0.00386583
0.00382539
0.00378404
0.00374429
0.00457587
0.00455869
0.00454086
0.00452236
0.00450317
0.00448327
0.00446264
0.00444125
0.0044191
0.00439615
0.00437238
0.00434778
0.00432232
0.00429599
0.00426876
0.00424061
0.00421152
0.00418148
0.00415046
0.00411845
0.00408544
0.00405139
0.00401631
0.00398017
0.00394297
0.00390469
0.00386532
0.00382487
0.00378352
0.00374378
0.00457564
0.00455846
0.00454062
0.00452211
0.00450292
0.00448301
0.00446237
0.00444097
0.00441881
0.00439585
0.00437207
0.00434746
0.00432199
0.00429564
0.0042684
0.00424024
0.00421114
0.00418109
0.00415006
0.00411804
0.00408501
0.00405095
0.00401586
0.00397971
0.0039425
0.00390421
0.00386484
0.00382438
0.00378302
0.00374327
0.00457542
0.00455822
0.00454038
0.00452187
0.00450266
0.00448275
0.0044621
0.0044407
0.00441852
0.00439555
0.00437177
0.00434714
0.00432166
0.00429531
0.00426805
0.00423988
0.00421077
0.00418071
0.00414967
0.00411763
0.00408459
0.00405053
0.00401542
0.00397926
0.00394204
0.00390374
0.00386436
0.0038239
0.00378254
0.00374279
0.00457519
0.00455799
0.00454014
0.00452162
0.00450241
0.00448249
0.00446183
0.00444042
0.00441824
0.00439526
0.00437147
0.00434683
0.00432135
0.00429498
0.00426771
0.00423953
0.00421041
0.00418033
0.00414928
0.00411724
0.00408419
0.00405011
0.004015
0.00397883
0.0039416
0.00390329
0.0038639
0.00382343
0.00378206
0.00374231
0.00457496
0.00455775
0.0045399
0.00452137
0.00450216
0.00448223
0.00446156
0.00444015
0.00441796
0.00439497
0.00437117
0.00434653
0.00432103
0.00429465
0.00426738
0.00423918
0.00421005
0.00417997
0.00414891
0.00411685
0.00408379
0.0040497
0.00401458
0.0039784
0.00394116
0.00390284
0.00386345
0.00382297
0.00378159
0.00374183
0.00457473
0.00455752
0.00453966
0.00452113
0.0045019
0.00448197
0.0044613
0.00443988
0.00441768
0.00439468
0.00437087
0.00434622
0.00432072
0.00429433
0.00426705
0.00423884
0.0042097
0.00417961
0.00414853
0.00411647
0.0040834
0.0040493
0.00401416
0.00397798
0.00394073
0.0039024
0.003863
0.00382251
0.00378113
0.00374136
0.00457449
0.00455728
0.00453942
0.00452088
0.00450165
0.00448171
0.00446103
0.0044396
0.0044174
0.0043944
0.00437058
0.00434592
0.0043204
0.00429401
0.00426672
0.00423851
0.00420936
0.00417925
0.00414817
0.00411609
0.00408301
0.0040489
0.00401376
0.00397756
0.0039403
0.00390197
0.00386255
0.00382206
0.00378067
0.00374089
0.00457426
0.00455705
0.00453918
0.00452063
0.0045014
0.00448145
0.00446077
0.00443933
0.00441712
0.00439411
0.00437028
0.00434562
0.0043201
0.00429369
0.00426639
0.00423817
0.00420901
0.0041789
0.0041478
0.00411572
0.00408263
0.00404851
0.00401335
0.00397715
0.00393988
0.00390153
0.00386211
0.00382161
0.00378021
0.00374042
0.00457403
0.00455681
0.00453894
0.00452039
0.00450115
0.0044812
0.00446051
0.00443906
0.00441685
0.00439383
0.00437
0.00434532
0.00431979
0.00429338
0.00426607
0.00423784
0.00420867
0.00417855
0.00414744
0.00411535
0.00408225
0.00404812
0.00401295
0.00397674
0.00393946
0.0039011
0.00386167
0.00382116
0.00377975
0.00373996
0.00457381
0.00455658
0.0045387
0.00452015
0.0045009
0.00448094
0.00446025
0.0044388
0.00441657
0.00439355
0.00436971
0.00434503
0.00431949
0.00429307
0.00426575
0.00423751
0.00420834
0.0041782
0.00414709
0.00411499
0.00408187
0.00404774
0.00401256
0.00397633
0.00393904
0.00390067
0.00386123
0.00382071
0.00377929
0.00373949
0.00457358
0.00455635
0.00453847
0.00451991
0.00450066
0.00448069
0.00445999
0.00443854
0.00441631
0.00439328
0.00436943
0.00434474
0.0043192
0.00429277
0.00426544
0.00423719
0.00420801
0.00417786
0.00414674
0.00411463
0.0040815
0.00404736
0.00401217
0.00397593
0.00393863
0.00390025
0.00386079
0.00382026
0.00377883
0.00373902
0.00457337
0.00455613
0.00453824
0.00451968
0.00450042
0.00448045
0.00445975
0.00443828
0.00441605
0.00439301
0.00436916
0.00434446
0.00431891
0.00429247
0.00426514
0.00423688
0.00420768
0.00417753
0.0041464
0.00411427
0.00408114
0.00404698
0.00401178
0.00397553
0.00393822
0.00389983
0.00386036
0.00381982
0.00377837
0.00373855
0.00457316
0.00455592
0.00453802
0.00451945
0.00450019
0.00448022
0.00445951
0.00443804
0.00441579
0.00439275
0.00436889
0.00434419
0.00431863
0.00429218
0.00426484
0.00423657
0.00420737
0.0041772
0.00414606
0.00411393
0.00408078
0.00404661
0.0040114
0.00397514
0.00393782
0.00389942
0.00385993
0.00381938
0.00377792
0.00373809
0.00457296
0.00455571
0.00453781
0.00451924
0.00449997
0.00447999
0.00445927
0.0044378
0.00441555
0.0043925
0.00436863
0.00434392
0.00431835
0.0042919
0.00426455
0.00423628
0.00420706
0.00417689
0.00414574
0.00411359
0.00408044
0.00404626
0.00401103
0.00397476
0.00393742
0.00389901
0.00385951
0.00381894
0.00377747
0.00373763
0.00457277
0.00455552
0.00453761
0.00451904
0.00449976
0.00447978
0.00445905
0.00443757
0.00441532
0.00439226
0.00436839
0.00434367
0.00431809
0.00429163
0.00426427
0.00423599
0.00420677
0.00417658
0.00414542
0.00411327
0.0040801
0.00404591
0.00401067
0.00397439
0.00393703
0.00389861
0.0038591
0.00381851
0.00377703
0.00373717
0.00457259
0.00455534
0.00453743
0.00451884
0.00449957
0.00447958
0.00445885
0.00443736
0.0044151
0.00439204
0.00436815
0.00434343
0.00431784
0.00429138
0.00426401
0.00423572
0.00420648
0.00417629
0.00414512
0.00411295
0.00407978
0.00404557
0.00401032
0.00397402
0.00393666
0.00389822
0.00385869
0.00381809
0.00377659
0.00373672
0.00457243
0.00455517
0.00453726
0.00451867
0.00449939
0.00447939
0.00445866
0.00443716
0.00441489
0.00439183
0.00436794
0.00434321
0.00431761
0.00429114
0.00426376
0.00423546
0.00420622
0.00417601
0.00414483
0.00411266
0.00407947
0.00404525
0.00400999
0.00397367
0.00393629
0.00389784
0.0038583
0.00381768
0.00377616
0.00373628
0.00457228
0.00455502
0.0045371
0.00451851
0.00449923
0.00447922
0.00445848
0.00443699
0.00441471
0.00439163
0.00436774
0.004343
0.0043174
0.00429092
0.00426353
0.00423522
0.00420597
0.00417576
0.00414457
0.00411238
0.00407917
0.00404494
0.00400967
0.00397334
0.00393595
0.00389748
0.00385792
0.00381729
0.00377575
0.00373585
0.00457216
0.0045549
0.00453697
0.00451838
0.00449909
0.00447908
0.00445833
0.00443683
0.00441455
0.00439147
0.00436756
0.00434282
0.00431721
0.00429072
0.00426333
0.00423501
0.00420575
0.00417552
0.00414432
0.00411212
0.00407891
0.00404466
0.00400938
0.00397303
0.00393562
0.00389714
0.00385756
0.00381691
0.00377535
0.00373543
0.00457206
0.00455479
0.00453687
0.00451827
0.00449897
0.00447896
0.00445821
0.0044367
0.00441441
0.00439132
0.00436742
0.00434266
0.00431705
0.00429055
0.00426315
0.00423482
0.00420555
0.00417532
0.0041441
0.00411189
0.00407867
0.00404441
0.00400911
0.00397275
0.00393532
0.00389682
0.00385723
0.00381656
0.00377498
0.00373504
0.004572
0.00455472
0.00453679
0.00451819
0.00449889
0.00447887
0.00445811
0.0044366
0.00441431
0.00439121
0.0043673
0.00434254
0.00431692
0.00429041
0.004263
0.00423467
0.00420539
0.00417514
0.00414392
0.0041117
0.00407846
0.00404419
0.00400888
0.0039725
0.00393506
0.00389654
0.00385693
0.00381624
0.00377464
0.00373467
0.00457196
0.00455468
0.00453675
0.00451814
0.00449884
0.00447881
0.00445806
0.00443654
0.00441424
0.00439114
0.00436722
0.00434246
0.00431683
0.00429031
0.0042629
0.00423455
0.00420526
0.00417501
0.00414378
0.00411154
0.00407829
0.00404401
0.00400868
0.0039723
0.00393484
0.0038963
0.00385667
0.00381596
0.00377434
0.00373436
0.00457196
0.00455468
0.00453674
0.00451813
0.00449883
0.0044788
0.00445804
0.00443651
0.00441421
0.00439111
0.00436718
0.00434241
0.00431678
0.00429026
0.00426283
0.00423448
0.00420519
0.00417493
0.00414368
0.00411144
0.00407818
0.00404388
0.00400854
0.00397214
0.00393467
0.00389611
0.00385646
0.00381574
0.0037741
0.00373411
0.004572
0.00455472
0.00453678
0.00451817
0.00449885
0.00447883
0.00445806
0.00443653
0.00441423
0.00439112
0.00436719
0.00434242
0.00431678
0.00429025
0.00426282
0.00423446
0.00420516
0.00417489
0.00414364
0.00411139
0.00407812
0.00404381
0.00400846
0.00397204
0.00393455
0.00389598
0.00385632
0.00381558
0.00377393
0.00373392
0.00457207
0.00455479
0.00453685
0.00451823
0.00449892
0.00447888
0.00445812
0.00443659
0.00441428
0.00439117
0.00436723
0.00434246
0.00431681
0.00429028
0.00426285
0.00423448
0.00420518
0.0041749
0.00414364
0.00411138
0.0040781
0.00404379
0.00400843
0.003972
0.0039345
0.00389592
0.00385625
0.00381549
0.00377384
0.00373383
0.00457213
0.00455485
0.0045369
0.00451829
0.00449897
0.00447894
0.00445817
0.00443664
0.00441433
0.00439121
0.00436728
0.0043425
0.00431685
0.00429032
0.00426288
0.00423452
0.0042052
0.00417493
0.00414366
0.0041114
0.00407812
0.0040438
0.00400843
0.003972
0.00393449
0.0038959
0.00385622
0.00381546
0.00377383
0.00373377
)
;

boundaryField
{
    inlet
    {
        type            fixedValue;
        value           uniform 0.01;
    }
    outlet
    {
        type            zeroGradient;
    }
    top
    {
        type            symmetryPlane;
    }
    ground
    {
        type            compressible::epsilonWallFunction;
        Cmu             0.09;
        kappa           0.41;
        E               9.8;
        value           nonuniform List<scalar> 
40
(
0.000112528
0.0002313
0.000375624
0.000528301
0.000675479
0.000806051
0.000911625
0.000987137
0.00103124
0.00104647
0.00103935
0.00102089
0.00101608
0.00104442
0.00112758
0.00129239
0.00155351
0.00188425
0.00220723
0.0024859
0.00291313
0.00382927
0.0050571
0.00603288
0.00651103
0.00644953
0.00596081
0.0052306
0.00442452
0.00371654
0.00310105
0.00256512
0.00210073
0.00170032
0.00135709
0.00106572
0.000822434
0.000622567
0.000448027
0.000264788
)
;
    }
    air_to_brick
    {
        type            compressible::epsilonWallFunction;
        Cmu             0.09;
        kappa           0.41;
        E               9.8;
        value           nonuniform List<scalar> 
40
(
0.000264788
0.000530163
0.000852146
0.00119818
0.00154662
0.00188439
0.00220425
0.00250539
0.00279386
0.00308301
0.00339385
0.0037568
0.00421378
0.00483018
0.00569202
0.00709027
0.00930132
0.0113915
0.00963376
0.0191959
0.0309932
0.0438335
0.0573432
0.0721015
0.0887417
0.107994
0.130692
0.157663
0.190284
0.23026
0.278543
0.336932
0.407645
0.493539
0.598501
0.728231
0.892618
1.11704
1.52126
2.16727
)
;
    }
    sides
    {
        type            empty;
    }
    walls
    {
        type            compressible::epsilonWallFunction;
        Cmu             0.09;
        kappa           0.41;
        E               9.8;
        value           nonuniform List<scalar> 
100
(
0.000112528
0.000267619
0.00044932
0.000655972
0.00089194
0.00116223
0.00147408
0.00183674
0.00226172
0.00276336
0.00336015
0.00408045
0.00499103
0.00603873
0.00718681
0.00834232
0.00937773
0.00956156
0.00925804
0.00837491
0.00724013
0.0061541
0.00518437
0.00441462
0.00377124
0.00322918
0.00277503
0.00239846
0.00209077
0.00184467
0.00165425
0.00151506
0.00142431
0.00139534
0.00146179
0.00158362
0.00173025
0.00190173
0.00228392
0.00827199
0.289387
0.274594
0.261924
0.250925
0.241289
0.232787
0.225239
0.218506
0.212474
0.207047
0.202148
0.19771
0.193678
0.190004
0.186646
0.18357
0.180744
0.178143
0.175743
0.173524
0.171468
0.169558
0.167782
0.166126
0.164579
0.163131
0.161771
0.160489
0.159269
0.158012
2.27414
1.72417
1.31313
1.01794
0.808432
0.659713
0.554553
0.479854
0.425184
0.383888
0.351704
0.325864
0.304538
0.286503
0.270926
0.257218
0.244962
0.233861
0.223703
0.21433
0.205626
0.197503
0.189896
0.182752
0.176027
0.169684
0.163689
0.158005
0.15261
0.147381
)
;
    }
}


// ************************************************************************* //
