/*--------------------------------*- C++ -*----------------------------------*\
| =========                 |                                                 |
| \\      /  F ield         | OpenFOAM: The Open Source CFD Toolbox           |
|  \\    /   O peration     | Version:  2.2.0                                 |
|   \\  /    A nd           | Web:      www.OpenFOAM.org                      |
|    \\/     M anipulation  |                                                 |
\*---------------------------------------------------------------------------*/
FoamFile
{
    version     2.0;
    format      ascii;
    class       volScalarField;
    location    "1000";
    object      k;
}
// * * * * * * * * * * * * * * * * * * * * * * * * * * * * * * * * * * * * * //

dimensions      [0 2 -2 0 0 0 0];

internalField   nonuniform List<scalar> 
7600
(
0.000515873
0.000833371
0.00115098
0.00144455
0.00170149
0.00191406
0.0020776
0.00219067
0.00225534
0.00227741
0.00226701
0.00224009
0.0022333
0.00227495
0.00239464
0.00262315
0.00296586
0.00337278
0.00374654
0.00405377
0.00450594
0.00541075
0.00651763
0.0073338
0.00771804
0.00767057
0.00727886
0.00667205
0.00596787
0.00531262
0.00470846
0.00414898
0.00363174
0.00315418
0.00271394
0.00230998
0.00194334
0.00161393
0.00129586
0.0009125
0.000918662
0.00179908
0.00251638
0.00309584
0.00356087
0.00391776
0.00417136
0.00432953
0.00440508
0.00441702
0.00439211
0.00436805
0.00440785
0.00457397
0.0049375
0.00555934
0.00644792
0.00750326
0.00852354
0.00941768
0.0105491
0.0123521
0.0142665
0.0155389
0.015912
0.0154363
0.014343
0.0129357
0.0114687
0.0100893
0.00885988
0.00777658
0.00682022
0.00596937
0.00520673
0.00452268
0.00391696
0.00338319
0.00280164
0.00144942
0.00129748
0.0025576
0.00351565
0.00424897
0.00481288
0.0052295
0.00551392
0.00568227
0.0057559
0.00576367
0.0057442
0.00575006
0.00586338
0.00616059
0.00672605
0.00762802
0.00886732
0.0103043
0.0116676
0.012836
0.0142534
0.0163672
0.0186059
0.0200736
0.020419
0.0197004
0.0182165
0.0163676
0.0144947
0.0127838
0.011296
0.010009
0.00888419
0.00788568
0.00698769
0.00617782
0.00545352
0.00478973
0.00401463
0.00198871
0.00166958
0.00328428
0.0044475
0.0053021
0.00593394
0.00638207
0.00667359
0.00683437
0.00689505
0.00689476
0.00688436
0.00693158
0.00713512
0.00758032
0.00835909
0.00953884
0.0111007
0.0128542
0.0144642
0.0158232
0.0174522
0.0197531
0.0220611
0.0235808
0.0238355
0.0228853
0.0210696
0.0188507
0.0166384
0.0146584
0.0129766
0.0115524
0.0103278
0.00925195
0.00829029
0.00742519
0.00664583
0.00590731
0.00501022
0.00249585
0.002049
0.00401183
0.00535841
0.00631981
0.00701133
0.00748642
0.00778249
0.00793491
0.00798433
0.00798147
0.0079912
0.00809931
0.00841838
0.00904267
0.0100686
0.0115533
0.0134398
0.0154662
0.0172414
0.018719
0.0205506
0.0229373
0.0251339
0.0265436
0.0266783
0.025522
0.0234264
0.020878
0.0183423
0.0160971
0.014229
0.0126811
0.0113767
0.0102501
0.00925712
0.00837282
0.0075757
0.00680603
0.00584676
0.00295869
0.0024443
0.00475838
0.00627353
0.00732991
0.00807543
0.00857715
0.00888137
0.00903207
0.00907995
0.00908835
0.0091383
0.00933807
0.00980689
0.0106523
0.0119696
0.0137906
0.0159948
0.0182248
0.0200428
0.0216213
0.0236116
0.0259492
0.0278685
0.02898
0.0289721
0.0276857
0.0254127
0.0226098
0.019772
0.0172506
0.0151853
0.0135097
0.0121285
0.0109614
0.00995366
0.00907187
0.0082843
0.00752182
0.00655431
0.00337491
0.00286391
0.0055469
0.00722276
0.0083658
0.00916092
0.00968948
0.0100064
0.010164
0.0102234
0.010262
0.0103788
0.0107071
0.0113713
0.0124871
0.0141403
0.016313
0.0187874
0.021069
0.0228458
0.0245041
0.0265483
0.0286545
0.0301305
0.0308012
0.0305896
0.0293129
0.0270494
0.0241443
0.0210599
0.01824
0.0159461
0.0141212
0.0126531
0.011445
0.0104306
0.00956635
0.00881164
0.00809096
0.00716128
0.00374651
0.00331613
0.00640195
0.00823951
0.00946706
0.0103113
0.010869
0.0112042
0.0113784
0.0114644
0.0115551
0.011771
0.012272
0.0131806
0.0146133
0.0166299
0.0191229
0.0217071
0.0238741
0.0255782
0.0272397
0.0291625
0.0308218
0.0317129
0.0318982
0.0314429
0.030307
0.0283318
0.0255943
0.0224004
0.0192568
0.0166572
0.0146259
0.0130364
0.0117714
0.0107478
0.00990964
0.0092066
0.00855663
0.00770104
0.00408012
0.00380967
0.00735012
0.00936079
0.0106792
0.0115786
0.0121724
0.0125349
0.0127377
0.0128674
0.0130357
0.0133876
0.0141061
0.0153008
0.0170734
0.019432
0.0220697
0.0245417
0.0265188
0.0280812
0.0296008
0.0311666
0.0321761
0.0324215
0.0321967
0.0316261
0.0306788
0.0292351
0.0270681
0.0240814
0.0206616
0.0175841
0.0152145
0.0134186
0.0120483
0.0109932
0.0101768
0.00953443
0.00897358
0.0082149
0.0043873
0.00435394
0.00842064
0.0106279
0.012054
0.0130235
0.0136677
0.0140717
0.0143192
0.0145132
0.0147883
0.0153202
0.0162793
0.0177724
0.019847
0.0223312
0.0248881
0.027114
0.0288063
0.0301046
0.0312732
0.032231
0.032479
0.0321674
0.0317469
0.0312975
0.0307213
0.0298586
0.0284876
0.0263123
0.0229401
0.0192023
0.0162305
0.0140402
0.0124504
0.0113005
0.0104751
0.00988258
0.00941162
0.00875399
0.00468473
0.00496018
0.0096452
0.0120867
0.013649
0.0147139
0.0154313
0.0158981
0.0162115
0.0164926
0.0169029
0.0176527
0.0188195
0.020501
0.0226571
0.0250579
0.0273435
0.0291813
0.0304624
0.0313226
0.0319076
0.0320813
0.0316425
0.0310501
0.0307433
0.0306637
0.0306341
0.030462
0.0299207
0.0286931
0.0263546
0.0224422
0.0183174
0.0153218
0.0132626
0.0118734
0.0109572
0.0103687
0.00996056
0.0093819
0.00499433
0.0056459
0.0110559
0.0137855
0.0155254
0.0167213
0.0175426
0.0180989
0.0185012
0.0188876
0.0194317
0.0202979
0.0215373
0.0232172
0.0252349
0.0273252
0.0291489
0.0304478
0.0311649
0.0314009
0.0312384
0.0306477
0.0298338
0.0293542
0.0294362
0.0298714
0.0304531
0.031006
0.0313372
0.0311562
0.0300145
0.0273062
0.0225769
0.0180336
0.0149852
0.0130437
0.0118537
0.0111582
0.0107396
0.0101781
0.00534421
0.00645748
0.0126767
0.0157562
0.0177249
0.0190943
0.0200533
0.0207214
0.0212171
0.0216838
0.0222865
0.0230695
0.0241753
0.0256188
0.027256
0.0288163
0.0300024
0.0306186
0.030636
0.0301416
0.0292618
0.0281972
0.0274605
0.0274155
0.0280003
0.0289453
0.0300737
0.0312597
0.0323758
0.0332156
0.0334024
0.0323145
0.0291762
0.0235847
0.0186291
0.0154435
0.0135666
0.0125195
0.0119302
0.0112557
0.00576932
0.00733207
0.0145014
0.0180118
0.020267
0.0218506
0.0229678
0.0237414
0.0242871
0.0247343
0.0251337
0.0256474
0.0263981
0.0273713
0.0284083
0.0292575
0.0296746
0.0295217
0.0288089
0.0276696
0.0263592
0.0252825
0.0249789
0.0254693
0.0265113
0.0278685
0.0294076
0.0310455
0.0327175
0.034325
0.035653
0.0362583
0.0353933
0.0321068
0.0258644
0.0204872
0.0169624
0.0149846
0.0138535
0.0127905
0.00631944
0.00823395
0.0164878
0.0204945
0.0230779
0.0248931
0.0261552
0.0269758
0.0274488
0.0276085
0.0276309
0.0276944
0.0278961
0.0282113
0.028493
0.0285311
0.0281462
0.0272699
0.0259795
0.0244937
0.0231725
0.0224567
0.0226851
0.0236288
0.0250224
0.0266924
0.0285207
0.0304339
0.032395
0.034378
0.0363356
0.0380989
0.0392561
0.0390191
0.0362165
0.0298586
0.0238242
0.0198101
0.0172802
0.0151942
0.00705114
0.00909401
0.0184984
0.0230158
0.0259219
0.0279303
0.0292565
0.0299625
0.0301174
0.0298939
0.0294585
0.0289612
0.0284953
0.0280552
0.0275353
0.0267885
0.0257122
0.0243161
0.0227471
0.0212745
0.0202521
0.0200096
0.0206669
0.0219267
0.023573
0.025508
0.0275867
0.0297099
0.0318272
0.03389
0.0359341
0.0379931
0.0400259
0.0417966
0.0426483
0.0412758
0.0358436
0.0289518
0.0235603
0.0191231
0.00816483
0.00983129
0.0203052
0.0251963
0.0282541
0.0302588
0.0314459
0.0319551
0.0318861
0.0313447
0.0304623
0.0293864
0.0282378
0.0270623
0.0258214
0.024443
0.0228992
0.0212596
0.0196988
0.0184628
0.0178098
0.0179304
0.0188314
0.0202835
0.0221738
0.0243982
0.0267722
0.0291362
0.0315028
0.0336805
0.0356331
0.0374256
0.0391409
0.040898
0.0427238
0.0443323
0.0447192
0.0415217
0.0339981
0.0251733
0.00978568
0.00995857
0.0207702
0.0257674
0.0289177
0.0310134
0.0322873
0.0328245
0.032679
0.0319247
0.0306794
0.0291031
0.027362
0.0255735
0.0237795
0.0219798
0.020198
0.0185227
0.0171018
0.0161012
0.0156569
0.0158569
0.0167131
0.0181224
0.0200809
0.0225462
0.025379
0.0284027
0.0314167
0.0341716
0.0364435
0.0382566
0.0395446
0.0404037
0.0410054
0.0415453
0.0421303
0.0424395
0.0407887
0.0326665
0.0111957
0.00974562
0.0199594
0.0248962
0.0281153
0.0303434
0.0317682
0.032436
0.0323603
0.0315747
0.0301667
0.028292
0.026153
0.0239411
0.021783
0.0197422
0.0178681
0.0162323
0.0149218
0.0140055
0.0135108
0.0134683
0.0139852
0.0151536
0.0170368
0.0196332
0.0228558
0.0265626
0.0305344
0.0344764
0.0380496
0.0409265
0.0428585
0.0437473
0.0435789
0.0423911
0.0402882
0.037302
0.0332112
0.0269492
0.0100162
0.00911545
0.018343
0.0229666
0.0260773
0.0283309
0.0298815
0.0307429
0.0308866
0.0302939
0.0289968
0.0271098
0.0248336
0.022411
0.0200504
0.0178816
0.0159702
0.0143573
0.0130619
0.0120629
0.0112967
0.010749
0.0106556
0.0113769
0.0129213
0.0152876
0.0185228
0.0226491
0.0275806
0.0330537
0.0386087
0.0436594
0.0476304
0.0500939
0.0508223
0.0497552
0.0469286
0.0423888
0.0360769
0.0275471
0.0158599
0.00827211
0.016412
0.0206173
0.0235277
0.0257263
0.027348
0.0283925
0.0288076
0.0285339
0.0275449
0.0258885
0.023717
0.0212752
0.0188302
0.0165883
0.0146389
0.0130125
0.0116791
0.010555
0.00951412
0.00850231
0.00783503
0.00807623
0.00908336
0.0107887
0.0133697
0.0171111
0.022283
0.0289242
0.0366284
0.0445336
0.0515521
0.0567407
0.0595171
0.0596362
0.0571015
0.0520436
0.0445952
0.0346087
0.0218212
0.00742263
0.0146296
0.0184525
0.021163
0.0232804
0.0249306
0.0261133
0.0267711
0.0268247
0.026206
0.0248991
0.0229831
0.0206522
0.0181749
0.0159605
0.0139125
0.0122389
0.0108629
0.00966996
0.00850969
0.007314
0.00643917
0.0065099
0.00717728
0.00831209
0.0100415
0.0127149
0.0169721
0.0235262
0.0325321
0.0431502
0.0536589
0.0622945
0.0679125
0.0699469
0.0682792
0.0630292
0.0543788
0.042297
0.0274902
0.00662078
0.013079
0.0165859
0.0191284
0.0211705
0.0228319
0.0241174
0.024975
0.0253214
0.0250667
0.0241483
0.0225724
0.0204491
0.0180419
0.0157764
0.0136822
0.0119408
0.0105127
0.0092838
0.00811786
0.0070158
0.00630129
0.00627912
0.00677957
0.00768552
0.009009
0.0109205
0.0139834
0.0193428
0.0280786
0.0402431
0.0538327
0.0660035
0.0748653
0.079376
0.0792059
0.0743625
0.0649369
0.0507395
0.0328799
0.00594823
0.0117602
0.0150157
0.0174235
0.0193994
0.0210585
0.0224122
0.0234172
0.0239956
0.0240519
0.0234992
0.0222966
0.0204968
0.0182974
0.0160482
0.0139229
0.0121002
0.0105935
0.00931922
0.0081776
0.00723007
0.00670023
0.00667653
0.00711265
0.0079453
0.00915433
0.0108056
0.0132166
0.0172689
0.0246269
0.0368027
0.0525968
0.0679751
0.0802325
0.0876235
0.0895111
0.0856726
0.0759842
0.0598916
0.038302
0.00535533
0.0106563
0.0137087
0.0160066
0.0179248
0.0195731
0.0209694
0.0220811
0.0228414
0.0231602
0.022943
0.0221208
0.0206952
0.0187895
0.0166695
0.0145635
0.0126735
0.0110721
0.0097278
0.008587
0.00774298
0.00732651
0.007334
0.00776553
0.00858419
0.00976008
0.0113051
0.0134137
0.0167887
0.0230654
0.0343107
0.0505008
0.0684289
0.0840962
0.0946766
0.0991616
0.0969444
0.0875507
0.0698732
0.043988
0.00482903
0.00972859
0.0126123
0.014818
0.0166855
0.0183196
0.0197431
0.0209346
0.0218399
0.0223802
0.0224638
0.0220086
0.0209782
0.0194291
0.0175414
0.0155341
0.0136227
0.0119338
0.0104989
0.00931852
0.0085103
0.00814528
0.00817594
0.00861624
0.00943473
0.0105946
0.0120776
0.0140065
0.0169584
0.0224706
0.0328967
0.0490637
0.0683397
0.086612
0.10062
0.108246
0.108297
0.0998053
0.0808772
0.0501391
0.00436496
0.00894567
0.0116829
0.013806
0.0156263
0.0172435
0.018685
0.0199391
0.0209645
0.0216961
0.0220509
0.0219432
0.0213118
0.0201589
0.0185859
0.0167656
0.0149025
0.0131596
0.0116304
0.0103755
0.00954424
0.00917944
0.00921434
0.00963994
0.0104346
0.0115593
0.0129837
0.0147962
0.0175004
0.0225346
0.0323161
0.0482233
0.0683345
0.0887223
0.105783
0.116852
0.11986
0.112953
0.0933772
0.0569386
0.00396061
0.0082828
0.0108856
0.0129297
0.014703
0.0163014
0.0177558
0.0190634
0.020195
0.0210991
0.0217037
0.0219255
0.0216878
0.0209515
0.0197498
0.0181944
0.0164557
0.0147097
0.0130998
0.0117473
0.0108443
0.0104314
0.0104431
0.0108086
0.0115417
0.0126063
0.0139776
0.0157488
0.018411
0.0233276
0.0327808
0.0483284
0.068784
0.0908201
0.110766
0.12537
0.131762
0.127119
0.107241
0.0645248
0.00361428
0.0077213
0.0101951
0.0121596
0.013885
0.0154638
0.0169306
0.0182897
0.019523
0.0205908
0.0214324
0.0219687
0.0221138
0.0217971
0.0209956
0.0197576
0.0182056
0.0165076
0.0148394
0.0133773
0.0123656
0.011864
0.0117961
0.0120853
0.0127474
0.0137638
0.0151433
0.0170347
0.0199837
0.0252768
0.0348426
0.0500657
0.0704303
0.0935496
0.116066
0.134282
0.144396
0.142452
0.122851
0.0731432
0.00332488
0.00724813
0.00959432
0.0114774
0.0131546
0.014716
0.0161991
0.0176142
0.0189518
0.0201818
0.0212522
0.0220879
0.0225964
0.0226829
0.0222793
0.0213763
0.0200453
0.0184323
0.016731
0.0151648
0.0140365
0.0134396
0.013297
0.0135452
0.0141808
0.0152532
0.0168484
0.0192321
0.0230311
0.0293351
0.0394673
0.0544283
0.0743031
0.097859
0.122436
0.144146
0.158251
0.159436
0.140246
0.0830588
0.0030921
0.00685548
0.00907382
0.0108748
0.012506
0.014056
0.0155636
0.0170433
0.0184908
0.0198822
0.0211705
0.0222825
0.0231202
0.0235706
0.0235313
0.022947
0.0218442
0.0203444
0.0186506
0.0170283
0.0158409
0.0152218
0.0151085
0.0154702
0.0162827
0.0177529
0.0201087
0.0237402
0.0291957
0.0370769
0.0479873
0.0626086
0.0815819
0.104865
0.130809
0.155674
0.173875
0.178553
0.15998
0.0942977
0.00291631
0.00653996
0.0086309
0.0103518
0.011943
0.0134903
0.0150321
0.016584
0.0181429
0.0196868
0.0211704
0.0225208
0.0236367
0.0243938
0.024668
0.0243743
0.023508
0.0221727
0.0205813
0.0190441
0.0179876
0.0175895
0.0178332
0.0187445
0.0203956
0.0230944
0.0272957
0.0332153
0.0409167
0.0503728
0.0617417
0.0756633
0.0932725
0.115577
0.142104
0.169622
0.191881
0.200331
0.182468
0.107054
0.00279888
0.00630183
0.00826726
0.0099134
0.0114723
0.013025
0.0146067
0.0162301
0.0178901
0.0195636
0.0212064
0.0227485
0.0240913
0.0251095
0.0256727
0.0256847
0.0251283
0.0241038
0.0228484
0.0217481
0.0213197
0.0217988
0.0232639
0.0258287
0.0296542
0.035042
0.0422003
0.0507303
0.0601924
0.0703326
0.0813248
0.093967
0.109761
0.130514
0.156928
0.186589
0.212837
0.225332
0.208191
0.121552
0.00276128
0.00613116
0.00797939
0.00956021
0.0110913
0.0126511
0.0142687
0.0159523
0.017693
0.0194697
0.021246
0.0229658
0.0245476
0.0258791
0.0268414
0.0273475
0.0273914
0.0271012
0.0267909
0.0270331
0.0284844
0.0313433
0.0356749
0.0414721
0.0487169
0.0575147
0.0671268
0.076962
0.086657
0.0961665
0.105872
0.116728
0.130443
0.149369
0.175266
0.206764
0.237097
0.254074
0.237687
0.138078
0.0028486
0.00603005
0.00776752
0.00927363
0.010768
0.0123312
0.0139807
0.0157212
0.0175473
0.0194612
0.0214606
0.02354
0.025668
0.0277582
0.029719
0.0314868
0.0330877
0.0347206
0.0368529
0.040331
0.0456664
0.0524894
0.0605529
0.0696069
0.0795533
0.0899401
0.0998088
0.108967
0.11738
0.12525
0.133111
0.141994
0.153688
0.17089
0.196277
0.229681
0.264584
0.286908
0.271551
0.15702
0.00300492
0.00597521
0.00760727
0.00903819
0.0104874
0.0120356
0.0137405
0.0156645
0.0178122
0.0203051
0.0232664
0.0268593
0.0311512
0.0359395
0.0410198
0.046195
0.0513839
0.0567415
0.0627502
0.070235
0.0790931
0.0884336
0.0980794
0.107957
0.118013
0.127045
0.135081
0.142161
0.148432
0.154213
0.160106
0.167153
0.17716
0.193039
0.218264
0.254021
0.294507
0.32381
0.310449
0.178961
0.00318771
0.00591738
0.00744846
0.00882697
0.0102943
0.0120269
0.014262
0.0174069
0.0217646
0.0277872
0.0356244
0.0454551
0.0567631
0.068022
0.078584
0.0879925
0.0961462
0.103334
0.110216
0.117686
0.125652
0.133522
0.141412
0.149343
0.156472
0.162597
0.16784
0.172317
0.176226
0.179926
0.184028
0.189563
0.198318
0.213337
0.238795
0.27743
0.324919
0.363905
0.355083
0.20497
0.00339495
0.00586628
0.00742424
0.00914198
0.0115917
0.0158708
0.0232603
0.0345165
0.0510382
0.0704288
0.0904603
0.109839
0.127104
0.141111
0.151649
0.159003
0.163754
0.166715
0.168892
0.171312
0.174363
0.177903
0.181957
0.185881
0.18921
0.192033
0.194384
0.196343
0.198098
0.200002
0.202651
0.20704
0.214905
0.229319
0.254979
0.296265
0.35154
0.403834
0.406142
0.238027
0.00383567
0.00686541
0.0109905
0.0204698
0.0385705
0.065208
0.0958805
0.126712
0.156409
0.182699
0.203731
0.218869
0.228458
0.233398
0.234839
0.23358
0.230349
0.225931
0.221226
0.217105
0.214349
0.213084
0.212736
0.212587
0.212551
0.212526
0.212453
0.212366
0.21243
0.212978
0.214576
0.218157
0.225338
0.239035
0.264045
0.306174
0.367484
0.437132
0.470289
0.292452
0.00904476
0.0263108
0.0619677
0.121562
0.195684
0.245208
0.276345
0.293889
0.301876
0.303949
0.302818
0.300101
0.296384
0.291745
0.28577
0.278558
0.270351
0.261554
0.252777
0.24465
0.238175
0.233558
0.229947
0.227102
0.224784
0.222812
0.221091
0.219637
0.218603
0.218306
0.219271
0.222345
0.228956
0.241658
0.264946
0.305167
0.368599
0.457635
0.550686
0.370277
0.096734
0.0934086
0.0905127
0.0879608
0.0856944
0.0836692
0.0818508
0.0802114
0.0787282
0.0773819
0.0761564
0.0750377
0.074014
0.0730749
0.0722114
0.0714158
0.0706811
0.0700013
0.0693712
0.068786
0.0682415
0.067734
0.0672601
0.0668168
0.0664014
0.0660113
0.0656438
0.0652966
0.0649654
0.064623
0.0975192
0.0941049
0.0906323
0.087299
0.0841857
0.0813196
0.0787016
0.07632
0.0741575
0.0721949
0.0704131
0.0687939
0.0673206
0.065978
0.0647526
0.0636322
0.0626061
0.0616646
0.0607994
0.0600029
0.0592687
0.0585908
0.0579641
0.0573843
0.0568476
0.0563507
0.055891
0.0554655
0.0550726
0.054696
0.0985248
0.0965077
0.0943325
0.0921215
0.0899464
0.0878487
0.0858513
0.0839651
0.082194
0.0805369
0.0789902
0.0775486
0.0762061
0.074956
0.0737921
0.072708
0.0716978
0.0707559
0.0698769
0.0690561
0.0682891
0.0675716
0.0669001
0.0662711
0.0656815
0.0651275
0.0646066
0.0641158
0.0636518
0.0632053
0.0988774
0.0974479
0.0959084
0.0943209
0.0927281
0.0911593
0.0896337
0.0881634
0.0867558
0.0854145
0.0841408
0.0829342
0.0817931
0.0807155
0.0796984
0.0787392
0.0778347
0.0769818
0.0761776
0.0754191
0.0747036
0.0740284
0.0733909
0.0727888
0.0722197
0.0716817
0.0711724
0.0706899
0.0702323
0.0697959
0.0990237
0.0978672
0.0966507
0.0954027
0.0941471
0.0929018
0.09168
0.0904911
0.0893412
0.0882343
0.0871728
0.0861576
0.0851886
0.0842654
0.0833868
0.0825514
0.0817577
0.081004
0.0802883
0.079609
0.0789642
0.0783522
0.0777712
0.0772195
0.0766955
0.0761976
0.0757244
0.0752741
0.0748454
0.0744354
0.0990872
0.0980668
0.0970262
0.0959744
0.0949227
0.0938809
0.0928571
0.0918575
0.0908865
0.0899472
0.0890417
0.0881709
0.0873355
0.0865352
0.0857697
0.0850382
0.0843398
0.0836735
0.083038
0.0824322
0.0818548
0.0813046
0.0807803
0.0802807
0.0798046
0.0793509
0.0789183
0.0785057
0.0781119
0.0777345
0.0991145
0.0981617
0.0972181
0.0962825
0.0953574
0.0944469
0.0935549
0.0926847
0.091839
0.0910197
0.0902282
0.0894652
0.0887312
0.088026
0.0873495
0.0867011
0.0860802
0.0854861
0.0849179
0.0843748
0.0838557
0.0833598
0.0828861
0.0824336
0.0820014
0.0815886
0.0811943
0.0808176
0.0804573
0.0801114
0.0991258
0.0982055
0.0973139
0.0964455
0.0955984
0.0947724
0.0939681
0.0931866
0.0924289
0.0916957
0.0909875
0.0903046
0.0896471
0.0890148
0.0884074
0.0878245
0.0872654
0.0867295
0.0862162
0.0857247
0.0852542
0.084804
0.0843733
0.0839612
0.0835671
0.0831902
0.0828297
0.0824848
0.0821546
0.0818371
0.0991303
0.0982248
0.0973596
0.0965285
0.0957275
0.0949541
0.0942069
0.0934851
0.0927882
0.0921158
0.0914679
0.0908439
0.0902436
0.0896665
0.0891121
0.0885799
0.0880693
0.0875797
0.0871104
0.0866606
0.0862298
0.0858173
0.0854222
0.085044
0.084682
0.0843355
0.0840038
0.0836862
0.083382
0.0830891
0.099132
0.098233
0.0973804
0.0965687
0.0957935
0.0950512
0.0943394
0.0936561
0.0929997
0.0923692
0.0917634
0.0911817
0.0906231
0.0900869
0.0895724
0.0890789
0.0886057
0.088152
0.0877173
0.0873007
0.0869017
0.0865194
0.0861534
0.0858029
0.0854672
0.0851459
0.0848382
0.0845436
0.0842612
0.0839892
0.0991326
0.0982362
0.0973894
0.0965872
0.0958254
0.0951005
0.0944094
0.0937495
0.0931189
0.0925156
0.0919382
0.0913855
0.0908562
0.0903492
0.0898638
0.0893988
0.0889535
0.0885271
0.0881188
0.0877278
0.0873535
0.0869951
0.086652
0.0863236
0.0860092
0.0857082
0.0854201
0.0851442
0.0848797
0.0846249
0.0991328
0.0982375
0.097393
0.0965952
0.0958401
0.0951241
0.0944443
0.0937979
0.0931825
0.092596
0.0920367
0.0915028
0.0909931
0.0905061
0.0900407
0.0895959
0.0891707
0.088764
0.0883752
0.0880033
0.0876476
0.0873073
0.0869818
0.0866704
0.0863725
0.0860875
0.0858147
0.0855537
0.0853035
0.0850625
0.0991328
0.0982379
0.0973945
0.0965985
0.0958464
0.0951348
0.0944608
0.0938215
0.0932146
0.0926378
0.0920892
0.0915669
0.0910694
0.0905953
0.0901432
0.0897118
0.0893002
0.0889073
0.088532
0.0881736
0.0878313
0.0875042
0.0871916
0.0868928
0.0866072
0.0863341
0.086073
0.0858233
0.0855841
0.0853538
0.0991328
0.0982381
0.097395
0.0965997
0.0958489
0.0951394
0.0944681
0.0938324
0.0932299
0.0926583
0.0921156
0.0916
0.0911098
0.0906433
0.0901994
0.0897765
0.0893736
0.0889896
0.0886234
0.0882741
0.0879408
0.0876227
0.0873191
0.0870292
0.0867523
0.0864878
0.0862351
0.0859936
0.0857624
0.08554
0.0991328
0.0982381
0.0973951
0.0966002
0.0958499
0.0951411
0.0944711
0.0938371
0.0932367
0.0926677
0.0921282
0.0916161
0.0911298
0.0906678
0.0902285
0.0898106
0.089413
0.0890344
0.0886738
0.0883302
0.0880028
0.0876906
0.0873928
0.0871088
0.0868378
0.0865791
0.0863322
0.0860963
0.0858707
0.0856538
0.0991328
0.0982381
0.0973952
0.0966003
0.0958502
0.0951418
0.0944722
0.093839
0.0932395
0.0926718
0.0921337
0.0916234
0.0911392
0.0906794
0.0902427
0.0898276
0.0894329
0.0890574
0.0887001
0.0883599
0.088036
0.0877273
0.0874332
0.0871529
0.0868855
0.0866306
0.0863873
0.0861552
0.0859332
0.08572
0.0991328
0.0982381
0.0973952
0.0966003
0.0958503
0.095142
0.0944726
0.0938396
0.0932406
0.0926734
0.092136
0.0916266
0.0911433
0.0906847
0.0902492
0.0898355
0.0894424
0.0890686
0.0887131
0.0883748
0.0880528
0.0877462
0.0874542
0.087176
0.0869108
0.0866581
0.0864171
0.0861871
0.0859674
0.0857564
0.0991328
0.0982381
0.0973952
0.0966003
0.0958503
0.095142
0.0944728
0.0938399
0.093241
0.092674
0.0921369
0.0916278
0.091145
0.0906869
0.090252
0.089839
0.0894466
0.0890737
0.0887191
0.0883818
0.0880608
0.0877553
0.0874644
0.0871874
0.0869235
0.086672
0.0864323
0.0862036
0.0859852
0.0857755
0.0991328
0.0982381
0.0973952
0.0966003
0.0958503
0.0951421
0.0944728
0.0938399
0.0932411
0.0926742
0.0921372
0.0916282
0.0911456
0.0906877
0.0902531
0.0898405
0.0894484
0.0890759
0.0887217
0.0883849
0.0880644
0.0877595
0.0874692
0.0871928
0.0869295
0.0866787
0.0864396
0.0862116
0.0859939
0.085785
0.0991328
0.0982381
0.0973952
0.0966003
0.0958503
0.0951421
0.0944728
0.0938399
0.0932411
0.0926743
0.0921373
0.0916284
0.0911458
0.090688
0.0902536
0.089841
0.0894492
0.0890768
0.0887228
0.0883862
0.088066
0.0877613
0.0874713
0.0871952
0.0869322
0.0866817
0.086443
0.0862154
0.0859981
0.0857895
0.0991328
0.0982381
0.0973952
0.0966004
0.0958503
0.0951421
0.0944728
0.0938399
0.0932412
0.0926743
0.0921373
0.0916284
0.0911459
0.0906882
0.0902537
0.0898413
0.0894495
0.0890772
0.0887233
0.0883868
0.0880667
0.0877622
0.0874723
0.0871963
0.0869335
0.0866831
0.0864446
0.0862171
0.086
0.0857916
0.0991328
0.0982381
0.0973952
0.0966004
0.0958504
0.0951421
0.0944728
0.09384
0.0932412
0.0926743
0.0921374
0.0916285
0.091146
0.0906883
0.0902538
0.0898414
0.0894496
0.0890774
0.0887235
0.0883871
0.0880671
0.0877626
0.0874727
0.0871968
0.0869341
0.0866838
0.0864453
0.086218
0.0860009
0.0857926
0.0991328
0.0982381
0.0973952
0.0966004
0.0958504
0.0951421
0.0944729
0.09384
0.0932412
0.0926744
0.0921374
0.0916286
0.0911461
0.0906883
0.0902539
0.0898415
0.0894498
0.0890775
0.0887237
0.0883873
0.0880673
0.0877628
0.087473
0.0871972
0.0869344
0.0866842
0.0864458
0.0862185
0.0860014
0.0857931
0.0991328
0.0982382
0.0973953
0.0966005
0.0958505
0.0951422
0.0944729
0.0938401
0.0932413
0.0926744
0.0921375
0.0916286
0.0911461
0.0906884
0.0902541
0.0898416
0.0894499
0.0890777
0.0887239
0.0883875
0.0880675
0.087763
0.0874733
0.0871974
0.0869347
0.0866845
0.0864461
0.0862188
0.0860018
0.0857935
0.0991328
0.0982382
0.0973953
0.0966005
0.0958505
0.0951423
0.094473
0.0938401
0.0932414
0.0926745
0.0921376
0.0916287
0.0911462
0.0906886
0.0902542
0.0898418
0.0894501
0.0890779
0.0887241
0.0883877
0.0880677
0.0877633
0.0874735
0.0871977
0.086935
0.0866848
0.0864464
0.0862191
0.0860021
0.0857939
0.0991328
0.0982382
0.0973953
0.0966006
0.0958506
0.0951423
0.0944731
0.0938402
0.0932415
0.0926746
0.0921377
0.0916289
0.0911464
0.0906887
0.0902543
0.0898419
0.0894502
0.089078
0.0887243
0.0883879
0.0880679
0.0877635
0.0874738
0.0871979
0.0869353
0.0866851
0.0864467
0.0862194
0.0860024
0.0857942
0.0991328
0.0982382
0.0973954
0.0966006
0.0958506
0.0951424
0.0944732
0.0938403
0.0932416
0.0926747
0.0921378
0.091629
0.0911465
0.0906888
0.0902545
0.0898421
0.0894504
0.0890782
0.0887245
0.0883881
0.0880682
0.0877637
0.087474
0.0871982
0.0869356
0.0866854
0.086447
0.0862197
0.0860028
0.0857945
0.0991328
0.0982383
0.0973954
0.0966007
0.0958507
0.0951425
0.0944732
0.0938404
0.0932417
0.0926749
0.092138
0.0916291
0.0911467
0.090689
0.0902547
0.0898423
0.0894506
0.0890784
0.0887247
0.0883883
0.0880684
0.087764
0.0874743
0.0871985
0.0869358
0.0866857
0.0864473
0.0862201
0.0860031
0.0857949
0.0991328
0.0982383
0.0973955
0.0966007
0.0958508
0.0951426
0.0944733
0.0938405
0.0932418
0.092675
0.0921381
0.0916293
0.0911468
0.0906892
0.0902549
0.0898425
0.0894508
0.0890787
0.0887249
0.0883886
0.0880687
0.0877643
0.0874746
0.0871988
0.0869361
0.086686
0.0864476
0.0862204
0.0860034
0.0857952
0.0991329
0.0982383
0.0973955
0.0966008
0.0958509
0.0951427
0.0944734
0.0938406
0.0932419
0.0926751
0.0921382
0.0916294
0.091147
0.0906894
0.0902551
0.0898427
0.089451
0.0890789
0.0887252
0.0883888
0.0880689
0.0877645
0.0874749
0.0871991
0.0869364
0.0866863
0.0864479
0.0862207
0.0860037
0.0857955
0.0991329
0.0982384
0.0973956
0.0966009
0.0958509
0.0951428
0.0944736
0.0938408
0.0932421
0.0926753
0.0921384
0.0916296
0.0911472
0.0906896
0.0902553
0.0898429
0.0894513
0.0890791
0.0887254
0.0883891
0.0880692
0.0877648
0.0874751
0.0871994
0.0869367
0.0866866
0.0864483
0.086221
0.0860041
0.0857959
0.0991329
0.0982384
0.0973956
0.0966009
0.095851
0.0951429
0.0944737
0.0938409
0.0932422
0.0926754
0.0921386
0.0916298
0.0911474
0.0906898
0.0902555
0.0898431
0.0894515
0.0890794
0.0887257
0.0883894
0.0880695
0.0877651
0.0874754
0.0871997
0.086937
0.0866869
0.0864486
0.0862213
0.0860044
0.0857962
0.0991329
0.0982384
0.0973957
0.096601
0.0958511
0.095143
0.0944738
0.093841
0.0932423
0.0926756
0.0921387
0.09163
0.0911476
0.09069
0.0902557
0.0898434
0.0894517
0.0890796
0.0887259
0.0883896
0.0880697
0.0877654
0.0874757
0.0871999
0.0869373
0.0866872
0.0864489
0.0862217
0.0860047
0.0857965
0.0991329
0.0982385
0.0973957
0.0966011
0.0958512
0.0951431
0.0944739
0.0938412
0.0932425
0.0926757
0.0921389
0.0916302
0.0911478
0.0906902
0.0902559
0.0898436
0.089452
0.0890799
0.0887262
0.0883899
0.08807
0.0877657
0.087476
0.0872002
0.0869376
0.0866875
0.0864492
0.086222
0.086005
0.0857968
0.0991329
0.0982385
0.0973958
0.0966012
0.0958513
0.0951432
0.094474
0.0938413
0.0932427
0.0926759
0.0921391
0.0916303
0.091148
0.0906904
0.0902561
0.0898438
0.0894522
0.0890801
0.0887264
0.0883901
0.0880703
0.0877659
0.0874763
0.0872005
0.0869379
0.0866878
0.0864495
0.0862223
0.0860053
0.0857971
0.099133
0.0982386
0.0973959
0.0966012
0.0958514
0.0951433
0.0944742
0.0938415
0.0932428
0.0926761
0.0921393
0.0916305
0.0911482
0.0906906
0.0902564
0.0898441
0.0894525
0.0890804
0.0887267
0.0883904
0.0880706
0.0877662
0.0874766
0.0872008
0.0869382
0.0866881
0.0864498
0.0862226
0.0860056
0.0857975
0.099133
0.0982386
0.0973959
0.0966013
0.0958515
0.0951434
0.0944743
0.0938416
0.093243
0.0926763
0.0921395
0.0916307
0.0911484
0.0906908
0.0902566
0.0898443
0.0894527
0.0890806
0.088727
0.0883907
0.0880708
0.0877665
0.0874769
0.0872011
0.0869385
0.0866884
0.0864501
0.0862229
0.0860059
0.0857978
0.099133
0.0982386
0.097396
0.0966014
0.0958516
0.0951435
0.0944744
0.0938418
0.0932431
0.0926764
0.0921397
0.091631
0.0911486
0.0906911
0.0902568
0.0898445
0.089453
0.0890809
0.0887272
0.088391
0.0880711
0.0877668
0.0874771
0.0872014
0.0869388
0.0866887
0.0864504
0.0862232
0.0860062
0.0857981
0.099133
0.0982387
0.0973961
0.0966015
0.0958517
0.0951437
0.0944746
0.0938419
0.0932433
0.0926766
0.0921399
0.0916312
0.0911488
0.0906913
0.0902571
0.0898448
0.0894532
0.0890812
0.0887275
0.0883912
0.0880714
0.0877671
0.0874774
0.0872017
0.0869391
0.086689
0.0864507
0.0862235
0.0860065
0.0857984
0.099133
0.0982387
0.0973961
0.0966016
0.0958518
0.0951438
0.0944747
0.0938421
0.0932435
0.0926768
0.0921401
0.0916314
0.0911491
0.0906915
0.0902573
0.0898451
0.0894535
0.0890814
0.0887278
0.0883915
0.0880717
0.0877674
0.0874777
0.087202
0.0869394
0.0866893
0.086451
0.0862238
0.0860068
0.0857987
0.0991331
0.0982388
0.0973962
0.0966017
0.095852
0.0951439
0.0944749
0.0938423
0.0932437
0.092677
0.0921403
0.0916316
0.0911493
0.0906918
0.0902576
0.0898453
0.0894538
0.0890817
0.0887281
0.0883918
0.088072
0.0877676
0.087478
0.0872023
0.0869397
0.0866896
0.0864513
0.0862241
0.0860071
0.085799
0.0991331
0.0982388
0.0973963
0.0966018
0.0958521
0.0951441
0.0944751
0.0938424
0.0932439
0.0926772
0.0921405
0.0916318
0.0911495
0.090692
0.0902578
0.0898456
0.089454
0.089082
0.0887283
0.0883921
0.0880722
0.0877679
0.0874783
0.0872026
0.08694
0.0866899
0.0864516
0.0862244
0.0860074
0.0857993
0.0991331
0.0982389
0.0973964
0.0966019
0.0958522
0.0951442
0.0944752
0.0938426
0.0932441
0.0926775
0.0921407
0.0916321
0.0911498
0.0906923
0.0902581
0.0898459
0.0894543
0.0890823
0.0887286
0.0883924
0.0880725
0.0877682
0.0874786
0.0872029
0.0869403
0.0866902
0.0864519
0.0862247
0.0860078
0.0857996
0.0991331
0.098239
0.0973965
0.096602
0.0958523
0.0951444
0.0944754
0.0938428
0.0932443
0.0926777
0.092141
0.0916323
0.09115
0.0906925
0.0902584
0.0898461
0.0894546
0.0890826
0.0887289
0.0883927
0.0880729
0.0877685
0.0874789
0.0872032
0.0869406
0.0866905
0.0864522
0.086225
0.0860081
0.0857999
0.0991332
0.098239
0.0973965
0.0966021
0.0958525
0.0951446
0.0944756
0.093843
0.0932445
0.0926779
0.0921412
0.0916326
0.0911503
0.0906928
0.0902587
0.0898464
0.0894549
0.0890829
0.0887292
0.088393
0.0880732
0.0877689
0.0874792
0.0872035
0.086941
0.0866908
0.0864525
0.0862253
0.0860084
0.0858002
0.0991332
0.0982391
0.0973966
0.0966023
0.0958526
0.0951447
0.0944758
0.0938432
0.0932447
0.0926781
0.0921415
0.0916328
0.0911506
0.0906931
0.0902589
0.0898467
0.0894552
0.0890832
0.0887296
0.0883933
0.0880735
0.0877692
0.0874796
0.0872039
0.0869413
0.0866912
0.0864529
0.0862257
0.0860087
0.0858005
0.0991332
0.0982392
0.0973967
0.0966024
0.0958528
0.0951449
0.094476
0.0938434
0.093245
0.0926784
0.0921417
0.0916331
0.0911509
0.0906934
0.0902593
0.089847
0.0894555
0.0890835
0.0887299
0.0883937
0.0880738
0.0877695
0.0874799
0.0872042
0.0869416
0.0866915
0.0864532
0.086226
0.0860091
0.0858009
0.0991333
0.0982392
0.0973968
0.0966025
0.0958529
0.0951451
0.0944762
0.0938437
0.0932452
0.0926787
0.092142
0.0916334
0.0911512
0.0906937
0.0902596
0.0898474
0.0894559
0.0890839
0.0887302
0.088394
0.0880742
0.0877699
0.0874803
0.0872046
0.086942
0.0866919
0.0864536
0.0862264
0.0860095
0.0858013
0.0991333
0.0982393
0.0973969
0.0966027
0.0958531
0.0951453
0.0944764
0.0938439
0.0932455
0.0926789
0.0921423
0.0916337
0.0911515
0.090694
0.0902599
0.0898477
0.0894562
0.0890842
0.0887306
0.0883944
0.0880746
0.0877703
0.0874807
0.087205
0.0869424
0.0866923
0.086454
0.0862268
0.0860099
0.0858017
0.0991333
0.0982394
0.0973971
0.0966028
0.0958533
0.0951455
0.0944766
0.0938441
0.0932457
0.0926792
0.0921426
0.091634
0.0911518
0.0906944
0.0902603
0.0898481
0.0894566
0.0890846
0.088731
0.0883948
0.088075
0.0877707
0.0874811
0.0872054
0.0869428
0.0866927
0.0864544
0.0862272
0.0860103
0.0858021
0.0991334
0.0982395
0.0973972
0.0966029
0.0958534
0.0951457
0.0944768
0.0938444
0.093246
0.0926795
0.0921429
0.0916343
0.0911521
0.0906947
0.0902606
0.0898484
0.089457
0.089085
0.0887314
0.0883952
0.0880754
0.0877711
0.0874815
0.0872058
0.0869432
0.0866931
0.0864548
0.0862276
0.0860107
0.0858025
0.0991334
0.0982395
0.0973973
0.0966031
0.0958536
0.0951459
0.0944771
0.0938446
0.0932463
0.0926798
0.0921432
0.0916347
0.0911525
0.0906951
0.090261
0.0898488
0.0894574
0.0890854
0.0887318
0.0883956
0.0880758
0.0877715
0.0874819
0.0872062
0.0869437
0.0866936
0.0864553
0.0862281
0.0860112
0.085803
0.0991334
0.0982396
0.0973974
0.0966033
0.0958538
0.0951461
0.0944773
0.0938449
0.0932466
0.0926801
0.0921435
0.091635
0.0911529
0.0906955
0.0902614
0.0898492
0.0894578
0.0890858
0.0887322
0.088396
0.0880763
0.087772
0.0874824
0.0872067
0.0869441
0.0866941
0.0864558
0.0862286
0.0860116
0.0858035
0.0991335
0.0982397
0.0973976
0.0966034
0.095854
0.0951463
0.0944776
0.0938452
0.0932469
0.0926804
0.0921439
0.0916354
0.0911533
0.0906959
0.0902618
0.0898497
0.0894582
0.0890863
0.0887327
0.0883965
0.0880767
0.0877725
0.0874829
0.0872072
0.0869447
0.0866946
0.0864563
0.0862291
0.0860122
0.085804
0.0991335
0.0982398
0.0973977
0.0966036
0.0958542
0.0951466
0.0944778
0.0938455
0.0932472
0.0926808
0.0921443
0.0916358
0.0911537
0.0906963
0.0902622
0.0898501
0.0894587
0.0890867
0.0887332
0.088397
0.0880772
0.087773
0.0874834
0.0872077
0.0869452
0.0866951
0.0864568
0.0862296
0.0860127
0.0858045
0.0991335
0.0982399
0.0973978
0.0966038
0.0958545
0.0951468
0.0944781
0.0938458
0.0932475
0.0926812
0.0921446
0.0916362
0.0911541
0.0906967
0.0902627
0.0898506
0.0894592
0.0890872
0.0887337
0.0883975
0.0880778
0.0877735
0.087484
0.0872083
0.0869458
0.0866957
0.0864574
0.0862302
0.0860133
0.0858051
0.0991336
0.09824
0.097398
0.096604
0.0958547
0.0951471
0.0944784
0.0938461
0.0932479
0.0926815
0.0921451
0.0916366
0.0911545
0.0906972
0.0902632
0.0898511
0.0894597
0.0890878
0.0887342
0.0883981
0.0880783
0.0877741
0.0874845
0.0872089
0.0869464
0.0866963
0.086458
0.0862308
0.0860139
0.0858058
0.0991336
0.0982401
0.0973981
0.0966042
0.0958549
0.0951474
0.0944787
0.0938465
0.0932483
0.0926819
0.0921455
0.0916371
0.091155
0.0906977
0.0902637
0.0898516
0.0894602
0.0890883
0.0887348
0.0883987
0.0880789
0.0877747
0.0874852
0.0872095
0.086947
0.086697
0.0864587
0.0862315
0.0860146
0.0858065
0.0991337
0.0982403
0.0973983
0.0966044
0.0958552
0.0951477
0.0944791
0.0938469
0.0932487
0.0926824
0.0921459
0.0916376
0.0911555
0.0906982
0.0902643
0.0898522
0.0894608
0.089089
0.0887355
0.0883993
0.0880796
0.0877754
0.0874859
0.0872102
0.0869477
0.0866977
0.0864594
0.0862323
0.0860154
0.0858072
0.0991337
0.0982403
0.0973984
0.0966046
0.0958554
0.0951479
0.0944794
0.0938472
0.0932491
0.0926828
0.0921464
0.0916381
0.091156
0.0906988
0.0902648
0.0898528
0.0894614
0.0890895
0.0887361
0.0883999
0.0880802
0.087776
0.0874865
0.0872109
0.0869484
0.0866983
0.0864601
0.0862329
0.0860161
0.0858079
0.0616934
0.059415
0.0583934
0.0600208
0.066624
0.0803428
0.104625
0.13623
0.167649
0.196715
0.221596
0.241253
0.255348
0.264203
0.268404
0.268817
0.26634
0.261711
0.255658
0.248945
0.242775
0.237546
0.233046
0.229228
0.225947
0.223083
0.220581
0.218489
0.216973
0.216341
0.217076
0.219914
0.226023
0.237398
0.257458
0.291545
0.345754
0.423451
0.511755
0.451944
0.0542576
0.0537454
0.0532164
0.0527627
0.0525689
0.0529538
0.0544729
0.0577606
0.063381
0.0721657
0.0853927
0.104007
0.125516
0.148624
0.171293
0.191211
0.206657
0.217008
0.222665
0.224628
0.224155
0.222413
0.219936
0.217283
0.21467
0.212198
0.209955
0.208079
0.206786
0.206392
0.207335
0.210225
0.215922
0.225744
0.241754
0.267628
0.306613
0.357908
0.41005
0.413508
0.0627554
0.0622643
0.0617335
0.0611657
0.0605807
0.0600227
0.0595505
0.0592852
0.0593991
0.0601492
0.0619593
0.0654877
0.0714362
0.0808211
0.0935868
0.109512
0.12748
0.145532
0.161563
0.174165
0.182405
0.187075
0.1893
0.189955
0.189725
0.189033
0.188185
0.187458
0.187144
0.187583
0.189176
0.192397
0.19782
0.206006
0.218447
0.236952
0.262861
0.294474
0.325077
0.336366
0.0693622
0.0688905
0.0683754
0.0678128
0.0671998
0.0665411
0.0658487
0.0651486
0.0644848
0.0639297
0.0635998
0.0636817
0.064442
0.0662976
0.0696999
0.0752076
0.0832882
0.0940032
0.106715
0.120134
0.131776
0.140424
0.1468
0.151071
0.15385
0.155642
0.156863
0.157876
0.159029
0.160669
0.16315
0.166816
0.171862
0.178851
0.188478
0.201385
0.217833
0.236463
0.253774
0.263368
0.0740266
0.0735812
0.0730933
0.0725593
0.0719752
0.0713381
0.070647
0.069905
0.069122
0.0683185
0.0675316
0.0668241
0.0662914
0.0660784
0.0663772
0.0674534
0.0696562
0.0733642
0.0788533
0.0861083
0.0939049
0.100897
0.106929
0.112077
0.116196
0.119477
0.122167
0.124539
0.126876
0.129463
0.132566
0.136338
0.14102
0.147003
0.154484
0.163558
0.174066
0.185178
0.195317
0.202334
0.0773575
0.0769466
0.0764951
0.0759994
0.0754553
0.0748589
0.0742062
0.0734945
0.0727233
0.071896
0.0710229
0.0701256
0.0692416
0.0684303
0.0677746
0.0673881
0.067424
0.0680792
0.0695737
0.0721057
0.0753783
0.0787893
0.0821205
0.0853544
0.0883799
0.091135
0.0936611
0.0960602
0.0984729
0.101056
0.103928
0.10722
0.111208
0.115979
0.12155
0.12783
0.134587
0.141362
0.14751
0.152359
0.0797652
0.0793877
0.0789722
0.0785152
0.0780127
0.0774604
0.0768539
0.0761889
0.0754615
0.0746693
0.0738122
0.0728955
0.0719324
0.0709476
0.0699801
0.0690851
0.0683366
0.0678298
0.0676764
0.0680014
0.0687925
0.0698528
0.0710611
0.072361
0.0737608
0.0751971
0.0766592
0.0781717
0.0797849
0.0815536
0.083542
0.085908
0.0887118
0.0919708
0.0956456
0.0996296
0.103749
0.107767
0.111427
0.114527
0.081519
0.081172
0.0807897
0.0803686
0.0799048
0.0793944
0.0788328
0.0782153
0.0775373
0.0767941
0.0759822
0.0750998
0.0741491
0.0731386
0.0720853
0.0710169
0.0699728
0.0690047
0.0681746
0.0675533
0.0672171
0.0671333
0.0672284
0.067457
0.0678084
0.0682726
0.0688346
0.0694989
0.0702789
0.0712002
0.072326
0.0736926
0.0753182
0.0771944
0.0792793
0.0814971
0.083746
0.0859136
0.0878996
0.089643
0.0827954
0.0824752
0.0821221
0.0817328
0.0813038
0.080831
0.0803103
0.079737
0.0791062
0.0784129
0.0776521
0.0768194
0.075912
0.0749305
0.0738803
0.0727738
0.0716316
0.0704836
0.0693673
0.0683272
0.0674765
0.0668549
0.0664109
0.0661076
0.0659255
0.0658558
0.0658913
0.0660286
0.0662732
0.0666414
0.0671484
0.0678046
0.0686097
0.0695487
0.0705901
0.0716881
0.0727898
0.0738443
0.0748125
0.0756763
0.0837164
0.0834189
0.0830909
0.082729
0.08233
0.0818902
0.0814054
0.0808714
0.0802832
0.0796359
0.0789242
0.0781427
0.0772867
0.076353
0.0753408
0.0742538
0.0731013
0.0718998
0.0706721
0.0694485
0.0683575
0.067476
0.0667648
0.0661933
0.0657407
0.0653945
0.0651467
0.0649931
0.0649332
0.0649692
0.0651034
0.0653349
0.0656569
0.0660555
0.0665093
0.0669919
0.0674763
0.067939
0.0683639
0.0687452
0.0843694
0.084091
0.0837838
0.083445
0.0830715
0.0826596
0.0822057
0.0817055
0.0811545
0.0805479
0.0798803
0.0791464
0.0783407
0.0774583
0.0764956
0.0754512
0.0743277
0.0731326
0.071879
0.0705871
0.0693904
0.0683846
0.0675396
0.0668293
0.0662345
0.0657413
0.06534
0.0650243
0.0647898
0.0646337
0.0645526
0.0645416
0.0645928
0.0646952
0.0648345
0.0649953
0.0651632
0.0653264
0.0654773
0.0656127
0.0848209
0.0845578
0.0842677
0.0839478
0.0835951
0.0832065
0.0827782
0.0823065
0.081787
0.0812151
0.0805858
0.0798939
0.0791337
0.0782998
0.0773873
0.0763922
0.0753132
0.074152
0.0729148
0.0716144
0.0703827
0.069325
0.068417
0.0676372
0.0669677
0.066395
0.0659088
0.0655013
0.0651664
0.0648988
0.0646933
0.0645439
0.0644434
0.064383
0.0643532
0.0643445
0.0643482
0.0643577
0.0643684
0.0643778
0.085123
0.0848718
0.0845951
0.0842901
0.0839541
0.083584
0.0831765
0.0827279
0.0822343
0.0816912
0.081094
0.0804376
0.0797168
0.0789258
0.0780594
0.0771125
0.0760814
0.0749645
0.0737633
0.0724848
0.0712563
0.0701865
0.0692562
0.0684461
0.0677407
0.0671271
0.066595
0.0661363
0.0657441
0.0654123
0.0651352
0.0649067
0.0647205
0.0645697
0.0644475
0.0643472
0.0642633
0.0641912
0.0641276
0.06407
0.0853173
0.0850751
0.0848083
0.0845146
0.0841913
0.0838356
0.0834442
0.0830138
0.0825406
0.0820205
0.0814493
0.080822
0.0801337
0.0793791
0.0785526
0.0776488
0.0766631
0.0755917
0.0744331
0.0731906
0.0719857
0.0709261
0.069996
0.0691788
0.0684604
0.0678291
0.0672749
0.0667896
0.0663664
0.0659991
0.0656818
0.0654089
0.0651748
0.0649738
0.0648007
0.0646504
0.0645189
0.0644025
0.0642985
0.0642043
0.0854367
0.0852008
0.0849413
0.0846557
0.0843417
0.0839965
0.0836171
0.0832003
0.0827426
0.0822402
0.081689
0.0810846
0.0804223
0.079697
0.0789035
0.0780363
0.0770903
0.0760608
0.0749445
0.0737419
0.072569
0.0715309
0.0706139
0.069803
0.0690856
0.0684506
0.067889
0.0673927
0.0669549
0.0665697
0.0662315
0.065935
0.0656752
0.0654472
0.0652466
0.0650694
0.0649121
0.0647717
0.0646458
0.0645314
0.0855066
0.085275
0.0850203
0.0847403
0.0844327
0.0840947
0.0837238
0.0833167
0.0828702
0.0823807
0.0818444
0.0812572
0.0806147
0.0799122
0.0791446
0.0783069
0.0773938
0.0764002
0.0753219
0.0741578
0.0730185
0.0720063
0.0711082
0.0703108
0.0696021
0.0689721
0.0684118
0.067914
0.067472
0.06708
0.0667327
0.0664252
0.0661528
0.0659114
0.0656969
0.0655058
0.0653352
0.0651824
0.0650449
0.06492
0.0855455
0.0853165
0.0850649
0.0847885
0.084485
0.0841519
0.0837865
0.083386
0.0829471
0.0824666
0.0819408
0.0813659
0.0807377
0.0800519
0.0793039
0.0784888
0.0776015
0.076637
0.0755906
0.0744603
0.0733525
0.0723661
0.0714887
0.0707076
0.0700114
0.0693907
0.068837
0.0683431
0.0679029
0.0675107
0.0671614
0.0668504
0.0665734
0.0663264
0.0661059
0.0659087
0.0657319
0.0655732
0.0654302
0.0653002
0.0855659
0.0853386
0.0850888
0.0848145
0.0845136
0.0841835
0.0838216
0.0834252
0.0829913
0.0825166
0.0819978
0.0814311
0.0808129
0.0801388
0.0794048
0.0786061
0.0777381
0.0767959
0.0757747
0.0746722
0.0735915
0.0726283
0.0717706
0.0710059
0.0703233
0.0697136
0.0691687
0.0686817
0.0682466
0.0678578
0.0675105
0.0672003
0.066923
0.066675
0.0664529
0.0662538
0.0660751
0.0659143
0.0657693
0.0656373
0.0855762
0.0853497
0.085101
0.0848279
0.0845284
0.0842
0.0838402
0.0834463
0.0830154
0.0825443
0.0820298
0.0814685
0.0808566
0.0801903
0.0794657
0.0786784
0.077824
0.0768979
0.0758957
0.0748147
0.0737558
0.072812
0.0719714
0.0712216
0.0705518
0.0699531
0.0694175
0.0689383
0.0685095
0.0681259
0.0677825
0.0674752
0.0672
0.0669533
0.066732
0.0665334
0.0663548
0.066194
0.0660488
0.0659167
0.0855811
0.085355
0.0851069
0.0848345
0.0845358
0.0842083
0.0838497
0.0834571
0.0830279
0.0825589
0.082047
0.0814888
0.0808808
0.0802194
0.0795007
0.0787208
0.0778755
0.0769605
0.0759716
0.0749064
0.0738639
0.0729354
0.0721087
0.0713713
0.0707126
0.0701237
0.0695968
0.0691251
0.0687027
0.0683245
0.0679857
0.0676821
0.0674098
0.0671655
0.0669461
0.066749
0.0665716
0.0664118
0.0662675
0.066136
0.0855834
0.0853576
0.0851097
0.0848376
0.0845393
0.0842123
0.0838543
0.0834625
0.0830341
0.0825662
0.0820557
0.0814993
0.0808935
0.0802349
0.0795198
0.0787444
0.0779048
0.0769969
0.0760169
0.0749626
0.0739318
0.0730145
0.0721984
0.0714707
0.070821
0.0702403
0.0697207
0.0692555
0.0688389
0.0684657
0.0681312
0.0678312
0.067562
0.0673203
0.0671031
0.0669077
0.0667319
0.0665735
0.0664303
0.0662999
0.0855845
0.0853588
0.085111
0.0848391
0.084541
0.0842143
0.0838565
0.0834651
0.0830372
0.0825698
0.08206
0.0815045
0.0808999
0.0802428
0.0795297
0.0787568
0.0779205
0.0770169
0.0760424
0.0749951
0.0739722
0.0730627
0.0722541
0.0715337
0.0708908
0.0703163
0.0698025
0.0693426
0.0689308
0.0685617
0.0682308
0.067934
0.0676675
0.0674281
0.0672129
0.0670193
0.066845
0.0666879
0.0665459
0.0664165
0.0855851
0.0853594
0.0851117
0.0848399
0.0845419
0.0842153
0.0838576
0.0834664
0.0830387
0.0825716
0.0820621
0.0815071
0.080903
0.0802467
0.0795345
0.0787629
0.0779284
0.0770272
0.0760558
0.0750127
0.0739948
0.0730904
0.0722869
0.0715715
0.0709334
0.0703636
0.069854
0.0693981
0.0689898
0.068624
0.0682959
0.0680016
0.0677373
0.0674998
0.0672862
0.0670941
0.066921
0.066765
0.066624
0.0664955
0.0855855
0.0853599
0.0851122
0.0848404
0.0845424
0.0842159
0.0838583
0.0834671
0.0830395
0.0825725
0.0820632
0.0815083
0.0809045
0.0802485
0.0795367
0.0787657
0.077932
0.077032
0.0760623
0.0750215
0.0740064
0.0731052
0.0723049
0.0715928
0.070958
0.0703912
0.0698847
0.0694316
0.0690259
0.0686623
0.0683363
0.0680438
0.0677811
0.067545
0.0673326
0.0671415
0.0669694
0.0668142
0.0666739
0.0665461
0.0855858
0.0853602
0.0851126
0.0848408
0.0845428
0.0842163
0.0838588
0.0834676
0.08304
0.0825731
0.0820638
0.081509
0.0809053
0.0802493
0.0795377
0.0787669
0.0779335
0.0770339
0.0760649
0.0750252
0.0740117
0.0731122
0.0723139
0.0716038
0.070971
0.0704064
0.0699018
0.0694506
0.0690466
0.0686846
0.06836
0.0680686
0.067807
0.0675718
0.0673603
0.0671698
0.0669983
0.0668437
0.066704
0.0665765
0.0855862
0.0853606
0.0851129
0.0848412
0.0845432
0.0842167
0.0838592
0.083468
0.0830405
0.0825736
0.0820643
0.0815094
0.0809057
0.0802498
0.0795381
0.0787673
0.0779339
0.0770344
0.0760657
0.0750264
0.0740136
0.073115
0.0723177
0.0716088
0.0709773
0.0704139
0.0699106
0.0694605
0.0690576
0.0686965
0.0683728
0.0680822
0.0678212
0.0675866
0.0673755
0.0671855
0.0670144
0.0668601
0.0667206
0.0665935
0.0855865
0.0853609
0.0851133
0.0848416
0.0845436
0.0842171
0.0838596
0.0834684
0.0830408
0.082574
0.0820647
0.0815098
0.0809061
0.08025
0.0795383
0.0787674
0.0779339
0.0770344
0.0760655
0.0750264
0.0740138
0.0731155
0.0723188
0.0716105
0.0709797
0.070417
0.0699144
0.069465
0.0690628
0.0687023
0.0683791
0.0680889
0.0678282
0.0675939
0.0673831
0.0671934
0.0670224
0.0668683
0.0667289
0.0666019
0.0855869
0.0853613
0.0851137
0.0848419
0.084544
0.0842175
0.0838599
0.0834688
0.0830412
0.0825743
0.082065
0.0815101
0.0809063
0.0802503
0.0795385
0.0787675
0.0779338
0.0770341
0.0760651
0.0750258
0.0740131
0.073115
0.0723185
0.0716105
0.0709801
0.0704178
0.0699156
0.0694666
0.0690647
0.0687046
0.0683816
0.0680916
0.0678311
0.0675969
0.0673862
0.0671965
0.0670256
0.0668715
0.0667322
0.0666052
0.0855872
0.0853616
0.085114
0.0848423
0.0845443
0.0842178
0.0838603
0.0834692
0.0830416
0.0825747
0.0820654
0.0815104
0.0809066
0.0802505
0.0795386
0.0787675
0.0779336
0.0770337
0.0760645
0.075025
0.0740123
0.0731141
0.0723176
0.0716098
0.0709795
0.0704175
0.0699155
0.0694667
0.069065
0.068705
0.068382
0.0680922
0.0678317
0.0675975
0.0673868
0.0671971
0.0670262
0.0668721
0.0667328
0.0666057
0.0855875
0.085362
0.0851144
0.0848427
0.0845447
0.0842182
0.0838607
0.0834695
0.083042
0.082575
0.0820657
0.0815107
0.0809069
0.0802507
0.0795387
0.0787674
0.0779335
0.0770334
0.076064
0.0750243
0.0740113
0.0731131
0.0723166
0.0716088
0.0709786
0.0704166
0.0699148
0.0694661
0.0690644
0.0687044
0.0683815
0.0680917
0.0678312
0.067597
0.0673862
0.0671965
0.0670255
0.0668713
0.0667319
0.0666048
0.0855879
0.0853623
0.0851147
0.084843
0.0845451
0.0842186
0.083861
0.0834699
0.0830423
0.0825754
0.082066
0.081511
0.0809071
0.0802509
0.0795388
0.0787674
0.0779333
0.0770331
0.0760635
0.0750236
0.0740104
0.0731121
0.0723155
0.0716077
0.0709775
0.0704156
0.0699138
0.0694651
0.0690635
0.0687035
0.0683806
0.0680906
0.0678301
0.0675958
0.067385
0.0671952
0.0670241
0.0668699
0.0667304
0.0666033
0.0855882
0.0853627
0.0851151
0.0848433
0.0845454
0.0842189
0.0838614
0.0834702
0.0830426
0.0825757
0.0820663
0.0815113
0.0809074
0.080251
0.0795389
0.0787675
0.0779332
0.0770328
0.076063
0.0750229
0.0740096
0.0731111
0.0723145
0.0716066
0.0709765
0.0704145
0.0699128
0.0694641
0.0690624
0.0687024
0.0683794
0.0680894
0.0678288
0.0675945
0.0673836
0.0671937
0.0670225
0.0668682
0.0667287
0.0666014
0.0855885
0.085363
0.0851154
0.0848437
0.0845457
0.0842192
0.0838617
0.0834706
0.083043
0.082576
0.0820666
0.0815116
0.0809076
0.0802512
0.079539
0.0787675
0.0779331
0.0770326
0.0760626
0.0750223
0.0740088
0.0731102
0.0723135
0.0716056
0.0709754
0.0704135
0.0699117
0.069463
0.0690612
0.0687012
0.0683782
0.0680881
0.0678275
0.067593
0.067382
0.0671921
0.0670209
0.0668665
0.0667269
0.0665995
0.0855889
0.0853633
0.0851157
0.084844
0.0845461
0.0842196
0.083862
0.0834709
0.0830433
0.0825763
0.0820669
0.0815118
0.0809078
0.0802514
0.0795391
0.0787675
0.077933
0.0770323
0.0760622
0.0750217
0.0740081
0.0731094
0.0723126
0.0716046
0.0709744
0.0704125
0.0699106
0.0694619
0.0690601
0.0687
0.0683769
0.0680868
0.0678261
0.0675916
0.0673805
0.0671904
0.0670192
0.0668647
0.066725
0.0665976
0.0855892
0.0853636
0.085116
0.0848443
0.0845464
0.0842199
0.0838624
0.0834712
0.0830436
0.0825766
0.0820672
0.0815121
0.080908
0.0802516
0.0795392
0.0787675
0.077933
0.0770321
0.0760619
0.0750212
0.0740075
0.0731086
0.0723118
0.0716037
0.0709735
0.0704115
0.0699096
0.0694608
0.0690589
0.0686988
0.0683756
0.0680854
0.0678246
0.0675901
0.0673789
0.0671888
0.0670175
0.0668629
0.0667232
0.0665958
0.0855895
0.0853639
0.0851163
0.0848446
0.0845467
0.0842202
0.0838627
0.0834715
0.0830439
0.0825769
0.0820674
0.0815123
0.0809082
0.0802517
0.0795393
0.0787675
0.0779329
0.0770319
0.0760615
0.0750208
0.0740069
0.0731079
0.0723109
0.0716028
0.0709725
0.0704105
0.0699085
0.0694597
0.0690578
0.0686975
0.0683743
0.0680841
0.0678232
0.0675886
0.0673774
0.0671872
0.0670158
0.0668612
0.0667214
0.0665939
0.0855898
0.0853643
0.0851166
0.0848449
0.084547
0.0842205
0.083863
0.0834718
0.0830442
0.0825771
0.0820677
0.0815126
0.0809084
0.0802519
0.0795394
0.0787676
0.0779328
0.0770318
0.0760612
0.0750203
0.0740063
0.0731072
0.0723101
0.071602
0.0709716
0.0704095
0.0699075
0.0694585
0.0690566
0.0686963
0.068373
0.0680827
0.0678218
0.067587
0.0673758
0.0671855
0.0670141
0.0668594
0.0667196
0.066592
0.0855901
0.0853646
0.0851169
0.0848452
0.0845473
0.0842208
0.0838633
0.0834721
0.0830444
0.0825774
0.0820679
0.0815128
0.0809086
0.080252
0.0795395
0.0787676
0.0779328
0.0770316
0.076061
0.0750199
0.0740057
0.0731066
0.0723094
0.0716011
0.0709707
0.0704085
0.0699064
0.0694574
0.0690554
0.068695
0.0683717
0.0680813
0.0678203
0.0675855
0.0673742
0.0671839
0.0670124
0.0668576
0.0667178
0.0665902
0.0855904
0.0853648
0.0851172
0.0848455
0.0845476
0.0842211
0.0838635
0.0834723
0.0830447
0.0825777
0.0820682
0.081513
0.0809088
0.0802521
0.0795396
0.0787676
0.0779327
0.0770315
0.0760607
0.0750195
0.0740052
0.0731059
0.0723086
0.0716003
0.0709697
0.0704075
0.0699053
0.0694563
0.0690542
0.0686938
0.0683703
0.0680799
0.0678188
0.067584
0.0673726
0.0671822
0.0670106
0.0668559
0.0667159
0.0665883
0.0855907
0.0853651
0.0851175
0.0848458
0.0845479
0.0842214
0.0838638
0.0834726
0.083045
0.0825779
0.0820684
0.0815132
0.080909
0.0802523
0.0795397
0.0787676
0.0779327
0.0770313
0.0760604
0.0750191
0.0740047
0.0731053
0.0723079
0.0715995
0.0709688
0.0704065
0.0699043
0.0694551
0.069053
0.0686925
0.068369
0.0680785
0.0678173
0.0675824
0.067371
0.0671805
0.0670089
0.0668541
0.0667141
0.0665864
0.085591
0.0853654
0.0851178
0.0848461
0.0845482
0.0842216
0.0838641
0.0834729
0.0830452
0.0825782
0.0820686
0.0815134
0.0809091
0.0802524
0.0795398
0.0787677
0.0779326
0.0770312
0.0760602
0.0750188
0.0740042
0.0731047
0.0723072
0.0715987
0.070968
0.0704055
0.0699032
0.069454
0.0690518
0.0686912
0.0683676
0.068077
0.0678158
0.0675808
0.0673693
0.0671789
0.0670072
0.0668523
0.0667123
0.0665846
0.0855913
0.0853657
0.0851181
0.0848464
0.0845485
0.0842219
0.0838644
0.0834732
0.0830455
0.0825784
0.0820689
0.0815136
0.0809093
0.0802526
0.0795399
0.0787677
0.0779326
0.0770311
0.07606
0.0750185
0.0740038
0.0731041
0.0723066
0.0715979
0.0709671
0.0704046
0.0699022
0.0694529
0.0690506
0.0686899
0.0683663
0.0680756
0.0678143
0.0675793
0.0673677
0.0671772
0.0670055
0.0668505
0.0667105
0.0665827
0.0855916
0.0853661
0.0851184
0.0848467
0.0845488
0.0842222
0.0838647
0.0834734
0.0830458
0.0825787
0.0820691
0.0815138
0.0809095
0.0802527
0.07954
0.0787678
0.0779326
0.077031
0.0760598
0.0750182
0.0740034
0.0731036
0.0723059
0.0715972
0.0709662
0.0704036
0.0699012
0.0694518
0.0690494
0.0686886
0.0683649
0.0680742
0.0678128
0.0675777
0.0673661
0.0671755
0.0670037
0.0668488
0.0667087
0.0665809
0.0855919
0.0853664
0.0851187
0.084847
0.0845491
0.0842225
0.083865
0.0834737
0.083046
0.0825789
0.0820694
0.0815141
0.0809097
0.0802529
0.0795401
0.0787679
0.0779326
0.0770309
0.0760597
0.0750179
0.074003
0.0731031
0.0723053
0.0715965
0.0709654
0.0704027
0.0699001
0.0694507
0.0690482
0.0686874
0.0683636
0.0680728
0.0678114
0.0675762
0.0673645
0.0671739
0.0670021
0.0668471
0.0667069
0.0665791
0.0855922
0.0853667
0.0851191
0.0848473
0.0845494
0.0842228
0.0838653
0.083474
0.0830463
0.0825792
0.0820696
0.0815143
0.0809099
0.0802531
0.0795403
0.078768
0.0779326
0.0770309
0.0760595
0.0750177
0.0740026
0.0731026
0.0723047
0.0715958
0.0709646
0.0704018
0.0698992
0.0694496
0.069047
0.0686861
0.0683623
0.0680714
0.0678099
0.0675747
0.067363
0.0671723
0.0670004
0.0668454
0.0667052
0.0665773
0.0855926
0.085367
0.0851194
0.0848477
0.0845497
0.0842232
0.0838656
0.0834743
0.0830466
0.0825795
0.0820699
0.0815146
0.0809102
0.0802533
0.0795404
0.0787681
0.0779327
0.0770309
0.0760594
0.0750175
0.0740023
0.0731022
0.0723042
0.0715951
0.0709639
0.070401
0.0698982
0.0694486
0.0690459
0.068685
0.068361
0.0680701
0.0678085
0.0675733
0.0673615
0.0671707
0.0669988
0.0668437
0.0667035
0.0665755
0.0855929
0.0853674
0.0851198
0.084848
0.0845501
0.0842235
0.0838659
0.0834747
0.083047
0.0825798
0.0820702
0.0815148
0.0809104
0.0802535
0.0795406
0.0787682
0.0779328
0.0770309
0.0760594
0.0750173
0.074002
0.0731018
0.0723037
0.0715945
0.0709632
0.0704002
0.0698974
0.0694476
0.0690449
0.0686838
0.0683598
0.0680688
0.0678072
0.0675719
0.06736
0.0671692
0.0669972
0.0668421
0.0667018
0.0665739
0.0855933
0.0853677
0.0851201
0.0848484
0.0845504
0.0842239
0.0838663
0.083475
0.0830473
0.0825802
0.0820705
0.0815152
0.0809107
0.0802538
0.0795409
0.0787684
0.0779329
0.077031
0.0760594
0.0750172
0.0740018
0.0731015
0.0723033
0.071594
0.0709626
0.0703995
0.0698965
0.0694467
0.0690439
0.0686828
0.0683587
0.0680676
0.0678059
0.0675705
0.0673586
0.0671678
0.0669958
0.0668406
0.0667002
0.0665723
0.0855937
0.0853681
0.0851205
0.0848488
0.0845508
0.0842243
0.0838667
0.0834754
0.0830477
0.0825805
0.0820709
0.0815155
0.080911
0.0802541
0.0795411
0.0787686
0.0779331
0.0770311
0.0760594
0.0750171
0.0740017
0.0731013
0.0723029
0.0715935
0.070962
0.0703988
0.0698958
0.0694459
0.069043
0.0686818
0.0683576
0.0680665
0.0678047
0.0675693
0.0673573
0.0671664
0.0669944
0.0668391
0.0666988
0.0665707
0.0855941
0.0853685
0.0851209
0.0848492
0.0845512
0.0842247
0.0838671
0.0834758
0.0830481
0.0825809
0.0820712
0.0815159
0.0809114
0.0802544
0.0795414
0.0787689
0.0779333
0.0770313
0.0760595
0.0750171
0.0740016
0.0731011
0.0723026
0.0715932
0.0709615
0.0703983
0.0698951
0.0694451
0.0690422
0.0686809
0.0683567
0.0680654
0.0678036
0.0675681
0.0673561
0.0671652
0.0669931
0.0668378
0.0666974
0.0665693
0.0855945
0.085369
0.0851214
0.0848496
0.0845517
0.0842251
0.0838675
0.0834762
0.0830485
0.0825813
0.0820717
0.0815163
0.0809118
0.0802548
0.0795418
0.0787692
0.0779336
0.0770315
0.0760597
0.0750172
0.0740016
0.073101
0.0723024
0.0715929
0.0709612
0.0703978
0.0698946
0.0694445
0.0690414
0.0686801
0.0683558
0.0680645
0.0678027
0.0675671
0.067355
0.067164
0.0669919
0.0668366
0.0666961
0.066568
0.085595
0.0853694
0.0851218
0.0848501
0.0845521
0.0842256
0.083868
0.0834767
0.083049
0.0825818
0.0820721
0.0815167
0.0809122
0.0802552
0.0795422
0.0787696
0.0779339
0.0770318
0.0760599
0.0750174
0.0740016
0.0731009
0.0723023
0.0715927
0.0709609
0.0703974
0.0698941
0.069444
0.0690409
0.0686794
0.0683551
0.0680637
0.0678018
0.0675662
0.0673541
0.067163
0.0669908
0.0668355
0.066695
0.0665669
0.0855955
0.0853699
0.0851223
0.0848506
0.0845526
0.0842261
0.0838685
0.0834772
0.0830495
0.0825823
0.0820726
0.0815172
0.0809127
0.0802557
0.0795426
0.07877
0.0779343
0.0770321
0.0760602
0.0750176
0.0740018
0.073101
0.0723023
0.0715926
0.0709607
0.0703972
0.0698938
0.0694436
0.0690404
0.0686789
0.0683545
0.0680631
0.0678011
0.0675655
0.0673533
0.0671622
0.06699
0.0668346
0.0666941
0.0665659
0.085596
0.0853705
0.0851229
0.0848511
0.0845532
0.0842266
0.083869
0.0834778
0.08305
0.0825828
0.0820732
0.0815177
0.0809132
0.0802562
0.0795431
0.0787705
0.0779348
0.0770326
0.0760606
0.0750179
0.0740021
0.0731012
0.0723024
0.0715926
0.0709607
0.0703971
0.0698937
0.0694434
0.0690401
0.0686786
0.0683541
0.0680626
0.0678006
0.0675649
0.0673527
0.0671616
0.0669893
0.0668339
0.0666933
0.0665651
0.0855966
0.085371
0.0851234
0.0848517
0.0845537
0.0842272
0.0838696
0.0834783
0.0830506
0.0825834
0.0820738
0.0815183
0.0809138
0.0802568
0.0795437
0.0787711
0.0779353
0.0770331
0.0760611
0.0750184
0.0740024
0.0731015
0.0723027
0.0715928
0.0709608
0.0703972
0.0698937
0.0694433
0.06904
0.0686784
0.0683539
0.0680624
0.0678003
0.0675645
0.0673523
0.0671611
0.0669888
0.0668334
0.0666928
0.0665645
0.0855972
0.0853716
0.085124
0.0848523
0.0845544
0.0842278
0.0838702
0.083479
0.0830512
0.0825841
0.0820744
0.081519
0.0809145
0.0802574
0.0795444
0.0787717
0.077936
0.0770337
0.0760617
0.0750189
0.074003
0.073102
0.0723031
0.0715932
0.0709611
0.0703974
0.0698939
0.0694435
0.0690401
0.0686784
0.0683539
0.0680623
0.0678002
0.0675644
0.0673521
0.0671609
0.0669886
0.0668331
0.0666925
0.0665642
0.0855978
0.0853723
0.0851247
0.084853
0.084555
0.0842285
0.0838709
0.0834797
0.0830519
0.0825848
0.0820751
0.0815197
0.0809152
0.0802582
0.0795451
0.0787725
0.0779367
0.0770344
0.0760624
0.0750196
0.0740036
0.0731026
0.0723037
0.0715937
0.0709616
0.0703978
0.0698943
0.0694438
0.0690404
0.0686787
0.0683541
0.0680625
0.0678004
0.0675645
0.0673522
0.067161
0.0669886
0.0668331
0.0666925
0.0665642
0.0855985
0.085373
0.0851254
0.0848537
0.0845558
0.0842292
0.0838717
0.0834804
0.0830527
0.0825856
0.0820759
0.0815205
0.080916
0.080259
0.0795459
0.0787733
0.0779376
0.0770353
0.0760632
0.0750204
0.0740044
0.0731034
0.0723044
0.0715944
0.0709623
0.0703985
0.0698949
0.0694444
0.0690409
0.0686792
0.0683546
0.068063
0.0678008
0.0675649
0.0673526
0.0671613
0.066989
0.0668334
0.0666928
0.0665645
0.0855993
0.0853738
0.0851262
0.0848545
0.0845566
0.0842301
0.0838725
0.0834813
0.0830536
0.0825864
0.0820768
0.0815214
0.0809169
0.0802599
0.0795468
0.0787742
0.0779385
0.0770362
0.0760641
0.0750213
0.0740053
0.0731042
0.0723052
0.0715952
0.070963
0.0703992
0.0698956
0.0694451
0.0690416
0.0686799
0.0683552
0.0680636
0.0678014
0.0675655
0.0673531
0.0671619
0.0669895
0.0668339
0.0666933
0.0665649
0.0856
0.0853745
0.0851269
0.0848552
0.0845573
0.0842308
0.0838732
0.083482
0.0830543
0.0825871
0.0820775
0.0815221
0.0809176
0.0802606
0.0795476
0.0787749
0.0779392
0.0770369
0.0760648
0.075022
0.0740059
0.0731049
0.0723059
0.0715958
0.0709636
0.0703998
0.0698961
0.0694456
0.0690421
0.0686804
0.0683557
0.068064
0.0678018
0.0675659
0.0673536
0.0671623
0.0669899
0.0668343
0.0666936
0.0665653
0.382359
0.317916
0.265133
0.223738
0.191875
0.167555
0.149239
0.135517
0.125018
0.116786
0.110164
0.1047
0.100081
0.0960892
0.092574
0.0894246
0.086561
0.0839257
0.0814774
0.0791854
0.0770267
0.0749846
0.0730466
0.0712028
0.0694453
0.0677668
0.0661612
0.0646204
0.0631411
0.0616902
0.382463
0.353497
0.329861
0.30923
0.291488
0.276091
0.26218
0.249258
0.237251
0.2261
0.215746
0.206121
0.197152
0.188777
0.180943
0.173585
0.166653
0.160107
0.153914
0.148044
0.142474
0.137183
0.132153
0.127368
0.122811
0.118471
0.114334
0.110387
0.106647
0.103035
0.328299
0.31746
0.305993
0.294359
0.283211
0.272753
0.262965
0.253783
0.2451
0.236812
0.228834
0.221141
0.213711
0.206529
0.19958
0.192858
0.18635
0.180056
0.17397
0.168088
0.162405
0.156918
0.151623
0.146516
0.141589
0.136838
0.132262
0.127854
0.123647
0.119613
0.264549
0.262527
0.259071
0.254714
0.249876
0.244787
0.23955
0.234236
0.228897
0.223567
0.218266
0.21297
0.207673
0.202395
0.19715
0.191949
0.1868
0.18171
0.176686
0.171731
0.166853
0.16206
0.157354
0.152739
0.148221
0.143804
0.139495
0.135295
0.131249
0.127368
0.206003
0.207752
0.208274
0.207878
0.206822
0.205283
0.203373
0.201167
0.198723
0.196085
0.193291
0.190378
0.187364
0.184223
0.180967
0.177615
0.174185
0.170691
0.167147
0.163566
0.159958
0.156335
0.152706
0.149078
0.145462
0.141869
0.138307
0.134786
0.131351
0.12803
0.155978
0.158714
0.160745
0.16218
0.163125
0.163665
0.163856
0.163742
0.163356
0.162724
0.161873
0.160826
0.159607
0.158249
0.156757
0.155111
0.15332
0.151399
0.149363
0.147224
0.144994
0.142683
0.140302
0.13786
0.135368
0.132835
0.130273
0.127692
0.125134
0.122633
0.117209
0.119577
0.121648
0.123437
0.124967
0.126263
0.127345
0.128228
0.128923
0.129438
0.129782
0.129961
0.129984
0.12986
0.1296
0.129225
0.128732
0.128107
0.127348
0.126464
0.125464
0.124355
0.123145
0.121842
0.120455
0.118991
0.11746
0.115872
0.114258
0.112646
0.0912563
0.0927882
0.0942323
0.0955838
0.0968432
0.0980142
0.0991
0.100102
0.101022
0.101858
0.102608
0.10327
0.103843
0.104325
0.104716
0.105018
0.105233
0.105369
0.105424
0.10539
0.105255
0.105022
0.104694
0.104275
0.103767
0.103177
0.10251
0.101772
0.100982
0.100156
0.0764988
0.0773065
0.078096
0.0788646
0.0796118
0.0803385
0.0810459
0.0817343
0.0824034
0.0830521
0.0836783
0.0842792
0.0848515
0.0853916
0.0858961
0.0863616
0.0867854
0.0871661
0.0875017
0.0877905
0.0880357
0.0882295
0.0883654
0.0884368
0.0884438
0.0883868
0.0882678
0.0880885
0.0878562
0.0875758
0.0691115
0.0694752
0.0698352
0.0701907
0.0705422
0.070891
0.0712388
0.0715868
0.0719361
0.072287
0.0726392
0.072992
0.073344
0.0736933
0.0740377
0.0743747
0.0747016
0.0750161
0.0753155
0.0755976
0.0758607
0.0761021
0.0763197
0.0765126
0.0766759
0.0768057
0.0768997
0.0769558
0.076974
0.0769528
0.0657424
0.06587
0.0659951
0.0661172
0.0662368
0.066355
0.066473
0.0665922
0.0667141
0.0668397
0.0669695
0.0671042
0.0672436
0.0673874
0.0675351
0.0676855
0.0678377
0.0679901
0.0681413
0.0682897
0.0684337
0.0685717
0.068702
0.0688233
0.0689336
0.0690307
0.0691129
0.0691781
0.069224
0.0692488
0.0643854
0.0643904
0.064392
0.06439
0.0643842
0.0643753
0.0643641
0.0643515
0.0643385
0.0643262
0.0643154
0.0643067
0.0643008
0.0642978
0.0642979
0.064301
0.0643069
0.064315
0.0643249
0.0643358
0.0643468
0.0643572
0.0643659
0.064372
0.0643745
0.0643723
0.0643642
0.0643489
0.0643244
0.0642922
0.0640126
0.0639518
0.0638871
0.063818
0.0637443
0.063666
0.0635836
0.0634975
0.0634087
0.0633173
0.0632239
0.0631293
0.0630341
0.0629387
0.0628434
0.0627485
0.0626541
0.0625601
0.0624665
0.0623731
0.0622796
0.0621857
0.0620908
0.0619946
0.0618964
0.0617957
0.0616919
0.0615841
0.0614712
0.0613595
0.0641111
0.0640143
0.0639129
0.0638067
0.0636953
0.0635786
0.0634566
0.0633294
0.0631974
0.063061
0.0629208
0.0627768
0.0626288
0.0624775
0.0623235
0.0621672
0.0620087
0.0618481
0.0616855
0.061521
0.0613545
0.0611859
0.0610151
0.0608419
0.0606661
0.0604874
0.0603054
0.0601197
0.0599302
0.0597476
0.0644186
0.0643018
0.0641802
0.0640533
0.0639209
0.0637828
0.0636388
0.0634889
0.063333
0.0631712
0.0630038
0.0628305
0.0626523
0.0624689
0.0622805
0.0620874
0.0618896
0.0616875
0.0614811
0.0612705
0.0610558
0.060837
0.0606141
0.0603871
0.0601559
0.0599204
0.0596805
0.059436
0.0591875
0.0589501
0.0647967
0.0646692
0.0645367
0.0643987
0.064255
0.0641053
0.0639495
0.0637873
0.0636186
0.0634433
0.0632613
0.0630728
0.0628776
0.0626759
0.0624678
0.0622534
0.0620327
0.0618058
0.0615728
0.0613337
0.0610886
0.0608376
0.0605807
0.0603179
0.0600492
0.0597746
0.0594941
0.0592077
0.0589165
0.0586393
0.0651719
0.0650392
0.0649013
0.0647578
0.0646085
0.0644532
0.0642915
0.0641233
0.0639483
0.0637664
0.0635774
0.0633812
0.0631776
0.0629668
0.0627485
0.0625228
0.0622896
0.062049
0.0618009
0.0615454
0.0612824
0.0610121
0.0607342
0.060449
0.0601564
0.0598564
0.059549
0.0592342
0.0589138
0.0586092
0.065507
0.0653723
0.0652323
0.0650867
0.0649352
0.0647777
0.0646138
0.0644433
0.0642659
0.0640815
0.0638898
0.0636905
0.0634837
0.063269
0.0630464
0.0628157
0.0625768
0.0623297
0.0620742
0.0618104
0.061538
0.0612572
0.0609677
0.0606697
0.0603631
0.0600477
0.0597238
0.0593913
0.0590521
0.0587298
0.0657862
0.0656513
0.065511
0.0653651
0.0652134
0.0650557
0.0648916
0.0647209
0.0645434
0.0643588
0.0641669
0.0639674
0.06376
0.0635447
0.0633212
0.0630893
0.0628489
0.0625997
0.0623417
0.0620746
0.0617985
0.061513
0.0612183
0.0609141
0.0606004
0.0602771
0.0599441
0.0596016
0.0592517
0.0589192
0.0660062
0.0658719
0.0657324
0.0655872
0.0654363
0.0652793
0.0651161
0.0649464
0.0647699
0.0645863
0.0643955
0.0641971
0.0639909
0.0637767
0.0635542
0.0633231
0.0630834
0.0628348
0.062577
0.0623099
0.0620333
0.061747
0.0614509
0.0611449
0.0608287
0.0605023
0.0601656
0.0598187
0.0594637
0.0591262
0.0661711
0.0660378
0.0658993
0.0657553
0.0656055
0.0654498
0.0652879
0.0651195
0.0649445
0.0647625
0.0645733
0.0643766
0.0641722
0.0639598
0.0637392
0.0635101
0.0632722
0.0630254
0.0627693
0.0625038
0.0622287
0.0619436
0.0616486
0.0613432
0.0610275
0.0607011
0.060364
0.0600162
0.0596598
0.0593211
0.0662887
0.0661565
0.0660191
0.0658762
0.0657277
0.0655732
0.0654127
0.0652457
0.0650722
0.0648918
0.0647043
0.0645095
0.064307
0.0640966
0.0638781
0.0636511
0.0634155
0.0631709
0.0629172
0.062654
0.0623811
0.0620983
0.0618054
0.0615021
0.0611882
0.0608635
0.0605279
0.0601814
0.0598261
0.0594883
0.0663685
0.0662373
0.0661008
0.0659589
0.0658114
0.065658
0.0654986
0.065333
0.0651608
0.0649818
0.0647958
0.0646026
0.0644018
0.0641933
0.0639767
0.0637518
0.0635183
0.063276
0.0630245
0.0627637
0.0624933
0.062213
0.0619225
0.0616217
0.0613103
0.0609881
0.0606549
0.0603106
0.0599575
0.0596219
0.0664198
0.0662892
0.0661535
0.0660123
0.0658656
0.0657131
0.0655546
0.0653899
0.0652187
0.0650409
0.0648561
0.0646641
0.0644648
0.0642577
0.0640427
0.0638195
0.0635878
0.0633474
0.063098
0.0628393
0.0625711
0.0622931
0.062005
0.0617067
0.0613978
0.0610781
0.0607474
0.0604058
0.0600552
0.0597221
0.0664507
0.0663206
0.0661853
0.0660447
0.0658985
0.0657466
0.0655887
0.0654246
0.0652542
0.0650771
0.0648932
0.0647022
0.0645038
0.0642979
0.064084
0.0638621
0.0636318
0.0633929
0.0631451
0.0628881
0.0626217
0.0623456
0.0620595
0.0617632
0.0614565
0.0611391
0.0608108
0.0604716
0.0601235
0.0597927
0.0664679
0.0663381
0.0662031
0.0660627
0.0659169
0.0657653
0.0656078
0.0654441
0.0652741
0.0650975
0.0649141
0.0647237
0.064526
0.0643208
0.0641077
0.0638867
0.0636574
0.0634195
0.0631728
0.0629171
0.062652
0.0623773
0.0620928
0.0617982
0.0614932
0.0611776
0.0608512
0.060514
0.060168
0.0598393
0.0664764
0.0663467
0.0662118
0.0660716
0.0659259
0.0657745
0.0656171
0.0654537
0.0652839
0.0651076
0.0649245
0.0647344
0.064537
0.0643322
0.0641196
0.0638991
0.0636704
0.0634332
0.0631873
0.0629323
0.0626681
0.0623945
0.062111
0.0618176
0.0615139
0.0611996
0.0608747
0.060539
0.0601946
0.0598676
0.0664798
0.0663501
0.0662152
0.0660751
0.0659294
0.065778
0.0656207
0.0654573
0.0652876
0.0651113
0.0649283
0.0647383
0.0645411
0.0643365
0.0641242
0.0639039
0.0636755
0.0634387
0.0631932
0.0629387
0.0626751
0.062402
0.0621193
0.0618266
0.0615237
0.0612104
0.0608865
0.0605519
0.0602087
0.0598829
0.0664803
0.0663505
0.0662157
0.0660754
0.0659297
0.0657783
0.0656209
0.0654575
0.0652877
0.0651115
0.0649284
0.0647385
0.0645413
0.0643367
0.0641244
0.0639043
0.063676
0.0634393
0.063194
0.0629398
0.0626764
0.0624037
0.0621213
0.0618291
0.0615267
0.061214
0.0608907
0.0605568
0.0602144
0.0598894
0.0664793
0.0663495
0.0662145
0.0660743
0.0659285
0.0657769
0.0656195
0.065456
0.0652861
0.0651098
0.0649267
0.0647366
0.0645394
0.0643347
0.0641224
0.0639022
0.0636739
0.0634373
0.063192
0.0629379
0.0626746
0.062402
0.0621199
0.0618279
0.0615258
0.0612134
0.0608904
0.060557
0.0602151
0.0598905
0.0664777
0.0663478
0.0662127
0.0660724
0.0659265
0.0657749
0.0656173
0.0654537
0.0652837
0.0651073
0.064924
0.0647339
0.0645365
0.0643318
0.0641194
0.0638991
0.0636707
0.063434
0.0631886
0.0629345
0.0626713
0.0623987
0.0621166
0.0618246
0.0615227
0.0612104
0.0608877
0.0605544
0.0602128
0.0598885
0.0664758
0.0663458
0.0662107
0.0660702
0.0659242
0.0657725
0.0656149
0.0654511
0.0652811
0.0651045
0.0649211
0.0647308
0.0645333
0.0643285
0.0641159
0.0638955
0.063667
0.0634302
0.0631848
0.0629305
0.0626672
0.0623946
0.0621125
0.0618205
0.0615186
0.0612063
0.0608837
0.0605505
0.060209
0.0598849
0.0664738
0.0663438
0.0662086
0.066068
0.0659219
0.0657701
0.0656124
0.0654485
0.0652784
0.0651016
0.0649182
0.0647277
0.0645301
0.0643251
0.0641125
0.0638919
0.0636633
0.0634264
0.0631808
0.0629265
0.0626631
0.0623904
0.0621081
0.0618161
0.0615141
0.0612019
0.0608792
0.0605461
0.0602046
0.0598805
0.0664719
0.0663418
0.0662065
0.0660658
0.0659197
0.0657678
0.0656099
0.065446
0.0652757
0.0650989
0.0649153
0.0647247
0.064527
0.0643219
0.0641091
0.0638884
0.0636597
0.0634226
0.0631769
0.0629225
0.062659
0.0623861
0.0621038
0.0618117
0.0615096
0.0611973
0.0608746
0.0605415
0.0602
0.059876
0.0664699
0.0663397
0.0662044
0.0660637
0.0659175
0.0657655
0.0656076
0.0654435
0.0652731
0.0650962
0.0649125
0.0647219
0.064524
0.0643187
0.0641058
0.0638851
0.0636562
0.063419
0.0631732
0.0629186
0.062655
0.0623821
0.0620996
0.0618075
0.0615053
0.0611929
0.0608701
0.0605369
0.0601954
0.0598714
0.066468
0.0663378
0.0662024
0.0660616
0.0659153
0.0657632
0.0656052
0.0654411
0.0652706
0.0650936
0.0649098
0.0647191
0.0645211
0.0643157
0.0641027
0.0638818
0.0636528
0.0634155
0.0631696
0.0629149
0.0626512
0.0623782
0.0620956
0.0618033
0.0615011
0.0611886
0.0608658
0.0605325
0.060191
0.0598669
0.0664661
0.0663358
0.0662003
0.0660595
0.0659131
0.065761
0.0656029
0.0654387
0.0652682
0.0650911
0.0649072
0.0647163
0.0645183
0.0643128
0.0640997
0.0638787
0.0636496
0.0634122
0.0631662
0.0629114
0.0626475
0.0623744
0.0620917
0.0617994
0.061497
0.0611845
0.0608615
0.0605282
0.0601866
0.0598625
0.0664642
0.0663338
0.0661983
0.0660574
0.065911
0.0657588
0.0656007
0.0654364
0.0652658
0.0650886
0.0649046
0.0647137
0.0645155
0.06431
0.0640968
0.0638757
0.0636465
0.0634089
0.0631628
0.0629079
0.0626439
0.0623707
0.062088
0.0617955
0.0614931
0.0611804
0.0608574
0.060524
0.0601824
0.0598582
0.0664623
0.0663319
0.0661963
0.0660554
0.0659089
0.0657566
0.0655984
0.0654341
0.0652634
0.0650861
0.0649021
0.0647111
0.0645129
0.0643072
0.0640939
0.0638727
0.0636434
0.0634058
0.0631596
0.0629045
0.0626405
0.0623671
0.0620843
0.0617917
0.0614892
0.0611765
0.0608534
0.0605199
0.0601782
0.0598539
0.0664603
0.0663299
0.0661943
0.0660533
0.0659068
0.0657545
0.0655962
0.0654318
0.065261
0.0650837
0.0648996
0.0647085
0.0645102
0.0643045
0.0640911
0.0638698
0.0636404
0.0634027
0.0631564
0.0629012
0.0626371
0.0623636
0.0620807
0.061788
0.0614854
0.0611726
0.0608494
0.0605158
0.060174
0.0598497
0.0664584
0.066328
0.0661923
0.0660513
0.0659047
0.0657523
0.065594
0.0654295
0.0652587
0.0650813
0.0648971
0.064706
0.0645076
0.0643018
0.0640883
0.0638669
0.0636374
0.0633996
0.0631532
0.062898
0.0626337
0.0623602
0.0620772
0.0617844
0.0614817
0.0611688
0.0608455
0.0605118
0.06017
0.0598456
0.0664565
0.066326
0.0661903
0.0660492
0.0659026
0.0657502
0.0655918
0.0654273
0.0652564
0.0650789
0.0648947
0.0647034
0.064505
0.0642991
0.0640855
0.0638641
0.0636345
0.0633966
0.0631501
0.0628948
0.0626304
0.0623568
0.0620737
0.0617808
0.061478
0.061165
0.0608416
0.0605079
0.0601659
0.0598414
0.0664547
0.0663241
0.0661884
0.0660472
0.0659005
0.0657481
0.0655896
0.065425
0.0652541
0.0650766
0.0648923
0.064701
0.0645024
0.0642965
0.0640828
0.0638613
0.0636316
0.0633936
0.063147
0.0628916
0.0626272
0.0623535
0.0620702
0.0617773
0.0614743
0.0611612
0.0608378
0.0605039
0.0601618
0.0598373
0.0664528
0.0663222
0.0661864
0.0660452
0.0658985
0.065746
0.0655875
0.0654229
0.0652518
0.0650743
0.0648899
0.0646985
0.0644999
0.0642939
0.0640801
0.0638585
0.0636288
0.0633907
0.063144
0.0628885
0.062624
0.0623502
0.0620668
0.0617738
0.0614707
0.0611575
0.0608339
0.0605
0.0601578
0.0598332
0.066451
0.0663203
0.0661845
0.0660433
0.0658965
0.0657439
0.0655854
0.0654207
0.0652496
0.065072
0.0648876
0.0646961
0.0644974
0.0642913
0.0640775
0.0638558
0.063626
0.0633878
0.0631411
0.0628855
0.0626208
0.0623469
0.0620635
0.0617703
0.0614672
0.0611538
0.0608301
0.0604961
0.0601538
0.0598291
0.0664492
0.0663185
0.0661827
0.0660414
0.0658945
0.0657419
0.0655834
0.0654186
0.0652475
0.0650698
0.0648853
0.0646938
0.064495
0.0642888
0.064075
0.0638532
0.0636233
0.063385
0.0631382
0.0628825
0.0626177
0.0623437
0.0620602
0.0617669
0.0614636
0.0611502
0.0608264
0.0604922
0.0601498
0.059825
0.0664475
0.0663168
0.0661809
0.0660396
0.0658927
0.06574
0.0655814
0.0654166
0.0652454
0.0650676
0.0648831
0.0646915
0.0644927
0.0642864
0.0640725
0.0638506
0.0636206
0.0633823
0.0631353
0.0628795
0.0626147
0.0623406
0.0620569
0.0617635
0.0614601
0.0611466
0.0608227
0.0604884
0.0601458
0.0598209
0.0664458
0.0663151
0.0661791
0.0660378
0.0658909
0.0657381
0.0655795
0.0654146
0.0652434
0.0650655
0.0648809
0.0646893
0.0644904
0.0642841
0.06407
0.0638481
0.063618
0.0633796
0.0631326
0.0628767
0.0626117
0.0623375
0.0620537
0.0617602
0.0614567
0.0611431
0.060819
0.0604846
0.0601419
0.0598168
0.0664443
0.0663135
0.0661775
0.0660361
0.0658891
0.0657364
0.0655776
0.0654127
0.0652414
0.0650636
0.0648789
0.0646872
0.0644882
0.0642818
0.0640677
0.0638457
0.0636156
0.063377
0.0631299
0.0628739
0.0626089
0.0623345
0.0620506
0.061757
0.0614534
0.0611396
0.0608154
0.0604808
0.060138
0.0598128
0.0664428
0.066312
0.066176
0.0660345
0.0658875
0.0657347
0.0655759
0.065411
0.0652396
0.0650617
0.0648769
0.0646852
0.0644862
0.0642797
0.0640655
0.0638434
0.0636132
0.0633746
0.0631273
0.0628712
0.0626061
0.0623316
0.0620476
0.0617539
0.0614501
0.0611362
0.0608119
0.0604771
0.0601342
0.0598089
0.0664415
0.0663107
0.0661746
0.0660331
0.065886
0.0657332
0.0655744
0.0654093
0.0652379
0.0650599
0.0648751
0.0646833
0.0644842
0.0642777
0.0640634
0.0638413
0.0636109
0.0633722
0.0631249
0.0628687
0.0626034
0.0623289
0.0620448
0.0617509
0.061447
0.0611329
0.0608084
0.0604736
0.0601304
0.059805
0.0664403
0.0663094
0.0661733
0.0660318
0.0658847
0.0657318
0.0655729
0.0654079
0.0652364
0.0650584
0.0648735
0.0646816
0.0644824
0.0642758
0.0640615
0.0638392
0.0636088
0.06337
0.0631226
0.0628663
0.062601
0.0623263
0.062042
0.061748
0.061444
0.0611298
0.0608051
0.0604701
0.0601268
0.0598012
0.0664393
0.0663084
0.0661722
0.0660307
0.0658835
0.0657306
0.0655717
0.0654066
0.0652351
0.065057
0.064872
0.0646801
0.0644809
0.0642742
0.0640598
0.0638374
0.0636069
0.063368
0.0631205
0.0628641
0.0625987
0.0623238
0.0620395
0.0617453
0.0614412
0.0611268
0.060802
0.0604668
0.0601233
0.0597976
0.0664385
0.0663075
0.0661713
0.0660298
0.0658826
0.0657296
0.0655706
0.0654055
0.0652339
0.0650558
0.0648708
0.0646788
0.0644795
0.0642727
0.0640583
0.0638358
0.0636053
0.0633663
0.0631187
0.0628622
0.0625966
0.0623217
0.0620372
0.0617429
0.0614386
0.0611241
0.0607991
0.0604637
0.0601201
0.0597941
0.0664379
0.0663069
0.0661707
0.0660291
0.0658818
0.0657288
0.0655698
0.0654046
0.065233
0.0650548
0.0648698
0.0646777
0.0644784
0.0642715
0.064057
0.0638345
0.0636039
0.0633648
0.0631171
0.0628605
0.0625948
0.0623198
0.0620351
0.0617407
0.0614363
0.0611216
0.0607965
0.0604609
0.0601171
0.0597908
0.0664376
0.0663066
0.0661703
0.0660287
0.0658814
0.0657283
0.0655693
0.0654041
0.0652324
0.0650542
0.0648691
0.064677
0.0644776
0.0642707
0.0640561
0.0638335
0.0636028
0.0633636
0.0631158
0.0628592
0.0625933
0.0623182
0.0620335
0.0617389
0.0614343
0.0611195
0.0607942
0.0604585
0.0601144
0.0597881
0.0664375
0.0663065
0.0661702
0.0660285
0.0658812
0.0657282
0.0655691
0.0654038
0.0652321
0.0650539
0.0648687
0.0646766
0.0644771
0.0642702
0.0640555
0.0638329
0.0636021
0.0633629
0.063115
0.0628582
0.0625923
0.062317
0.0620322
0.0617375
0.0614328
0.0611178
0.0607924
0.0604565
0.0601123
0.0597859
0.0664378
0.0663067
0.0661704
0.0660287
0.0658814
0.0657283
0.0655692
0.0654039
0.0652322
0.0650539
0.0648687
0.0646765
0.064477
0.06427
0.0640553
0.0638326
0.0636018
0.0633625
0.0631145
0.0628577
0.0625917
0.0623163
0.0620314
0.0617366
0.0614317
0.0611166
0.060791
0.060455
0.0601108
0.0597843
0.0664382
0.0663071
0.0661708
0.0660291
0.0658818
0.0657287
0.0655695
0.0654042
0.0652325
0.0650541
0.064869
0.0646767
0.0644772
0.0642702
0.0640554
0.0638327
0.0636018
0.0633625
0.0631145
0.0628575
0.0625915
0.0623161
0.062031
0.0617361
0.0614312
0.061116
0.0607903
0.0604543
0.0601101
0.0597836
0.0664386
0.0663075
0.0661712
0.0660295
0.0658821
0.065729
0.0655699
0.0654045
0.0652328
0.0650544
0.0648692
0.064677
0.0644774
0.0642704
0.0640556
0.0638329
0.0636019
0.0633626
0.0631145
0.0628576
0.0625915
0.062316
0.0620309
0.061736
0.061431
0.0611157
0.0607901
0.060454
0.06011
0.0597831
)
;

boundaryField
{
    inlet
    {
        type            fixedValue;
        value           uniform 0.1;
    }
    outlet
    {
        type            zeroGradient;
    }
    top
    {
        type            symmetryPlane;
    }
    ground
    {
        type            compressible::kqRWallFunction;
        value           nonuniform List<scalar> 
40
(
0.000515873
0.000833371
0.00115098
0.00144455
0.00170149
0.00191406
0.0020776
0.00219067
0.00225534
0.00227741
0.00226701
0.00224009
0.0022333
0.00227495
0.00239464
0.00262315
0.00296586
0.00337278
0.00374654
0.00405377
0.00450594
0.00541075
0.00651763
0.0073338
0.00771804
0.00767057
0.00727886
0.00667205
0.00596787
0.00531262
0.00470846
0.00414898
0.00363174
0.00315418
0.00271394
0.00230998
0.00194334
0.00161393
0.00129586
0.0009125
)
;
    }
    air_to_brick
    {
        type            compressible::kqRWallFunction;
        value           nonuniform List<scalar> 
40
(
0.0009125
0.00144942
0.00198871
0.00249585
0.00295869
0.00337491
0.00374651
0.00408012
0.0043873
0.00468473
0.00499433
0.00534421
0.00576932
0.00631944
0.00705114
0.00816483
0.00978568
0.0111957
0.0100162
0.0158599
0.0218212
0.0274902
0.0328799
0.038302
0.043988
0.0501391
0.0569386
0.0645248
0.0731432
0.0830588
0.0942977
0.107054
0.121552
0.138078
0.15702
0.178961
0.20497
0.238027
0.292452
0.370277
)
;
    }
    sides
    {
        type            empty;
    }
    walls
    {
        type            compressible::kqRWallFunction;
        value           nonuniform List<scalar> 
100
(
0.000515873
0.000918662
0.00129748
0.00166958
0.002049
0.0024443
0.00286391
0.00331613
0.00380967
0.00435394
0.00496018
0.0056459
0.00645748
0.00733207
0.00823395
0.00909401
0.00983129
0.00995857
0.00974562
0.00911545
0.00827211
0.00742263
0.00662078
0.00594823
0.00535533
0.00482903
0.00436496
0.00396061
0.00361428
0.00332488
0.0030921
0.00291631
0.00279888
0.00276128
0.0028486
0.00300492
0.00318771
0.00339495
0.00383567
0.00904476
0.096734
0.0934086
0.0905127
0.0879608
0.0856944
0.0836692
0.0818508
0.0802114
0.0787282
0.0773819
0.0761564
0.0750377
0.074014
0.0730749
0.0722114
0.0714158
0.0706811
0.0700013
0.0693712
0.068786
0.0682415
0.067734
0.0672601
0.0668168
0.0664014
0.0660113
0.0656438
0.0652966
0.0649654
0.064623
0.382359
0.317916
0.265133
0.223738
0.191875
0.167555
0.149239
0.135517
0.125018
0.116786
0.110164
0.1047
0.100081
0.0960892
0.092574
0.0894246
0.086561
0.0839257
0.0814774
0.0791854
0.0770267
0.0749846
0.0730466
0.0712028
0.0694453
0.0677668
0.0661612
0.0646204
0.0631411
0.0616902
)
;
    }
}


// ************************************************************************* //
