/*--------------------------------*- C++ -*----------------------------------*\
| =========                 |                                                 |
| \\      /  F ield         | OpenFOAM: The Open Source CFD Toolbox           |
|  \\    /   O peration     | Version:  2.2.0                                 |
|   \\  /    A nd           | Web:      www.OpenFOAM.org                      |
|    \\/     M anipulation  |                                                 |
\*---------------------------------------------------------------------------*/
FoamFile
{
    version     2.0;
    format      ascii;
    class       volScalarField;
    location    "2000";
    object      epsilon;
}
// * * * * * * * * * * * * * * * * * * * * * * * * * * * * * * * * * * * * * //

dimensions      [0 2 -3 0 0 0 0];

internalField   nonuniform List<scalar> 
7600
(
2.88827e-07
1.0397e-06
2.10755e-06
3.29592e-06
4.56967e-06
5.85175e-06
7.13574e-06
8.39077e-06
9.58614e-06
1.06917e-05
1.16795e-05
1.25196e-05
1.32974e-05
1.39612e-05
1.45621e-05
1.50163e-05
1.5784e-05
1.61841e-05
1.67371e-05
1.71782e-05
2.29001e-05
5.95624e-05
0.000785632
0.0018948
0.00272384
0.003616
0.00435528
0.00500543
0.00556213
0.00600746
0.00624001
0.0062435
0.00601109
0.00554952
0.00488068
0.00404283
0.00309202
0.0021081
0.00118681
0.000236282
9.46419e-07
9.36106e-07
1.32132e-06
1.77963e-06
2.27292e-06
2.78064e-06
3.2938e-06
3.80304e-06
4.29867e-06
4.77113e-06
5.21179e-06
5.61479e-06
6.0094e-06
6.3852e-06
6.7254e-06
7.01402e-06
7.3073e-06
7.53325e-06
7.87677e-06
8.74035e-06
1.4266e-05
5.61064e-05
0.000723917
0.00136256
0.00162528
0.0018674
0.00206292
0.0022428
0.00242498
0.0025968
0.0027209
0.00278711
0.00278707
0.00271463
0.00256641
0.00234205
0.00204437
0.00167987
0.00126428
0.000934679
1.79423e-06
1.25321e-06
1.42419e-06
1.70434e-06
2.0279e-06
2.37296e-06
2.72818e-06
3.08545e-06
3.43792e-06
3.77969e-06
4.10623e-06
4.41638e-06
4.72449e-06
5.02624e-06
5.30844e-06
5.5596e-06
5.80434e-06
6.0528e-06
6.52961e-06
7.96285e-06
1.58168e-05
7.55681e-05
0.000776738
0.00137847
0.00145963
0.00159569
0.00172563
0.00188387
0.0020653
0.00225506
0.00242848
0.00257064
0.00266783
0.0027076
0.00267993
0.0025782
0.00240037
0.00215139
0.00184372
0.00166938
2.67579e-06
1.65533e-06
1.67053e-06
1.8467e-06
2.08271e-06
2.34903e-06
2.6313e-06
2.92036e-06
3.20941e-06
3.49339e-06
3.76918e-06
4.03718e-06
4.3067e-06
4.57576e-06
4.83563e-06
5.08034e-06
5.33573e-06
5.65483e-06
6.34064e-06
8.47272e-06
1.9549e-05
9.95712e-05
0.000836737
0.00144018
0.00143758
0.00154602
0.00167323
0.00185123
0.00206316
0.00229135
0.00251189
0.00270604
0.00285692
0.00294996
0.00297431
0.00292377
0.00279776
0.00260507
0.002371
0.00245166
3.58859e-06
2.08923e-06
1.97273e-06
2.07048e-06
2.24501e-06
2.45842e-06
2.69343e-06
2.9395e-06
3.18926e-06
3.43766e-06
3.68213e-06
3.92376e-06
4.1703e-06
4.42116e-06
4.67255e-06
4.92622e-06
5.2197e-06
5.64537e-06
6.60947e-06
9.61606e-06
2.466e-05
0.000125287
0.000890789
0.0014944
0.00145713
0.00156307
0.00170586
0.00191336
0.00216128
0.00242843
0.00268877
0.00292059
0.0031053
0.00322798
0.00327879
0.00325381
0.00315616
0.00300328
0.00285117
0.00329443
4.47938e-06
2.52836e-06
2.30248e-06
2.33999e-06
2.46889e-06
2.64343e-06
2.84383e-06
3.05847e-06
3.27949e-06
3.50172e-06
3.72291e-06
3.9448e-06
4.17527e-06
4.4151e-06
4.66636e-06
4.94085e-06
5.29439e-06
5.86417e-06
7.18588e-06
1.12701e-05
3.08656e-05
0.000150755
0.000928314
0.00153215
0.00148993
0.00160614
0.00177304
0.00201375
0.00229883
0.00260358
0.00289893
0.00316077
0.00336944
0.00351033
0.00357524
0.00356321
0.00348269
0.0033635
0.00330551
0.00420773
5.34911e-06
2.96799e-06
2.65309e-06
2.64733e-06
2.74469e-06
2.8918e-06
3.0667e-06
3.25711e-06
3.45499e-06
3.65537e-06
3.85658e-06
4.06141e-06
4.27897e-06
4.51216e-06
4.76984e-06
5.07666e-06
5.51292e-06
6.27044e-06
8.04341e-06
1.34221e-05
3.7952e-05
0.000174577
0.000944819
0.00155233
0.00152623
0.00166166
0.00185901
0.0021366
0.0024616
0.00280572
0.00313603
0.00342594
0.00365478
0.00380839
0.0038804
0.00387345
0.00380258
0.00371262
0.00375594
0.00520196
6.20197e-06
3.41898e-06
3.03707e-06
3.0057e-06
3.08575e-06
3.21632e-06
3.3734e-06
3.54438e-06
3.72159e-06
3.90088e-06
4.08184e-06
4.2693e-06
4.47449e-06
4.70351e-06
4.9735e-06
5.32516e-06
5.87034e-06
6.86864e-06
9.20347e-06
1.60955e-05
4.57386e-05
0.000196232
0.000948499
0.00155714
0.0015635
0.00172671
0.00196198
0.00228268
0.00265372
0.00304264
0.00341156
0.00373097
0.00397905
0.00414211
0.00421593
0.00420734
0.00413905
0.00407271
0.00421953
0.00628669
7.0873e-06
3.92275e-06
3.49666e-06
3.45804e-06
3.53487e-06
3.65861e-06
3.80322e-06
3.95613e-06
4.11077e-06
4.26478e-06
4.42036e-06
4.58601e-06
4.7759e-06
5.00099e-06
5.28854e-06
5.69938e-06
6.38555e-06
7.69075e-06
1.07179e-05
1.93357e-05
5.40845e-05
0.000215535
0.000943216
0.00155018
0.00160312
0.0018042
0.00208765
0.00246116
0.00288768
0.00332963
0.00374294
0.00409473
0.00436189
0.00453144
0.00460176
0.00458454
0.00451107
0.00446111
0.00470988
0.00747072
8.13835e-06
4.57599e-06
4.12458e-06
4.09589e-06
4.18172e-06
4.30481e-06
4.43693e-06
4.56605e-06
4.68782e-06
4.80338e-06
4.91962e-06
5.05128e-06
5.21731e-06
5.43479e-06
5.74379e-06
6.2305e-06
7.09833e-06
8.79467e-06
1.26696e-05
2.32184e-05
6.2911e-05
0.000232486
0.000931146
0.00153553
0.00164891
0.00190075
0.00224614
0.00268556
0.00317959
0.00368439
0.00414869
0.00453587
0.00482168
0.00499423
0.00505508
0.00502148
0.0049341
0.00489191
0.00523869
0.00876278
9.64305e-06
5.56621e-06
5.09296e-06
5.08613e-06
5.18842e-06
5.31019e-06
5.41996e-06
5.50675e-06
5.5702e-06
5.61778e-06
5.66473e-06
5.73639e-06
5.85919e-06
6.05795e-06
6.38902e-06
6.97099e-06
8.07353e-06
1.02713e-05
1.51846e-05
2.7873e-05
7.22441e-05
0.000247278
0.000913766
0.00151571
0.00170628
0.00202545
0.00245023
0.00297178
0.00354706
0.00412522
0.00464702
0.00507209
0.00537537
0.00554662
0.00559125
0.00553275
0.00542186
0.00537781
0.00581727
0.0101726
1.2125e-05
7.20742e-06
6.68072e-06
6.69568e-06
6.81406e-06
6.92471e-06
6.9893e-06
6.99725e-06
6.95417e-06
6.87812e-06
6.799e-06
6.76055e-06
6.80138e-06
6.95652e-06
7.30349e-06
8.00299e-06
9.41152e-06
1.22607e-05
1.84593e-05
3.35308e-05
8.229e-05
0.000260395
0.000892681
0.00149612
0.00178196
0.00218937
0.0027147
0.00333721
0.00400853
0.00467052
0.00525573
0.0057203
0.00603898
0.00620389
0.00622495
0.00613248
0.00598791
0.00593177
0.00645801
0.0117123
1.64186e-05
9.96981e-06
9.29361e-06
9.30656e-06
9.42789e-06
9.50741e-06
9.49168e-06
9.36638e-06
9.14272e-06
8.85369e-06
8.55297e-06
8.31622e-06
8.2041e-06
8.26686e-06
8.61086e-06
9.4533e-06
1.12675e-05
1.49827e-05
2.28135e-05
4.06127e-05
9.35643e-05
0.000272759
0.00086988
0.00148278
0.00188407
0.00240557
0.00305625
0.00380071
0.00458324
0.00533896
0.00599238
0.00649698
0.00682818
0.00698127
0.00697129
0.00683581
0.00664735
0.00656878
0.00717611
0.0133999
2.37667e-05
1.45219e-05
1.34928e-05
1.34358e-05
1.35218e-05
1.35335e-05
1.33892e-05
1.3062e-05
1.25627e-05
1.1939e-05
1.12766e-05
1.07018e-05
1.0318e-05
1.02019e-05
1.0503e-05
1.15184e-05
1.38855e-05
1.87941e-05
2.87915e-05
4.98982e-05
0.000107134
0.000285998
0.000848023
0.00148244
0.00202285
0.00268973
0.00349397
0.00438281
0.00529138
0.00614931
0.00687419
0.00741813
0.0077585
0.00789457
0.00784684
0.00766027
0.00741865
0.00730811
0.00799227
0.0152632
3.60124e-05
2.18093e-05
2.00476e-05
1.97755e-05
1.97405e-05
1.96146e-05
1.92699e-05
1.86547e-05
1.77689e-05
1.6666e-05
1.54637e-05
1.43553e-05
1.35214e-05
1.30882e-05
1.32765e-05
1.45058e-05
1.76582e-05
2.42962e-05
3.73646e-05
6.28701e-05
0.000125124
0.000303029
0.000830945
0.00150366
0.00221209
0.0030615
0.00405013
0.00510595
0.00615379
0.00711986
0.00791713
0.00849855
0.008845
0.00896039
0.00887067
0.00862769
0.00832621
0.00817653
0.00893671
0.0173492
5.59105e-05
3.31646e-05
2.99998e-05
2.92371e-05
2.89152e-05
2.85254e-05
2.78671e-05
2.68491e-05
2.5447e-05
2.3706e-05
2.17631e-05
1.98804e-05
1.83606e-05
1.74159e-05
1.73896e-05
1.89032e-05
2.32335e-05
3.25392e-05
5.03444e-05
8.24672e-05
0.000151883
0.000329513
0.000825393
0.0015596
0.00247243
0.00354676
0.00475119
0.00599396
0.00719029
0.0082658
0.00913307
0.00974934
0.0101008
0.0101961
0.0100657
0.00976685
0.00940428
0.00921327
0.0100556
0.0197365
8.75534e-05
5.04356e-05
4.47167e-05
4.2969e-05
4.20632e-05
4.11954e-05
4.00502e-05
3.84757e-05
3.64075e-05
3.3864e-05
3.09794e-05
2.80648e-05
2.5594e-05
2.39076e-05
2.35535e-05
2.54997e-05
3.17057e-05
4.54103e-05
7.12528e-05
0.000114831
0.000196929
0.000377511
0.000843412
0.00167278
0.00283675
0.00418049
0.00562761
0.00706933
0.00841514
0.00959308
0.0105234
0.0111728
0.0115341
0.0116194
0.0114607
0.0111178
0.0107032
0.010478
0.0114212
0.0225563
0.000136942
7.61202e-05
6.59299e-05
6.23491e-05
6.03525e-05
5.86582e-05
5.67689e-05
5.44397e-05
5.15445e-05
4.80535e-05
4.40666e-05
3.99013e-05
3.62521e-05
3.3635e-05
3.29051e-05
3.56179e-05
4.49485e-05
6.63447e-05
0.000107138
0.000173538
0.0002831
0.000476783
0.000924367
0.0018895
0.00336247
0.00500797
0.00670588
0.00833844
0.00981788
0.0110786
0.0120622
0.0127503
0.0131417
0.0132473
0.0130943
0.0127395
0.0122996
0.0120632
0.0131474
0.0260233
0.000212831
0.00011355
9.57721e-05
8.89617e-05
8.50501e-05
8.1986e-05
7.89828e-05
7.56549e-05
7.17886e-05
6.72842e-05
6.21762e-05
5.67319e-05
5.18459e-05
4.8344e-05
4.74575e-05
5.1667e-05
6.61589e-05
0.000101085
0.00017203
0.000289813
0.000470334
0.000701926
0.00109627
0.0022878
0.00414617
0.00608287
0.00799203
0.00976757
0.0113362
0.0126427
0.0136739
0.0144289
0.0149044
0.0150984
0.0150226
0.0147217
0.0143125
0.014114
0.0154138
0.0304817
0.00032797
0.000167182
0.00013695
0.000124751
0.000117684
0.000112471
0.000107869
0.000103284
9.8391e-05
9.30212e-05
8.71542e-05
8.10198e-05
7.53771e-05
7.17388e-05
7.17588e-05
7.92389e-05
0.000101854
0.000160267
0.000291386
0.000534947
0.000934789
0.00132808
0.00156267
0.00290016
0.00511392
0.00724808
0.0092655
0.0111007
0.0127041
0.0140444
0.0151702
0.0160877
0.0167734
0.0171936
0.0173295
0.0172035
0.0169277
0.0168583
0.0185051
0.0364711
0.00050105
0.000243086
0.000193049
0.000172324
0.000160393
0.00015204
0.00014531
0.000139297
0.000133547
0.000127856
0.000122239
0.000116996
0.000113005
0.000112897
0.000119276
0.000138222
0.00018304
0.000284475
0.000525373
0.00101776
0.00213165
0.00289259
0.00226737
0.00369033
0.00584235
0.00797862
0.00996372
0.0117781
0.0134077
0.01488
0.0162681
0.0175597
0.0186889
0.0195724
0.020145
0.0203962
0.0204285
0.0206465
0.0228601
0.0448385
0.000740053
0.000341769
0.00026401
0.000231796
0.000213718
0.000201801
0.000193093
0.00018629
0.000180826
0.000176581
0.00017385
0.000173485
0.000177327
0.000189273
0.000214943
0.000265973
0.000367273
0.000575443
0.00102392
0.00179857
0.00268623
0.00301388
0.00289323
0.00419078
0.00611093
0.00805793
0.00987925
0.0116036
0.0132763
0.0149942
0.0168188
0.0187017
0.0205208
0.0221282
0.0233982
0.0242748
0.0248438
0.0255648
0.028624
0.0558634
0.00103927
0.000459572
0.000347622
0.00030211
0.000277606
0.000262619
0.00025297
0.000246927
0.000243899
0.000244053
0.000248298
0.000258546
0.00027835
0.000311758
0.00036816
0.000463974
0.000628698
0.000911681
0.00136995
0.00199488
0.00265821
0.00303916
0.00327178
0.00441296
0.00602009
0.00766184
0.00922931
0.0108105
0.0125276
0.0145347
0.0168818
0.0194848
0.022163
0.0246972
0.026892
0.0286347
0.0299844
0.031455
0.0356607
0.0692543
0.00139725
0.000596895
0.000444353
0.000384123
0.000353244
0.000335883
0.000326388
0.000322549
0.000323782
0.000330599
0.000344556
0.000368436
0.000405006
0.000459386
0.000541428
0.000665382
0.000852026
0.00112894
0.00152171
0.00203092
0.00260147
0.00306439
0.00348131
0.00442721
0.00569258
0.0069808
0.00824661
0.00964429
0.0113879
0.0136797
0.0165739
0.0199655
0.0236237
0.0272609
0.030606
0.0334792
0.0359014
0.0384365
0.0441814
0.0854032
0.001782
0.000743676
0.000549308
0.000474731
0.000438136
0.000419116
0.000410497
0.00040957
0.000415693
0.000429528
0.000453052
0.000487218
0.000535396
0.000603436
0.000698786
0.000831246
0.00101383
0.00126351
0.00160004
0.0020404
0.00257475
0.00308792
0.00357317
0.00432855
0.00526665
0.00620641
0.00716626
0.0083606
0.0100959
0.0126206
0.016025
0.0202066
0.0249076
0.0297863
0.0344991
0.0387897
0.0426303
0.0466295
0.0544283
0.104815
0.0021623
0.000890235
0.000656282
0.000568669
0.000527162
0.000506972
0.000499461
0.000501472
0.000512348
0.00053185
0.000560576
0.000601608
0.000658346
0.000734993
0.000836755
0.000970293
0.00114472
0.00137364
0.00167755
0.00208347
0.00260023
0.00314963
0.00364208
0.00422453
0.00487879
0.00551712
0.0062174
0.00722696
0.00891713
0.0115902
0.0154212
0.0203232
0.0260541
0.0322571
0.0385323
0.0445398
0.0501977
0.0561554
0.0666734
0.12814
0.00250553
0.00102639
0.000758235
0.000659544
0.000613944
0.000592928
0.000586386
0.000590381
0.000603582
0.000626938
0.000661948
0.000710795
0.0007762
0.00086149
0.000970781
0.0011095
0.00128571
0.00151284
0.00181339
0.00222056
0.00275178
0.00332299
0.00380103
0.00424149
0.00467132
0.00508032
0.005594
0.00648888
0.00816185
0.0109407
0.0150469
0.0205172
0.0271811
0.0347176
0.0427089
0.0507207
0.0586351
0.0671445
0.0812222
0.156211
0.00279619
0.00114555
0.000848557
0.000739975
0.000689954
0.000667125
0.000661006
0.000667653
0.00068597
0.000716427
0.000760429
0.00082009
0.000898183
0.000998229
0.00112477
0.00128398
0.00148523
0.00174351
0.00208315
0.00253908
0.00312773
0.00374392
0.00421862
0.00455506
0.00481064
0.00506188
0.0054822
0.0063394
0.00805026
0.010959
0.0153188
0.0212466
0.0286841
0.0374171
0.0471084
0.057372
0.0680043
0.0797589
0.0984342
0.190132
0.00302753
0.00123056
0.000911686
0.000797268
0.000746505
0.00072572
0.000723619
0.000736215
0.000762638
0.000803645
0.000861086
0.000937807
0.0010378
0.00116653
0.0013314
0.00154248
0.00181415
0.00216657
0.00262594
0.00322792
0.0039641
0.00468808
0.00519496
0.00545492
0.00558872
0.00577508
0.00619608
0.00711199
0.00896591
0.0120671
0.0166523
0.0229107
0.030947
0.0407458
0.0521322
0.064796
0.0785353
0.0942197
0.118769
0.231497
0.00317876
0.00128371
0.000953399
0.000837746
0.000789056
0.000772485
0.000776751
0.000798212
0.00083652
0.000893207
0.000971401
0.00107609
0.00121473
0.00139824
0.00164202
0.00196737
0.00240271
0.00298136
0.00374306
0.00470635
0.00578923
0.00674658
0.00732493
0.00751638
0.00760509
0.00781964
0.00834782
0.00944414
0.0115787
0.0149317
0.0196879
0.0261129
0.0345181
0.0451675
0.0581496
0.0733252
0.0905757
0.111007
0.143081
0.28268
0.00327045
0.00131372
0.000978243
0.000864067
0.00081962
0.000809677
0.000823352
0.000857685
0.000913338
0.000993517
0.00110426
0.00125545
0.00146267
0.00174975
0.00215203
0.00272019
0.00352213
0.00463639
0.00610938
0.0079254
0.00977173
0.0111577
0.0117881
0.0119252
0.0120258
0.0123451
0.0130719
0.0144492
0.0169307
0.0204752
0.0252428
0.0315985
0.0400869
0.0513087
0.0657124
0.0834441
0.104564
0.130522
0.171708
0.344779
0.00330302
0.00132428
0.000989955
0.000880099
0.000842453
0.00084234
0.000869769
0.000923007
0.00100466
0.00112139
0.00128545
0.00151752
0.0018514
0.00234077
0.00306889
0.00415648
0.00576549
0.00808476
0.0111263
0.0147842
0.0180842
0.0200456
0.0206389
0.0206822
0.0207433
0.0211216
0.0220004
0.0236253
0.0262542
0.0296944
0.0341515
0.0401091
0.0483445
0.0598236
0.0754396
0.0957467
0.121099
0.153413
0.205456
0.42013
0.00328658
0.00131966
0.00099267
0.000890759
0.000863987
0.000879187
0.000928002
0.00101109
0.00113521
0.00131461
0.00157552
0.00196357
0.00255547
0.00347486
0.00492014
0.00715471
0.010496
0.0153305
0.0213367
0.0281508
0.0334277
0.0358991
0.0363834
0.0360884
0.0358057
0.0359113
0.0366019
0.038196
0.0403921
0.0432195
0.0469357
0.0521267
0.0597761
0.0712195
0.087867
0.110816
0.140853
0.180498
0.245344
0.511576
0.00323085
0.00130428
0.000991565
0.000903693
0.000895815
0.000937463
0.00102359
0.00116071
0.00136628
0.00167381
0.00214439
0.00289064
0.00410289
0.0060597
0.0092329
0.0140485
0.0208363
0.0301194
0.040411
0.0505503
0.0575993
0.0604287
0.0604509
0.0593113
0.0580985
0.0573118
0.0571967
0.0579882
0.0591573
0.0608673
0.0634551
0.0675878
0.0744185
0.0856421
0.103256
0.129061
0.164459
0.212714
0.292649
0.62279
0.00314511
0.00128313
0.00099516
0.000934382
0.000964023
0.001059
0.00122316
0.00148178
0.00188725
0.0025361
0.0035925
0.00538048
0.00840314
0.013158
0.0205511
0.0306455
0.0430179
0.0570732
0.0712919
0.0836294
0.0911142
0.0932786
0.0920395
0.0893364
0.0864875
0.084121
0.0825599
0.0817485
0.081332
0.0815449
0.0827698
0.0857205
0.0916776
0.102677
0.121376
0.150494
0.192327
0.251061
0.349017
0.758823
0.00304333
0.00126739
0.00102599
0.00102654
0.00114753
0.00138088
0.00176379
0.00240258
0.00350031
0.00543028
0.00865516
0.0141134
0.0228246
0.0345987
0.0493692
0.0662422
0.083942
0.101045
0.116164
0.127252
0.132276
0.131875
0.128211
0.123172
0.11808
0.113614
0.110126
0.107135
0.10483
0.103406
0.103247
0.105084
0.110293
0.121228
0.141292
0.174424
0.224331
0.296456
0.416705
0.927209
0.00293589
0.00128753
0.00116257
0.00135064
0.00179567
0.0025899
0.00395332
0.00648559
0.0111108
0.0192718
0.0312963
0.0477153
0.0677298
0.0895288
0.111344
0.131813
0.149468
0.163411
0.173062
0.177465
0.176465
0.171589
0.164508
0.156631
0.14902
0.142251
0.136356
0.131275
0.127175
0.124251
0.122885
0.123819
0.128497
0.139556
0.161209
0.199042
0.259151
0.349248
0.499057
1.14131
0.00287347
0.00151071
0.00188147
0.00307863
0.00574324
0.0109999
0.0201098
0.0362288
0.0583516
0.0862178
0.117795
0.149427
0.177804
0.200852
0.217932
0.229273
0.234844
0.235606
0.231794
0.224889
0.216016
0.206252
0.195706
0.185169
0.175282
0.166351
0.158401
0.151605
0.14607
0.141982
0.13972
0.14002
0.14435
0.155525
0.178484
0.220817
0.29269
0.407345
0.602415
1.436
0.00298175
0.00361931
0.00891791
0.0228904
0.0550267
0.104043
0.157858
0.213811
0.266404
0.310428
0.342618
0.359615
0.363564
0.358257
0.347112
0.331425
0.313769
0.295517
0.277483
0.259967
0.24403
0.229995
0.217012
0.204787
0.193419
0.183079
0.17393
0.1661
0.159702
0.15493
0.152159
0.1521
0.156156
0.167103
0.1902
0.234588
0.316046
0.463052
0.75461
1.98719
0.00848632
0.0356525
0.109768
0.266435
0.516222
0.664479
0.733864
0.746608
0.722283
0.677603
0.621528
0.56444
0.511614
0.464581
0.422905
0.385992
0.352991
0.323384
0.297038
0.273931
0.254745
0.239103
0.225443
0.212975
0.201455
0.19094
0.181586
0.173543
0.16696
0.162056
0.159203
0.159057
0.162873
0.173159
0.194849
0.237672
0.322008
0.500006
0.943631
2.78444
0.289387
0.274594
0.261926
0.25093
0.241298
0.2328
0.225258
0.218532
0.212507
0.207089
0.2022
0.197772
0.193751
0.190089
0.186743
0.18368
0.180869
0.178283
0.175898
0.173695
0.171655
0.169763
0.168005
0.166368
0.16484
0.163411
0.162071
0.16081
0.159611
0.158375
0.0340911
0.0458824
0.0517444
0.0546168
0.0558129
0.0560349
0.0556871
0.0550113
0.0541559
0.0532132
0.0522408
0.0512741
0.0503347
0.0494352
0.0485824
0.0477793
0.0470266
0.0463233
0.0456679
0.0450582
0.0444918
0.0439665
0.0434803
0.0430318
0.0426204
0.0422474
0.0419173
0.0416415
0.0414425
0.0413629
0.0147115
0.018781
0.0216651
0.023645
0.0249651
0.0258101
0.0263142
0.0265745
0.0266612
0.0266255
0.0265044
0.0263249
0.0261067
0.0258642
0.0256079
0.0253454
0.0250821
0.024822
0.0245678
0.0243214
0.0240843
0.0238573
0.0236411
0.0234362
0.0232432
0.0230622
0.0228941
0.0227402
0.0226017
0.0224789
0.0111938
0.0126722
0.0139679
0.0150128
0.0158216
0.01643
0.0168751
0.0171897
0.0174016
0.0175331
0.0176021
0.017623
0.017607
0.0175632
0.0174985
0.0174186
0.0173278
0.0172296
0.0171267
0.0170211
0.0169146
0.0168085
0.0167038
0.0166014
0.016502
0.0164063
0.0163147
0.0162279
0.0161462
0.0160696
0.0102522
0.0107501
0.0112917
0.0117943
0.0122276
0.0125857
0.0128728
0.0130969
0.0132669
0.0133916
0.0134785
0.0135346
0.0135654
0.0135759
0.01357
0.0135512
0.0135222
0.0134853
0.0134424
0.013395
0.0133445
0.0132918
0.0132379
0.0131835
0.0131293
0.0130756
0.013023
0.0129717
0.012922
0.0128739
0.00996462
0.0100606
0.0102292
0.0104229
0.0106137
0.010787
0.0109368
0.0110615
0.011162
0.0112403
0.0112989
0.0113403
0.0113671
0.0113816
0.0113856
0.011381
0.0113694
0.011352
0.01133
0.0113044
0.011276
0.0112455
0.0112136
0.0111806
0.0111471
0.0111134
0.0110798
0.0110465
0.0110138
0.0109816
0.00987366
0.00980565
0.00979205
0.00981356
0.00985375
0.00990104
0.00994809
0.00999065
0.0100265
0.0100548
0.0100754
0.0100887
0.0100953
0.0100958
0.0100912
0.0100821
0.0100692
0.0100531
0.0100344
0.0100137
0.00999127
0.00996765
0.00994313
0.00991801
0.00989255
0.00986697
0.00984144
0.00981612
0.00979109
0.00976637
0.00984485
0.00971264
0.00961467
0.00954526
0.0094972
0.00946385
0.00943989
0.00942141
0.00940571
0.00939097
0.00937606
0.00936032
0.00934342
0.00932522
0.00930574
0.00928508
0.00926338
0.00924081
0.00921755
0.00919378
0.00916966
0.00914534
0.00912097
0.00909668
0.00907258
0.00904875
0.00902529
0.00900225
0.00897966
0.00895749
0.0098358
0.00967965
0.00954517
0.00943122
0.00933525
0.00925416
0.00918492
0.00912487
0.00907185
0.00902415
0.00898048
0.00893986
0.00890159
0.00886516
0.0088302
0.00879647
0.00876379
0.00873205
0.00870117
0.00867111
0.00864185
0.00861337
0.00858567
0.00855874
0.00853259
0.00850722
0.00848261
0.00845878
0.00843569
0.00841325
0.00983298
0.00966833
0.00951908
0.00938497
0.00926508
0.00915807
0.00906237
0.00897643
0.0088988
0.0088282
0.00876354
0.00870392
0.0086486
0.00859696
0.00854852
0.00850288
0.00845971
0.00841877
0.00837984
0.00834274
0.00830733
0.0082735
0.00824114
0.00821016
0.00818049
0.00815207
0.00812482
0.0080987
0.00807363
0.00804947
0.00983212
0.00966457
0.0095097
0.00936712
0.00923625
0.00911634
0.00900652
0.00890587
0.00881344
0.00872836
0.00864982
0.00857708
0.00850951
0.00844653
0.00838768
0.00833251
0.00828069
0.00823188
0.00818583
0.00814231
0.00810111
0.00806205
0.00802498
0.00798976
0.00795628
0.00792441
0.00789407
0.00786515
0.00783756
0.00781111
0.00983185
0.00966335
0.00950647
0.00936056
0.00922501
0.0090992
0.00898248
0.00887419
0.00877366
0.00868025
0.00859335
0.00851239
0.00843684
0.00836622
0.00830011
0.00823811
0.00817987
0.0081251
0.00807349
0.00802482
0.00797886
0.00793541
0.00789429
0.00785534
0.00781842
0.00778339
0.00775013
0.00771852
0.00768845
0.00765971
0.00983177
0.00966297
0.00950539
0.00935825
0.00922085
0.00909254
0.00897271
0.00886078
0.00875618
0.00865839
0.00856691
0.00848125
0.00840098
0.00832568
0.00825499
0.00818854
0.00812602
0.00806714
0.00801164
0.00795927
0.00790981
0.00786306
0.00781884
0.00777699
0.00773733
0.00769974
0.00766409
0.00763025
0.00759808
0.00756736
0.00983175
0.00966285
0.00950504
0.00935747
0.00921938
0.00909008
0.00896895
0.00885541
0.00874894
0.00864904
0.00855525
0.00846714
0.00838432
0.00830641
0.00823307
0.00816399
0.00809887
0.00803744
0.00797945
0.00792467
0.00787288
0.0078239
0.00777754
0.00773364
0.00769204
0.0076526
0.00761518
0.00757967
0.00754591
0.00751368
0.00983174
0.00966281
0.00950493
0.00935722
0.00921888
0.00908921
0.00896757
0.00885337
0.0087461
0.00864526
0.0085504
0.00846112
0.00837703
0.00829778
0.00822306
0.00815255
0.00808598
0.0080231
0.00796366
0.00790745
0.00785426
0.0078039
0.0077562
0.00771099
0.00766813
0.00762747
0.00758888
0.00755224
0.0075174
0.00748412
0.00983173
0.0096628
0.0095049
0.00935713
0.00921871
0.00908891
0.00896708
0.00885263
0.00874503
0.0086438
0.00854849
0.00845868
0.00837401
0.00829414
0.00821874
0.00814753
0.00808022
0.00801658
0.00795638
0.00789939
0.00784542
0.00779429
0.00774582
0.00769985
0.00765624
0.00761485
0.00757555
0.00753822
0.0075027
0.00746877
0.00983173
0.0096628
0.00950489
0.0093571
0.00921865
0.0090888
0.0089669
0.00885236
0.00874465
0.00864326
0.00854776
0.00845774
0.00837283
0.00829268
0.00821698
0.00814544
0.00807779
0.00801379
0.00795321
0.00789583
0.00784147
0.00778993
0.00774106
0.00769469
0.00765068
0.00760889
0.00756919
0.00753147
0.00749557
0.00746125
0.00983173
0.0096628
0.00950488
0.00935709
0.00921863
0.00908876
0.00896684
0.00885227
0.0087445
0.00864306
0.00854749
0.00845738
0.00837237
0.00829211
0.00821628
0.0081446
0.00807681
0.00801264
0.00795189
0.00789434
0.00783979
0.00778807
0.007739
0.00769243
0.00764822
0.00760623
0.00756633
0.0075284
0.0074923
0.00745779
0.00983173
0.0096628
0.00950488
0.00935709
0.00921862
0.00908875
0.00896682
0.00885223
0.00874445
0.00864298
0.00854738
0.00845725
0.0083722
0.00829189
0.00821601
0.00814428
0.00807642
0.00801219
0.00795137
0.00789374
0.00783911
0.0077873
0.00773815
0.00769149
0.00764719
0.0076051
0.00756511
0.00752708
0.00749089
0.00745627
0.00983173
0.0096628
0.00950488
0.00935709
0.00921862
0.00908874
0.00896681
0.00885221
0.00874442
0.00864295
0.00854734
0.00845719
0.00837212
0.0082918
0.00821591
0.00814415
0.00807627
0.00801201
0.00795116
0.0078935
0.00783884
0.00778699
0.0077378
0.00769111
0.00764677
0.00760464
0.00756461
0.00752654
0.0074903
0.00745565
0.00983173
0.0096628
0.00950489
0.0093571
0.00921862
0.00908874
0.0089668
0.00885221
0.00874441
0.00864293
0.00854732
0.00845717
0.00837209
0.00829176
0.00821586
0.0081441
0.0080762
0.00801194
0.00795107
0.0078934
0.00783873
0.00778687
0.00773767
0.00769096
0.0076466
0.00760446
0.00756441
0.00752632
0.00749007
0.00745539
0.00983174
0.00966281
0.00950489
0.0093571
0.00921863
0.00908875
0.0089668
0.0088522
0.00874441
0.00864293
0.00854731
0.00845715
0.00837208
0.00829174
0.00821584
0.00814407
0.00807617
0.00801191
0.00795104
0.00789336
0.00783868
0.00778682
0.00773761
0.00769089
0.00764653
0.00760438
0.00756433
0.00752624
0.00748997
0.00745529
0.00983174
0.00966281
0.0095049
0.00935711
0.00921863
0.00908875
0.00896681
0.00885221
0.00874441
0.00864293
0.00854731
0.00845715
0.00837207
0.00829174
0.00821583
0.00814406
0.00807616
0.00801189
0.00795102
0.00789334
0.00783866
0.0077868
0.00773759
0.00769087
0.0076465
0.00760435
0.00756429
0.0075262
0.00748993
0.00745525
0.00983174
0.00966281
0.0095049
0.00935711
0.00921864
0.00908876
0.00896682
0.00885221
0.00874442
0.00864293
0.00854731
0.00845715
0.00837207
0.00829174
0.00821583
0.00814406
0.00807616
0.00801189
0.00795102
0.00789334
0.00783866
0.00778679
0.00773758
0.00769086
0.00764649
0.00760434
0.00756428
0.00752619
0.00748992
0.00745524
0.00983174
0.00966282
0.00950491
0.00935712
0.00921865
0.00908877
0.00896683
0.00885222
0.00874443
0.00864294
0.00854732
0.00845716
0.00837208
0.00829174
0.00821583
0.00814406
0.00807616
0.00801189
0.00795102
0.00789334
0.00783866
0.00778679
0.00773758
0.00769086
0.00764649
0.00760434
0.00756428
0.00752619
0.00748992
0.00745524
0.00983174
0.00966283
0.00950492
0.00935713
0.00921866
0.00908878
0.00896684
0.00885224
0.00874444
0.00864295
0.00854733
0.00845717
0.00837209
0.00829175
0.00821584
0.00814407
0.00807617
0.0080119
0.00795103
0.00789335
0.00783867
0.0077868
0.00773759
0.00769087
0.0076465
0.00760435
0.00756429
0.0075262
0.00748993
0.00745525
0.00983175
0.00966283
0.00950493
0.00935714
0.00921867
0.00908879
0.00896685
0.00885225
0.00874445
0.00864297
0.00854735
0.00845718
0.00837211
0.00829177
0.00821586
0.00814409
0.00807619
0.00801192
0.00795104
0.00789336
0.00783868
0.00778682
0.0077376
0.00769089
0.00764652
0.00760437
0.00756431
0.00752622
0.00748995
0.00745526
0.00983175
0.00966284
0.00950493
0.00935715
0.00921868
0.00908881
0.00896687
0.00885227
0.00874447
0.00864298
0.00854736
0.0084572
0.00837212
0.00829179
0.00821588
0.00814411
0.00807621
0.00801193
0.00795106
0.00789338
0.0078387
0.00778684
0.00773762
0.00769091
0.00764654
0.00760439
0.00756433
0.00752624
0.00748997
0.00745529
0.00983175
0.00966284
0.00950494
0.00935716
0.0092187
0.00908882
0.00896688
0.00885228
0.00874449
0.008643
0.00854738
0.00845722
0.00837214
0.00829181
0.0082159
0.00814413
0.00807623
0.00801196
0.00795109
0.00789341
0.00783873
0.00778686
0.00773765
0.00769093
0.00764657
0.00760442
0.00756436
0.00752627
0.00749
0.00745532
0.00983176
0.00966285
0.00950495
0.00935718
0.00921871
0.00908884
0.0089669
0.0088523
0.00874451
0.00864302
0.00854741
0.00845725
0.00837217
0.00829183
0.00821592
0.00814415
0.00807626
0.00801198
0.00795112
0.00789344
0.00783876
0.00778689
0.00773768
0.00769096
0.0076466
0.00760445
0.00756439
0.0075263
0.00749003
0.00745535
0.00983176
0.00966286
0.00950496
0.00935719
0.00921873
0.00908886
0.00896692
0.00885232
0.00874453
0.00864305
0.00854743
0.00845727
0.00837219
0.00829186
0.00821595
0.00814418
0.00807629
0.00801202
0.00795115
0.00789347
0.00783879
0.00778693
0.00773772
0.007691
0.00764663
0.00760449
0.00756443
0.00752634
0.00749007
0.00745539
0.00983176
0.00966286
0.00950497
0.0093572
0.00921874
0.00908887
0.00896694
0.00885235
0.00874455
0.00864307
0.00854746
0.0084573
0.00837222
0.00829189
0.00821598
0.00814421
0.00807632
0.00801205
0.00795118
0.00789351
0.00783883
0.00778696
0.00773775
0.00769104
0.00764667
0.00760453
0.00756447
0.00752638
0.00749012
0.00745543
0.00983177
0.00966287
0.00950499
0.00935722
0.00921876
0.00908889
0.00896696
0.00885237
0.00874458
0.0086431
0.00854749
0.00845733
0.00837226
0.00829192
0.00821602
0.00814425
0.00807635
0.00801209
0.00795122
0.00789354
0.00783887
0.00778701
0.0077378
0.00769108
0.00764672
0.00760457
0.00756452
0.00752643
0.00749016
0.00745548
0.00983177
0.00966288
0.009505
0.00935723
0.00921878
0.00908891
0.00896698
0.00885239
0.00874461
0.00864313
0.00854752
0.00845736
0.00837229
0.00829196
0.00821605
0.00814429
0.00807639
0.00801213
0.00795126
0.00789359
0.00783891
0.00778705
0.00773784
0.00769113
0.00764677
0.00760462
0.00756457
0.00752648
0.00749022
0.00745553
0.00983177
0.00966289
0.00950501
0.00935725
0.0092188
0.00908894
0.00896701
0.00885242
0.00874464
0.00864316
0.00854755
0.0084574
0.00837233
0.008292
0.00821609
0.00814433
0.00807644
0.00801217
0.00795131
0.00789363
0.00783896
0.0077871
0.00773789
0.00769118
0.00764682
0.00760467
0.00756462
0.00752653
0.00749027
0.00745559
0.00983178
0.0096629
0.00950502
0.00935726
0.00921882
0.00908896
0.00896703
0.00885245
0.00874467
0.00864319
0.00854758
0.00845743
0.00837236
0.00829204
0.00821613
0.00814437
0.00807648
0.00801222
0.00795135
0.00789368
0.00783901
0.00778715
0.00773794
0.00769123
0.00764687
0.00760473
0.00756468
0.00752659
0.00749033
0.00745565
0.00983178
0.00966291
0.00950504
0.00935728
0.00921884
0.00908898
0.00896706
0.00885248
0.0087447
0.00864323
0.00854762
0.00845747
0.0083724
0.00829208
0.00821618
0.00814442
0.00807653
0.00801226
0.0079514
0.00789373
0.00783906
0.0077872
0.007738
0.00769129
0.00764693
0.00760479
0.00756473
0.00752665
0.00749039
0.00745571
0.00983179
0.00966291
0.00950505
0.0093573
0.00921886
0.00908901
0.00896709
0.00885251
0.00874473
0.00864326
0.00854766
0.00845751
0.00837244
0.00829212
0.00821622
0.00814446
0.00807657
0.00801231
0.00795145
0.00789378
0.00783911
0.00778726
0.00773805
0.00769135
0.00764699
0.00760485
0.0075648
0.00752671
0.00749045
0.00745578
0.00983179
0.00966292
0.00950506
0.00935732
0.00921888
0.00908903
0.00896712
0.00885254
0.00874476
0.0086433
0.0085477
0.00845755
0.00837249
0.00829217
0.00821627
0.00814451
0.00807663
0.00801237
0.00795151
0.00789384
0.00783917
0.00778732
0.00773811
0.00769141
0.00764705
0.00760491
0.00756486
0.00752678
0.00749052
0.00745585
0.0098318
0.00966293
0.00950508
0.00935733
0.0092189
0.00908906
0.00896715
0.00885257
0.0087448
0.00864334
0.00854774
0.00845759
0.00837253
0.00829221
0.00821632
0.00814456
0.00807668
0.00801242
0.00795156
0.0078939
0.00783923
0.00778738
0.00773818
0.00769147
0.00764712
0.00760498
0.00756493
0.00752685
0.00749059
0.00745592
0.0098318
0.00966295
0.00950509
0.00935735
0.00921893
0.00908908
0.00896718
0.00885261
0.00874484
0.00864338
0.00854778
0.00845764
0.00837258
0.00829226
0.00821637
0.00814462
0.00807673
0.00801248
0.00795162
0.00789396
0.00783929
0.00778744
0.00773824
0.00769154
0.00764718
0.00760505
0.007565
0.00752692
0.00749066
0.00745599
0.00983181
0.00966296
0.00950511
0.00935738
0.00921895
0.00908911
0.00896721
0.00885264
0.00874487
0.00864342
0.00854782
0.00845769
0.00837263
0.00829231
0.00821642
0.00814467
0.00807679
0.00801254
0.00795168
0.00789402
0.00783936
0.00778751
0.00773831
0.00769161
0.00764725
0.00760512
0.00756507
0.00752699
0.00749074
0.00745607
0.00983181
0.00966297
0.00950513
0.0093574
0.00921898
0.00908914
0.00896724
0.00885268
0.00874491
0.00864346
0.00854787
0.00845773
0.00837268
0.00829237
0.00821648
0.00814473
0.00807685
0.0080126
0.00795175
0.00789409
0.00783942
0.00778757
0.00773838
0.00769168
0.00764733
0.00760519
0.00756515
0.00752707
0.00749082
0.00745614
0.00983182
0.00966298
0.00950514
0.00935742
0.009219
0.00908917
0.00896728
0.00885272
0.00874496
0.0086435
0.00854792
0.00845778
0.00837273
0.00829242
0.00821654
0.00814479
0.00807691
0.00801266
0.00795181
0.00789415
0.00783949
0.00778764
0.00773845
0.00769175
0.0076474
0.00760527
0.00756522
0.00752715
0.00749089
0.00745622
0.00983182
0.00966299
0.00950516
0.00935744
0.00921903
0.00908921
0.00896731
0.00885275
0.008745
0.00864355
0.00854796
0.00845783
0.00837279
0.00829248
0.00821659
0.00814485
0.00807697
0.00801273
0.00795188
0.00789422
0.00783956
0.00778772
0.00773852
0.00769182
0.00764748
0.00760534
0.0075653
0.00752722
0.00749097
0.00745631
0.00983183
0.009663
0.00950518
0.00935746
0.00921906
0.00908924
0.00896735
0.00885279
0.00874504
0.0086436
0.00854801
0.00845789
0.00837284
0.00829253
0.00821665
0.00814491
0.00807704
0.00801279
0.00795195
0.00789429
0.00783963
0.00778779
0.0077386
0.0076919
0.00764755
0.00760542
0.00756538
0.00752731
0.00749106
0.00745639
0.00983183
0.00966302
0.0095052
0.00935749
0.00921909
0.00908927
0.00896738
0.00885283
0.00874508
0.00864364
0.00854806
0.00845794
0.0083729
0.00829259
0.00821671
0.00814497
0.0080771
0.00801286
0.00795202
0.00789436
0.0078397
0.00778786
0.00773867
0.00769198
0.00764763
0.0076055
0.00756546
0.00752739
0.00749114
0.00745648
0.00983184
0.00966303
0.00950522
0.00935751
0.00921912
0.00908931
0.00896742
0.00885288
0.00874513
0.0086437
0.00854812
0.008458
0.00837296
0.00829266
0.00821678
0.00814504
0.00807717
0.00801293
0.00795209
0.00789444
0.00783978
0.00778794
0.00773875
0.00769206
0.00764772
0.00760559
0.00756555
0.00752748
0.00749123
0.00745656
0.00983185
0.00966305
0.00950524
0.00935754
0.00921915
0.00908934
0.00896746
0.00885292
0.00874518
0.00864375
0.00854817
0.00845806
0.00837302
0.00829272
0.00821685
0.00814511
0.00807725
0.00801301
0.00795216
0.00789451
0.00783986
0.00778802
0.00773884
0.00769214
0.0076478
0.00760567
0.00756564
0.00752757
0.00749132
0.00745666
0.00983185
0.00966306
0.00950526
0.00935757
0.00921918
0.00908938
0.00896751
0.00885297
0.00874523
0.0086438
0.00854823
0.00845812
0.00837308
0.00829279
0.00821692
0.00814518
0.00807732
0.00801308
0.00795224
0.00789459
0.00783994
0.00778811
0.00773892
0.00769223
0.00764789
0.00760576
0.00756573
0.00752766
0.00749141
0.00745675
0.00983186
0.00966308
0.00950528
0.00935759
0.00921922
0.00908942
0.00896755
0.00885302
0.00874528
0.00864386
0.00854829
0.00845818
0.00837315
0.00829286
0.00821699
0.00814526
0.00807739
0.00801316
0.00795232
0.00789468
0.00784003
0.00778819
0.00773901
0.00769232
0.00764798
0.00760585
0.00756582
0.00752775
0.00749151
0.00745685
0.00983187
0.00966309
0.0095053
0.00935762
0.00921925
0.00908946
0.0089676
0.00885307
0.00874534
0.00864391
0.00854835
0.00845824
0.00837321
0.00829293
0.00821706
0.00814533
0.00807747
0.00801324
0.0079524
0.00789476
0.00784011
0.00778828
0.0077391
0.00769241
0.00764807
0.00760595
0.00756591
0.00752785
0.0074916
0.00745694
0.00983187
0.00966311
0.00950533
0.00935765
0.00921928
0.0090895
0.00896764
0.00885312
0.00874539
0.00864397
0.00854841
0.00845831
0.00837328
0.008293
0.00821713
0.00814541
0.00807755
0.00801332
0.00795249
0.00789484
0.0078402
0.00778837
0.00773919
0.0076925
0.00764816
0.00760604
0.00756601
0.00752794
0.0074917
0.00745704
0.00983188
0.00966312
0.00950535
0.00935768
0.00921932
0.00908954
0.00896769
0.00885317
0.00874545
0.00864403
0.00854848
0.00845837
0.00837335
0.00829307
0.00821721
0.00814548
0.00807763
0.0080134
0.00795257
0.00789493
0.00784029
0.00778846
0.00773928
0.00769259
0.00764826
0.00760614
0.00756611
0.00752804
0.0074918
0.00745714
0.00983189
0.00966314
0.00950538
0.00935772
0.00921936
0.00908958
0.00896774
0.00885322
0.00874551
0.0086441
0.00854854
0.00845845
0.00837343
0.00829315
0.00821729
0.00814557
0.00807772
0.00801349
0.00795266
0.00789503
0.00784038
0.00778856
0.00773938
0.00769269
0.00764836
0.00760624
0.00756621
0.00752815
0.00749191
0.00745725
0.0098319
0.00966316
0.0095054
0.00935775
0.0092194
0.00908963
0.00896779
0.00885328
0.00874557
0.00864416
0.00854862
0.00845852
0.00837351
0.00829323
0.00821738
0.00814566
0.00807781
0.00801359
0.00795276
0.00789513
0.00784048
0.00778866
0.00773948
0.0076928
0.00764847
0.00760635
0.00756632
0.00752826
0.00749202
0.00745737
0.00983191
0.00966318
0.00950543
0.00935778
0.00921944
0.00908968
0.00896784
0.00885334
0.00874563
0.00864423
0.00854869
0.0084586
0.00837359
0.00829332
0.00821747
0.00814575
0.00807791
0.00801368
0.00795286
0.00789523
0.00784059
0.00778877
0.00773959
0.00769291
0.00764858
0.00760647
0.00756644
0.00752838
0.00749214
0.00745749
0.00983192
0.0096632
0.00950546
0.00935782
0.00921949
0.00908973
0.0089679
0.0088534
0.0087457
0.0086443
0.00854877
0.00845868
0.00837367
0.0082934
0.00821756
0.00814584
0.008078
0.00801378
0.00795296
0.00789533
0.0078407
0.00778887
0.0077397
0.00769302
0.0076487
0.00760658
0.00756656
0.0075285
0.00749226
0.00745761
0.00983193
0.00966322
0.00950549
0.00935786
0.00921953
0.00908979
0.00896796
0.00885347
0.00874577
0.00864438
0.00854885
0.00845877
0.00837377
0.0082935
0.00821766
0.00814595
0.00807811
0.00801389
0.00795308
0.00789545
0.00784081
0.007789
0.00773983
0.00769315
0.00764882
0.00760671
0.00756669
0.00752863
0.00749239
0.00745774
0.00983193
0.00966324
0.00950551
0.0093579
0.00921958
0.00908984
0.00896802
0.00885354
0.00874585
0.00864446
0.00854894
0.00845886
0.00837386
0.0082936
0.00821776
0.00814605
0.00807822
0.008014
0.00795319
0.00789556
0.00784093
0.00778911
0.00773994
0.00769327
0.00764894
0.00760683
0.00756681
0.00752875
0.00749252
0.00745786
0.143232
0.130555
0.121448
0.118713
0.128303
0.15486
0.20701
0.274897
0.334762
0.380269
0.408409
0.4191
0.414511
0.398609
0.375981
0.350693
0.325382
0.301377
0.279427
0.260025
0.244034
0.231039
0.219578
0.20892
0.198854
0.189475
0.180991
0.173622
0.167581
0.163129
0.160636
0.160677
0.164277
0.173392
0.192099
0.228592
0.299348
0.443411
0.759814
1.46507
0.0410105
0.0404078
0.0396585
0.0389489
0.0385977
0.0391082
0.0414032
0.0463457
0.0545864
0.0669724
0.084574
0.109113
0.135329
0.160993
0.183304
0.200098
0.210316
0.214337
0.213711
0.210405
0.206053
0.20123
0.195741
0.189613
0.183151
0.176609
0.170374
0.164803
0.160215
0.156933
0.155322
0.155844
0.159226
0.166964
0.181869
0.209086
0.257696
0.343887
0.495695
0.731832
0.0223511
0.0222019
0.0220285
0.0218362
0.0216418
0.0214831
0.0214383
0.0216433
0.0222743
0.0235668
0.0258597
0.0296892
0.0353608
0.0434156
0.0549417
0.0691462
0.0852791
0.102078
0.117985
0.131931
0.142225
0.148564
0.151842
0.15276
0.151947
0.150059
0.147642
0.145128
0.142991
0.141644
0.141392
0.142698
0.146197
0.152848
0.164242
0.182998
0.213046
0.259167
0.325843
0.40102
0.0159931
0.0159083
0.0158134
0.0157073
0.01559
0.0154642
0.0153392
0.015235
0.0151867
0.0152485
0.0155025
0.0160727
0.0171017
0.0187836
0.0214658
0.0254841
0.0312287
0.0391175
0.0495599
0.0625088
0.0761121
0.0879828
0.0974424
0.104365
0.109016
0.111908
0.1136
0.114641
0.11546
0.116456
0.118058
0.120652
0.124693
0.130737
0.139537
0.152116
0.169687
0.192933
0.221101
0.247752
0.0128252
0.0127709
0.0127102
0.0126421
0.0125658
0.0124806
0.0123869
0.0122872
0.0121884
0.0121031
0.0120534
0.0120747
0.0122156
0.0125427
0.0131594
0.0142014
0.0158568
0.0184074
0.0223048
0.0281822
0.0358584
0.0441924
0.0524269
0.0599036
0.0662527
0.0714204
0.0755761
0.0790146
0.0820545
0.0850128
0.0882137
0.0919584
0.0965405
0.102244
0.109349
0.118109
0.128671
0.140757
0.153431
0.164501
0.0109485
0.0109114
0.0108694
0.0108218
0.010768
0.010707
0.0106382
0.0105612
0.0104769
0.0103878
0.0102995
0.0102229
0.0101748
0.0101805
0.0102781
0.010521
0.0109848
0.0117844
0.0131152
0.0153104
0.0184904
0.0223808
0.0267735
0.0313649
0.0358693
0.0401021
0.0440046
0.0476276
0.051091
0.0545518
0.0581851
0.0621615
0.0666308
0.0717041
0.0774343
0.0837907
0.0906282
0.0976176
0.104259
0.109915
0.00974092
0.0097123
0.00967982
0.00964296
0.0096011
0.00955352
0.00949948
0.00943823
0.00936928
0.00929261
0.00920927
0.0091221
0.00903671
0.00896269
0.00891543
0.00891794
0.00900383
0.00922377
0.00966116
0.0104594
0.0116934
0.0132888
0.0152063
0.0173633
0.019663
0.0220265
0.0244131
0.0268263
0.0293063
0.0319192
0.0347433
0.0378551
0.041313
0.0451402
0.0493086
0.0537264
0.0582358
0.0626199
0.066643
0.0701124
0.0089348
0.00890945
0.00888086
0.00884859
0.00881213
0.0087709
0.00872424
0.00867147
0.00861187
0.00854484
0.00847009
0.00838796
0.00829989
0.00820918
0.00812191
0.00804813
0.00800358
0.0080126
0.00811451
0.00837502
0.00883581
0.00947097
0.0102669
0.0111969
0.0122307
0.0133444
0.0145284
0.01579
0.0171525
0.0186503
0.0203229
0.0222063
0.0243235
0.0266739
0.0292242
0.031905
0.0346157
0.0372392
0.0396663
0.0418263
0.00839051
0.00836537
0.0083373
0.00830592
0.00827083
0.00823153
0.00818749
0.0081381
0.00808272
0.00802067
0.00795135
0.00787431
0.00778957
0.0076979
0.00760139
0.0075042
0.00741359
0.00734152
0.00730773
0.00734484
0.00748124
0.00771073
0.00802503
0.00841164
0.00885784
0.00935475
0.00990018
0.0104996
0.0111655
0.0119152
0.0127677
0.0137398
0.0148406
0.0160668
0.0173988
0.0188001
0.0202217
0.0216103
0.0229187
0.0241187
0.00802519
0.0079986
0.00796917
0.00793659
0.00790051
0.00786052
0.00781617
0.00776694
0.00771229
0.00765161
0.00758426
0.00750966
0.00742733
0.00733711
0.00723945
0.00713579
0.00702924
0.00692555
0.00683473
0.00677372
0.00676491
0.00681201
0.00690965
0.0070507
0.00722841
0.00743813
0.00767848
0.00795165
0.00826287
0.00861938
0.00902882
0.00949729
0.0100271
0.0106149
0.0112503
0.0119165
0.0125925
0.0132566
0.0138903
0.0144832
0.00778467
0.0077559
0.00772425
0.00768946
0.00765121
0.00760914
0.00756286
0.00751196
0.00745594
0.00739429
0.00732645
0.00725184
0.00716989
0.00708015
0.00698241
0.00687693
0.00676483
0.00664869
0.00653346
0.00642802
0.00635137
0.0063121
0.00630663
0.00633054
0.00637976
0.00645131
0.00654385
0.00665771
0.00679451
0.00695667
0.00714652
0.00736547
0.00761308
0.00788642
0.00817989
0.00848567
0.00879486
0.00909881
0.0093905
0.00966636
0.00763106
0.00759999
0.00756594
0.00752865
0.00748783
0.00744316
0.0073943
0.00734087
0.00728245
0.00721859
0.0071488
0.00707258
0.00698939
0.00689871
0.00680014
0.00669345
0.00657888
0.0064574
0.00633133
0.00620528
0.00609609
0.00601456
0.00595807
0.00592357
0.00590832
0.0059102
0.00592793
0.00596104
0.00600962
0.00607406
0.0061546
0.00625095
0.00636194
0.00648535
0.00661799
0.00675602
0.00689543
0.00703258
0.00716463
0.00729035
0.00753679
0.00750367
0.00746744
0.00742784
0.00738459
0.00733738
0.00728589
0.00722978
0.00716866
0.00710215
0.00702981
0.00695119
0.00686582
0.00677322
0.00667295
0.00656463
0.00644812
0.00632366
0.00619221
0.00605612
0.00593088
0.00582819
0.00574581
0.00568136
0.00563273
0.00559824
0.00557669
0.00556729
0.00556954
0.00558305
0.00560731
0.00564155
0.00568458
0.0057348
0.00579029
0.00584899
0.0059089
0.00596831
0.00602594
0.00608125
0.00748161
0.00744688
0.00740891
0.00736743
0.00732216
0.0072728
0.00721903
0.00716052
0.00709692
0.00702786
0.00695294
0.00687177
0.00678393
0.00668899
0.00658652
0.00647615
0.0063576
0.00623078
0.00609602
0.00595449
0.00582093
0.00570731
0.00561152
0.00553141
0.00546517
0.00541129
0.00536862
0.00533627
0.0053135
0.00529964
0.00529396
0.0052956
0.00530355
0.00531662
0.00533357
0.00535316
0.00537429
0.00539601
0.00541763
0.00543881
0.007451
0.00741513
0.00737591
0.00733306
0.00728629
0.00723529
0.00717976
0.00711935
0.00705373
0.00698253
0.00690539
0.00682193
0.00673177
0.00663452
0.0065298
0.00641725
0.00629657
0.00616757
0.00603028
0.00588531
0.00574699
0.00562744
0.00552447
0.00543601
0.00536031
0.00529595
0.00524179
0.00519686
0.00516035
0.00513148
0.00510949
0.00509355
0.00508279
0.00507633
0.00507326
0.00507277
0.00507413
0.00507676
0.00508018
0.00508411
0.00743498
0.00739837
0.00735832
0.00731456
0.00726678
0.00721466
0.0071579
0.00709613
0.00702903
0.00695623
0.00687738
0.00679209
0.00670002
0.0066008
0.00649407
0.00637952
0.00625684
0.00612583
0.0059864
0.0058389
0.00569755
0.00557449
0.00546748
0.0053744
0.00529352
0.00522342
0.00516291
0.00511102
0.00506687
0.00502967
0.00499864
0.00497302
0.00495207
0.00493504
0.00492126
0.0049101
0.00490103
0.00489362
0.0048875
0.00488239
0.00742707
0.00739003
0.0073495
0.00730518
0.00725677
0.00720396
0.0071464
0.00708376
0.00701568
0.00694179
0.00686173
0.00677514
0.00668165
0.00658092
0.0064726
0.0063564
0.00623203
0.00609928
0.00595805
0.00580857
0.00566508
0.00553976
0.0054303
0.00533454
0.00525072
0.00517739
0.00511333
0.00505753
0.00500909
0.00496719
0.00493109
0.00490007
0.00487344
0.00485058
0.00483091
0.00481393
0.0047992
0.00478636
0.0047751
0.00476511
0.0074234
0.00738612
0.00734532
0.0073007
0.00725194
0.00719873
0.00714071
0.00707755
0.00700886
0.0069343
0.00685347
0.00676602
0.00667158
0.0065698
0.00646034
0.00634291
0.00621724
0.00608313
0.00594046
0.00578944
0.00564436
0.00551749
0.00540644
0.00530904
0.00522347
0.00514825
0.00508214
0.0050241
0.0049732
0.00492862
0.00488962
0.00485552
0.00482568
0.00479953
0.00477656
0.00475633
0.00473845
0.0047226
0.00470848
0.0046958
0.00742179
0.00738439
0.00734346
0.00729868
0.00724974
0.00719631
0.00713805
0.0070746
0.00700559
0.00693063
0.00684936
0.0067614
0.00666637
0.00656391
0.00645371
0.00633545
0.00620887
0.00607377
0.00593003
0.00577786
0.00563161
0.00550365
0.00539154
0.00529307
0.00520641
0.00513005
0.00506273
0.00500336
0.00495101
0.00490486
0.00486417
0.00482827
0.00479656
0.00476851
0.00474364
0.00472155
0.00470187
0.00468431
0.00466857
0.00465436
0.00742111
0.00738367
0.00734267
0.00729781
0.00724879
0.00719526
0.00713688
0.00707328
0.0070041
0.00692894
0.00684743
0.00675918
0.00666382
0.00656098
0.00645032
0.00633154
0.00620438
0.00606863
0.00592416
0.00577118
0.00562412
0.00549539
0.00538256
0.00528339
0.00519604
0.00511897
0.00505089
0.00499072
0.00493749
0.00489039
0.00484868
0.0048117
0.00477887
0.00474969
0.00472369
0.0047005
0.00467976
0.00466119
0.00464452
0.00462941
0.00742084
0.00738337
0.00734234
0.00729746
0.0072484
0.00719482
0.00713638
0.00707272
0.00700345
0.0069282
0.00684657
0.00675818
0.00666264
0.00655959
0.00644869
0.00632962
0.00620211
0.00606596
0.00592104
0.00576753
0.00561994
0.00549071
0.0053774
0.00527778
0.00518997
0.00511245
0.0050439
0.00498322
0.00492945
0.00488175
0.00483941
0.00480176
0.00476824
0.00473835
0.00471166
0.0046878
0.00466642
0.00464724
0.00462999
0.00461435
0.00742073
0.00738325
0.00734221
0.00729732
0.00724824
0.00719464
0.00713618
0.00707249
0.00700319
0.00692789
0.00684621
0.00675775
0.00666213
0.00655898
0.00644795
0.00632873
0.00620103
0.00606466
0.00591948
0.00576566
0.00561774
0.0054882
0.00537459
0.00527468
0.0051866
0.00510879
0.00503995
0.00497894
0.00492482
0.00487675
0.00483399
0.00479591
0.00476195
0.00473161
0.00470449
0.00468019
0.00465841
0.00463884
0.00462123
0.00460525
0.00742068
0.0073832
0.00734216
0.00729726
0.00724818
0.00719458
0.00713611
0.0070724
0.00700309
0.00692778
0.00684607
0.00675758
0.00666193
0.00655873
0.00644764
0.00632835
0.00620057
0.00606408
0.00591876
0.00576478
0.00561667
0.00548695
0.00537318
0.0052731
0.00518485
0.00510687
0.00503783
0.00497662
0.00492227
0.00487395
0.00483092
0.00479255
0.0047583
0.00472767
0.00470026
0.00467568
0.00465363
0.00463382
0.00461597
0.00459977
0.00742067
0.00738319
0.00734215
0.00729724
0.00724816
0.00719455
0.00713608
0.00707238
0.00700305
0.00692773
0.00684602
0.00675752
0.00666186
0.00655864
0.00644753
0.00632821
0.00620039
0.00606386
0.00591847
0.00576441
0.00561622
0.00548641
0.00537254
0.00527237
0.00518403
0.00510594
0.00503679
0.00497545
0.00492095
0.00487245
0.00482924
0.00479068
0.00475623
0.00472541
0.00469779
0.00467303
0.00465079
0.00463081
0.0046128
0.00459645
0.00742067
0.00738319
0.00734215
0.00729724
0.00724816
0.00719455
0.00713608
0.00707237
0.00700305
0.00692773
0.00684601
0.00675751
0.00666184
0.00655862
0.00644751
0.00632818
0.00620035
0.0060638
0.00591839
0.0057643
0.00561607
0.00548622
0.00537232
0.0052721
0.00518371
0.00510556
0.00503634
0.00497491
0.00492031
0.0048717
0.00482836
0.00478967
0.00475508
0.00472411
0.00469636
0.00467146
0.0046491
0.004629
0.00461088
0.00459443
0.00742068
0.0073832
0.00734216
0.00729725
0.00724817
0.00719456
0.00713609
0.00707238
0.00700306
0.00692774
0.00684603
0.00675753
0.00666186
0.00655864
0.00644753
0.00632819
0.00620036
0.00606382
0.00591841
0.00576432
0.00561608
0.00548622
0.0053723
0.00527207
0.00518365
0.00510547
0.0050362
0.00497471
0.00492004
0.00487135
0.00482792
0.00478913
0.00475444
0.00472337
0.00469552
0.00467053
0.00464808
0.00462788
0.00460969
0.00459316
0.0074207
0.00738322
0.00734218
0.00729727
0.00724819
0.00719458
0.00713611
0.00707241
0.00700309
0.00692777
0.00684605
0.00675756
0.00666189
0.00655867
0.00644756
0.00632824
0.00620041
0.00606387
0.00591847
0.00576439
0.00561616
0.0054863
0.00537238
0.00527214
0.00518371
0.00510551
0.00503621
0.00497468
0.00491996
0.00487121
0.00482771
0.00478885
0.00475408
0.00472294
0.00469501
0.00466995
0.00464743
0.00462717
0.00460892
0.00459233
0.00742072
0.00738324
0.0073422
0.0072973
0.00724821
0.00719461
0.00713614
0.00707243
0.00700312
0.0069278
0.00684609
0.00675759
0.00666193
0.00655872
0.00644761
0.00632829
0.00620048
0.00606395
0.00591856
0.00576449
0.00561627
0.00548642
0.00537251
0.00527227
0.00518383
0.00510562
0.0050363
0.00497474
0.00491997
0.00487118
0.00482763
0.00478871
0.00475388
0.00472268
0.0046947
0.00466958
0.004647
0.0046267
0.0046084
0.00459177
0.00742075
0.00738327
0.00734223
0.00729733
0.00724824
0.00719464
0.00713617
0.00707247
0.00700315
0.00692784
0.00684613
0.00675764
0.00666198
0.00655877
0.00644767
0.00632836
0.00620055
0.00606403
0.00591866
0.0057646
0.00561639
0.00548656
0.00537266
0.00527242
0.00518398
0.00510576
0.00503642
0.00497483
0.00492003
0.0048712
0.0048276
0.00478864
0.00475377
0.00472252
0.00469449
0.00466933
0.00464671
0.00462637
0.00460803
0.00459137
0.00742079
0.00738331
0.00734227
0.00729737
0.00724828
0.00719468
0.00713622
0.00707251
0.0070032
0.00692788
0.00684618
0.00675769
0.00666203
0.00655884
0.00644774
0.00632844
0.00620064
0.00606413
0.00591877
0.00576472
0.00561653
0.00548671
0.00537281
0.00527258
0.00518414
0.0051059
0.00503655
0.00497494
0.00492011
0.00487124
0.00482762
0.00478861
0.0047537
0.00472242
0.00469435
0.00466915
0.0046465
0.00462613
0.00460776
0.00459107
0.00742083
0.00738335
0.00734231
0.00729741
0.00724833
0.00719473
0.00713626
0.00707256
0.00700325
0.00692794
0.00684624
0.00675775
0.0066621
0.0065589
0.00644782
0.00632852
0.00620073
0.00606423
0.00591888
0.00576485
0.00561668
0.00548687
0.00537298
0.00527275
0.0051843
0.00510606
0.00503668
0.00497506
0.00492021
0.00487131
0.00482765
0.00478861
0.00475367
0.00472235
0.00469426
0.00466902
0.00464635
0.00462595
0.00460755
0.00459084
0.00742087
0.00738339
0.00734236
0.00729746
0.00724838
0.00719478
0.00713631
0.00707262
0.00700331
0.006928
0.0068463
0.00675782
0.00666217
0.00655898
0.0064479
0.00632861
0.00620083
0.00606434
0.005919
0.00576499
0.00561682
0.00548702
0.00537314
0.00527291
0.00518446
0.00510621
0.00503682
0.00497518
0.0049203
0.00487138
0.0048277
0.00478863
0.00475366
0.00472232
0.00469419
0.00466894
0.00464624
0.00462581
0.0046074
0.00459066
0.00742092
0.00738344
0.00734241
0.00729751
0.00724843
0.00719483
0.00713637
0.00707267
0.00700337
0.00692806
0.00684637
0.00675789
0.00666224
0.00655906
0.00644799
0.0063287
0.00620093
0.00606446
0.00591913
0.00576513
0.00561697
0.00548718
0.0053733
0.00527308
0.00518462
0.00510636
0.00503696
0.0049753
0.00492041
0.00487146
0.00482775
0.00478867
0.00475367
0.0047223
0.00469415
0.00466888
0.00464616
0.00462571
0.00460728
0.00459053
0.00742097
0.0073835
0.00734246
0.00729757
0.00724849
0.00719489
0.00713643
0.00707274
0.00700343
0.00692813
0.00684644
0.00675796
0.00666232
0.00655915
0.00644808
0.0063288
0.00620104
0.00606457
0.00591926
0.00576527
0.00561713
0.00548734
0.00537347
0.00527324
0.00518478
0.00510651
0.0050371
0.00497542
0.00492051
0.00487154
0.00482781
0.00478871
0.00475369
0.0047223
0.00469413
0.00466884
0.0046461
0.00462564
0.00460719
0.00459042
0.00742103
0.00738356
0.00734252
0.00729763
0.00724855
0.00719496
0.0071365
0.00707281
0.0070035
0.0069282
0.00684651
0.00675804
0.00666241
0.00655924
0.00644818
0.00632891
0.00620115
0.0060647
0.00591939
0.00576541
0.00561728
0.0054875
0.00537363
0.0052734
0.00518494
0.00510666
0.00503723
0.00497554
0.00492061
0.00487163
0.00482788
0.00478875
0.00475372
0.00472231
0.00469413
0.00466881
0.00464606
0.00462558
0.00460712
0.00459034
0.00742109
0.00738362
0.00734258
0.00729769
0.00724862
0.00719502
0.00713657
0.00707288
0.00700358
0.00692828
0.00684659
0.00675813
0.0066625
0.00655933
0.00644828
0.00632901
0.00620127
0.00606482
0.00591952
0.00576555
0.00561743
0.00548766
0.00537379
0.00527356
0.00518509
0.0051068
0.00503737
0.00497566
0.00492072
0.00487172
0.00482795
0.00478881
0.00475375
0.00472233
0.00469413
0.0046688
0.00464603
0.00462554
0.00460707
0.00459028
0.00742115
0.00738368
0.00734265
0.00729776
0.00724868
0.0071951
0.00713664
0.00707295
0.00700365
0.00692836
0.00684668
0.00675822
0.00666259
0.00655943
0.00644838
0.00632912
0.00620139
0.00606495
0.00591966
0.0057657
0.00561758
0.00548781
0.00537394
0.00527371
0.00518524
0.00510694
0.00503749
0.00497577
0.00492082
0.0048718
0.00482802
0.00478886
0.00475379
0.00472235
0.00469414
0.0046688
0.00464602
0.00462552
0.00460703
0.00459023
0.00742122
0.00738375
0.00734272
0.00729783
0.00724876
0.00719517
0.00713672
0.00707303
0.00700374
0.00692844
0.00684676
0.00675831
0.00666269
0.00655953
0.00644848
0.00632923
0.0062015
0.00606507
0.00591979
0.00576584
0.00561773
0.00548797
0.0053741
0.00527386
0.00518538
0.00510707
0.00503762
0.00497588
0.00492091
0.00487188
0.00482809
0.00478891
0.00475383
0.00472238
0.00469415
0.0046688
0.00464601
0.0046255
0.004607
0.00459019
0.00742129
0.00738382
0.00734279
0.0072979
0.00724883
0.00719525
0.00713679
0.00707311
0.00700382
0.00692853
0.00684685
0.0067584
0.00666278
0.00655963
0.00644859
0.00632935
0.00620162
0.0060652
0.00591993
0.00576598
0.00561788
0.00548811
0.00537424
0.005274
0.00518551
0.0051072
0.00503773
0.00497599
0.004921
0.00487196
0.00482815
0.00478896
0.00475387
0.0047224
0.00469417
0.0046688
0.004646
0.00462548
0.00460698
0.00459016
0.00742136
0.00738389
0.00734286
0.00729798
0.00724891
0.00719532
0.00713688
0.0070732
0.00700391
0.00692862
0.00684695
0.0067585
0.00666288
0.00655973
0.0064487
0.00632946
0.00620175
0.00606533
0.00592006
0.00576612
0.00561802
0.00548826
0.00537439
0.00527414
0.00518564
0.00510732
0.00503784
0.00497609
0.00492109
0.00487203
0.00482821
0.00478901
0.00475391
0.00472243
0.00469418
0.00466881
0.00464599
0.00462547
0.00460695
0.00459013
0.00742144
0.00738397
0.00734294
0.00729805
0.00724899
0.00719541
0.00713696
0.00707328
0.00700399
0.00692871
0.00684704
0.00675859
0.00666298
0.00655984
0.00644881
0.00632958
0.00620187
0.00606545
0.00592019
0.00576626
0.00561816
0.0054884
0.00537452
0.00527427
0.00518577
0.00510744
0.00503795
0.00497618
0.00492117
0.0048721
0.00482827
0.00478906
0.00475394
0.00472245
0.00469419
0.00466881
0.00464599
0.00462545
0.00460693
0.0045901
0.00742151
0.00738405
0.00734302
0.00729814
0.00724907
0.00719549
0.00713705
0.00707337
0.00700409
0.00692881
0.00684714
0.00675869
0.00666309
0.00655995
0.00644892
0.0063297
0.00620199
0.00606558
0.00592032
0.00576639
0.0056183
0.00548853
0.00537465
0.0052744
0.00518589
0.00510754
0.00503804
0.00497626
0.00492125
0.00487217
0.00482832
0.0047891
0.00475397
0.00472247
0.00469421
0.00466881
0.00464598
0.00462544
0.00460691
0.00459008
0.00742159
0.00738413
0.0073431
0.00729822
0.00724916
0.00719558
0.00713714
0.00707346
0.00700418
0.0069289
0.00684724
0.0067588
0.00666319
0.00656006
0.00644904
0.00632981
0.00620211
0.00606571
0.00592045
0.00576652
0.00561843
0.00548866
0.00537478
0.00527452
0.005186
0.00510765
0.00503814
0.00497635
0.00492132
0.00487223
0.00482837
0.00478914
0.004754
0.00472249
0.00469421
0.00466881
0.00464598
0.00462542
0.00460689
0.00459005
0.00742167
0.00738421
0.00734319
0.0072983
0.00724924
0.00719567
0.00713723
0.00707355
0.00700427
0.006929
0.00684734
0.0067589
0.0066633
0.00656017
0.00644915
0.00632993
0.00620223
0.00606583
0.00592058
0.00576665
0.00561856
0.00548879
0.0053749
0.00527463
0.0051861
0.00510774
0.00503822
0.00497642
0.00492138
0.00487228
0.00482841
0.00478917
0.00475402
0.0047225
0.00469422
0.00466881
0.00464597
0.00462541
0.00460687
0.00459002
0.00742176
0.00738429
0.00734327
0.00729839
0.00724933
0.00719576
0.00713732
0.00707365
0.00700437
0.0069291
0.00684744
0.006759
0.00666341
0.00656028
0.00644926
0.00633005
0.00620235
0.00606595
0.00592071
0.00576678
0.00561868
0.00548891
0.00537501
0.00527474
0.0051862
0.00510783
0.0050383
0.00497649
0.00492144
0.00487233
0.00482845
0.0047892
0.00475404
0.00472251
0.00469422
0.0046688
0.00464595
0.00462539
0.00460684
0.00458999
0.00742184
0.00738438
0.00734336
0.00729848
0.00724942
0.00719585
0.00713741
0.00707374
0.00700447
0.0069292
0.00684754
0.00675911
0.00666351
0.00656039
0.00644938
0.00633016
0.00620247
0.00606607
0.00592083
0.0057669
0.0056188
0.00548902
0.00537512
0.00527484
0.00518629
0.00510791
0.00503837
0.00497655
0.00492149
0.00487237
0.00482848
0.00478922
0.00475405
0.00472252
0.00469422
0.0046688
0.00464594
0.00462537
0.00460682
0.00458996
0.00742193
0.00738447
0.00734345
0.00729857
0.00724951
0.00719594
0.00713751
0.00707384
0.00700457
0.0069293
0.00684764
0.00675921
0.00666362
0.0065605
0.00644949
0.00633028
0.00620259
0.0060662
0.00592095
0.00576702
0.00561892
0.00548914
0.00537523
0.00527494
0.00518638
0.00510799
0.00503844
0.00497661
0.00492154
0.00487241
0.00482851
0.00478924
0.00475407
0.00472253
0.00469422
0.00466879
0.00464592
0.00462534
0.00460679
0.00458992
0.00742202
0.00738456
0.00734354
0.00729866
0.00724961
0.00719604
0.00713761
0.00707394
0.00700467
0.0069294
0.00684775
0.00675932
0.00666374
0.00656061
0.00644961
0.0063304
0.00620271
0.00606632
0.00592107
0.00576714
0.00561903
0.00548925
0.00537533
0.00527503
0.00518647
0.00510807
0.00503851
0.00497667
0.00492159
0.00487244
0.00482854
0.00478926
0.00475408
0.00472253
0.00469421
0.00466877
0.0046459
0.00462532
0.00460676
0.00458989
0.00742211
0.00738465
0.00734364
0.00729876
0.00724971
0.00719614
0.00713771
0.00707404
0.00700477
0.00692951
0.00684786
0.00675943
0.00666385
0.00656073
0.00644972
0.00633052
0.00620283
0.00606644
0.00592119
0.00576726
0.00561915
0.00548936
0.00537543
0.00527513
0.00518655
0.00510814
0.00503857
0.00497672
0.00492163
0.00487248
0.00482857
0.00478928
0.00475409
0.00472253
0.00469421
0.00466876
0.00464589
0.0046253
0.00460673
0.00458985
0.0074222
0.00738475
0.00734373
0.00729886
0.0072498
0.00719624
0.00713781
0.00707415
0.00700488
0.00692962
0.00684797
0.00675955
0.00666396
0.00656084
0.00644984
0.00633064
0.00620295
0.00606656
0.00592131
0.00576738
0.00561926
0.00548946
0.00537553
0.00527522
0.00518663
0.00510822
0.00503864
0.00497677
0.00492167
0.00487252
0.00482859
0.0047893
0.0047541
0.00472253
0.0046942
0.00466875
0.00464587
0.00462528
0.0046067
0.00458982
0.0074223
0.00738485
0.00734383
0.00729896
0.00724991
0.00719634
0.00713791
0.00707425
0.00700499
0.00692973
0.00684808
0.00675966
0.00666408
0.00656096
0.00644996
0.00633076
0.00620307
0.00606668
0.00592143
0.0057675
0.00561937
0.00548957
0.00537563
0.00527531
0.00518672
0.00510829
0.0050387
0.00497683
0.00492172
0.00487255
0.00482862
0.00478932
0.00475411
0.00472254
0.0046942
0.00466875
0.00464586
0.00462526
0.00460668
0.0045898
0.0074224
0.00738495
0.00734393
0.00729906
0.00725001
0.00719645
0.00713802
0.00707436
0.0070051
0.00692984
0.0068482
0.00675978
0.00666419
0.00656108
0.00645008
0.00633088
0.00620319
0.0060668
0.00592155
0.00576761
0.00561949
0.00548968
0.00537573
0.0052754
0.0051868
0.00510836
0.00503876
0.00497689
0.00492177
0.00487259
0.00482865
0.00478934
0.00475413
0.00472255
0.00469421
0.00466874
0.00464585
0.00462524
0.00460666
0.00458977
0.0074225
0.00738505
0.00734403
0.00729916
0.00725011
0.00719655
0.00713813
0.00707447
0.00700521
0.00692995
0.00684831
0.00675989
0.00666431
0.0065612
0.0064502
0.006331
0.00620332
0.00606693
0.00592168
0.00576773
0.0056196
0.00548979
0.00537583
0.00527549
0.00518688
0.00510844
0.00503883
0.00497695
0.00492182
0.00487264
0.00482869
0.00478937
0.00475415
0.00472256
0.00469422
0.00466875
0.00464585
0.00462524
0.00460665
0.00458976
0.0074226
0.00738515
0.00734414
0.00729927
0.00725022
0.00719666
0.00713824
0.00707458
0.00700532
0.00693007
0.00684843
0.00676001
0.00666443
0.00656132
0.00645033
0.00633113
0.00620344
0.00606705
0.0059218
0.00576786
0.00561972
0.0054899
0.00537594
0.00527559
0.00518698
0.00510852
0.00503891
0.00497701
0.00492188
0.00487269
0.00482873
0.00478941
0.00475418
0.00472259
0.00469424
0.00466876
0.00464586
0.00462525
0.00460666
0.00458976
0.00742271
0.00738526
0.00734425
0.00729938
0.00725034
0.00719678
0.00713836
0.0070747
0.00700544
0.00693019
0.00684855
0.00676014
0.00666456
0.00656145
0.00645046
0.00633126
0.00620358
0.00606719
0.00592194
0.00576799
0.00561985
0.00549002
0.00537606
0.0052757
0.00518708
0.00510862
0.005039
0.00497709
0.00492195
0.00487275
0.00482879
0.00478946
0.00475423
0.00472263
0.00469427
0.0046688
0.00464589
0.00462527
0.00460668
0.00458978
0.00742283
0.00738538
0.00734437
0.0072995
0.00725046
0.0071969
0.00713848
0.00707483
0.00700557
0.00693032
0.00684869
0.00676027
0.0066647
0.00656159
0.0064506
0.0063314
0.00620372
0.00606733
0.00592208
0.00576813
0.00561998
0.00549015
0.00537618
0.00527582
0.00518719
0.00510873
0.0050391
0.00497719
0.00492204
0.00487284
0.00482887
0.00478953
0.0047543
0.0047227
0.00469433
0.00466885
0.00464594
0.00462531
0.00460672
0.00458981
0.00742295
0.0073855
0.00734449
0.00729963
0.00725058
0.00719703
0.00713861
0.00707496
0.00700571
0.00693046
0.00684882
0.00676041
0.00666484
0.00656174
0.00645075
0.00633155
0.00620387
0.00606748
0.00592222
0.00576827
0.00562013
0.00549029
0.00537632
0.00527595
0.00518732
0.00510885
0.00503921
0.0049773
0.00492215
0.00487294
0.00482897
0.00478962
0.00475438
0.00472278
0.00469441
0.00466892
0.00464601
0.00462538
0.00460678
0.00458987
0.00742307
0.00738563
0.00734462
0.00729976
0.00725071
0.00719716
0.00713874
0.0070751
0.00700584
0.0069306
0.00684896
0.00676056
0.00666499
0.00656189
0.0064509
0.0063317
0.00620402
0.00606763
0.00592238
0.00576843
0.00562028
0.00549044
0.00537647
0.0052761
0.00518746
0.00510898
0.00503935
0.00497743
0.00492227
0.00487306
0.00482908
0.00478974
0.00475449
0.00472288
0.00469451
0.00466902
0.0046461
0.00462547
0.00460687
0.00458996
0.00742321
0.00738576
0.00734476
0.00729989
0.00725085
0.0071973
0.00713889
0.00707524
0.00700599
0.00693075
0.00684912
0.00676071
0.00666514
0.00656204
0.00645106
0.00633186
0.00620418
0.00606779
0.00592254
0.00576859
0.00562044
0.0054906
0.00537662
0.00527624
0.0051876
0.00510912
0.00503948
0.00497756
0.0049224
0.00487318
0.0048292
0.00478985
0.0047546
0.00472299
0.00469462
0.00466913
0.00464621
0.00462558
0.00460697
0.00459006
0.00742333
0.00738588
0.00734488
0.00730002
0.00725098
0.00719743
0.00713901
0.00707537
0.00700612
0.00693087
0.00684924
0.00676084
0.00666527
0.00656217
0.00645118
0.00633199
0.00620431
0.00606792
0.00592267
0.00576871
0.00562056
0.00549071
0.00537673
0.00527635
0.00518771
0.00510923
0.00503958
0.00497766
0.00492249
0.00487327
0.00482929
0.00478994
0.00475469
0.00472308
0.0046947
0.00466921
0.00464628
0.00462565
0.00460705
0.00459014
2.95313
2.16335
1.60073
1.21451
0.951731
0.772137
0.650209
0.56588
0.505019
0.459155
0.42312
0.393713
0.368919
0.347451
0.328452
0.311346
0.295743
0.281378
0.268062
0.255657
0.244063
0.233202
0.223008
0.213426
0.204408
0.195913
0.187903
0.180334
0.173189
0.166368
0.907521
0.887759
0.821021
0.739128
0.660214
0.589631
0.527951
0.47425
0.427283
0.386318
0.350632
0.319497
0.29226
0.268327
0.247181
0.228391
0.211605
0.196535
0.182942
0.170633
0.159444
0.149241
0.139908
0.131349
0.123483
0.11624
0.109559
0.103383
0.0976964
0.0924124
0.444564
0.459974
0.457337
0.442696
0.421951
0.398619
0.374587
0.350893
0.328226
0.306627
0.286067
0.266661
0.248456
0.231452
0.215632
0.200943
0.18732
0.174705
0.163028
0.152227
0.142235
0.132986
0.124418
0.116478
0.109118
0.102292
0.0959617
0.0900843
0.0846609
0.0796695
0.265131
0.275924
0.281256
0.281769
0.278628
0.272849
0.265193
0.256257
0.246516
0.236341
0.225994
0.215497
0.204969
0.194536
0.184299
0.17433
0.164685
0.155404
0.146505
0.138012
0.129932
0.122264
0.115005
0.108145
0.101674
0.0955787
0.0898477
0.084462
0.0794407
0.0748111
0.172808
0.179187
0.18378
0.186576
0.187744
0.1875
0.186045
0.183571
0.180255
0.176263
0.171741
0.166849
0.161649
0.156132
0.150387
0.144487
0.138499
0.132481
0.126484
0.120551
0.114718
0.109014
0.103463
0.0980874
0.0928995
0.0879098
0.0831287
0.0785584
0.0742322
0.0702022
0.114607
0.118612
0.121957
0.124614
0.126592
0.127913
0.128606
0.128705
0.128252
0.127293
0.125879
0.124068
0.121912
0.119493
0.116806
0.113845
0.110656
0.107279
0.103753
0.100116
0.096401
0.0926399
0.0888614
0.0850918
0.0813537
0.0776674
0.0740529
0.0705238
0.0671185
0.0639045
0.0732001
0.0760159
0.0785522
0.0807923
0.0827301
0.0843635
0.0856905
0.0867105
0.0874251
0.0878389
0.0879597
0.0877994
0.0873734
0.0867037
0.0858135
0.0847363
0.0834645
0.0819821
0.080312
0.0784757
0.0764946
0.0743902
0.0721835
0.0698955
0.067546
0.065154
0.0627392
0.0603175
0.0579257
0.0556183
0.0438581
0.0458144
0.0476741
0.0494189
0.0510381
0.0525247
0.0538732
0.0550783
0.0561347
0.0570375
0.0577829
0.0583678
0.0587912
0.0590543
0.0591608
0.0591174
0.0589306
0.0586207
0.0581787
0.0575922
0.0568634
0.0560029
0.0550215
0.0539304
0.0527419
0.0514685
0.0501241
0.0487211
0.0472858
0.0458579
0.0252949
0.026478
0.0276532
0.0288066
0.0299277
0.0310093
0.0320455
0.0330316
0.0339628
0.0348348
0.0356427
0.0363817
0.0370472
0.037635
0.0381413
0.0385636
0.0389003
0.0391523
0.0393188
0.0394067
0.039414
0.039334
0.0391581
0.0388871
0.0385257
0.0380793
0.037554
0.0369561
0.0363001
0.0356075
0.0150796
0.0156976
0.0163313
0.016974
0.01762
0.0182646
0.0189044
0.0195364
0.020158
0.0207669
0.0213606
0.0219366
0.0224919
0.0230234
0.0235278
0.0240017
0.0244419
0.0248453
0.0252093
0.0255321
0.0258116
0.0260454
0.0262355
0.0263778
0.0264671
0.0265003
0.0264741
0.0263892
0.0262505
0.0260643
0.00994771
0.0102443
0.0105546
0.0108762
0.0112066
0.0115439
0.0118865
0.0122329
0.0125821
0.0129333
0.0132855
0.0136381
0.01399
0.0143403
0.0146875
0.0150303
0.0153669
0.0156954
0.0160138
0.0163202
0.0166124
0.0168883
0.0171464
0.0173845
0.0176002
0.017791
0.0179563
0.0180924
0.0181973
0.0182669
0.00741956
0.00755715
0.00770288
0.00785599
0.00801565
0.00818112
0.00835173
0.00852694
0.00870633
0.0088896
0.00907653
0.00926695
0.00946072
0.00965767
0.00985757
0.0100601
0.0102648
0.0104712
0.0106785
0.0108859
0.0110924
0.0112969
0.0114984
0.0116957
0.0118872
0.0120717
0.0122479
0.0124139
0.0125677
0.0127035
0.00613853
0.00620003
0.00626583
0.00633569
0.00640936
0.0064866
0.00656719
0.006651
0.00673773
0.00682732
0.00691977
0.00701506
0.00711321
0.00721428
0.00731831
0.00742534
0.00753539
0.00764842
0.00776433
0.00788297
0.00800411
0.00812741
0.00825251
0.00837893
0.00850612
0.00863346
0.00876026
0.00888566
0.00900841
0.00912331
0.00546111
0.00548541
0.00551179
0.00554018
0.00557052
0.00560273
0.00563673
0.0056725
0.00571
0.0057494
0.00579039
0.00583297
0.00587729
0.00592349
0.00597165
0.00602185
0.0060742
0.00612878
0.00618567
0.00624491
0.00630654
0.00637054
0.00643688
0.00650547
0.00657618
0.00664884
0.0067232
0.00679894
0.00687546
0.00694912
0.00508871
0.00509415
0.00510044
0.00510757
0.00511551
0.00512423
0.00513373
0.00514398
0.00515499
0.00516678
0.0051793
0.00519275
0.00520705
0.00522228
0.00523852
0.00525586
0.00527439
0.0052942
0.0053154
0.00533807
0.0053623
0.00538818
0.00541578
0.00544513
0.00547628
0.00550923
0.00554397
0.00558041
0.00561835
0.00565574
0.00487773
0.00487327
0.004869
0.0048649
0.00486096
0.00485717
0.0048535
0.00484995
0.00484652
0.00484322
0.00484006
0.00483709
0.00483431
0.00483183
0.00482967
0.00482788
0.00482655
0.00482575
0.00482555
0.00482605
0.00482734
0.00482949
0.00483261
0.00483677
0.00484204
0.00484851
0.00485623
0.00486523
0.00487551
0.00488635
0.00475546
0.00474567
0.00473571
0.00472555
0.00471518
0.00470458
0.00469373
0.00468262
0.00467123
0.00465958
0.00464765
0.00463547
0.00462305
0.00461042
0.00459763
0.0045847
0.0045717
0.00455866
0.00454567
0.00453277
0.00452004
0.00450755
0.00449539
0.00448363
0.00447234
0.00446163
0.00445156
0.0044422
0.00443366
0.00442624
0.00468339
0.00467067
0.00465757
0.00464408
0.00463016
0.00461581
0.00460099
0.0045857
0.0045699
0.00455359
0.00453676
0.00451941
0.00450153
0.00448315
0.00446427
0.00444492
0.00442512
0.00440491
0.00438432
0.00436341
0.00434221
0.00432079
0.0042992
0.00427751
0.00425579
0.0042341
0.00421253
0.00419115
0.00417012
0.00415049
0.00464039
0.00462602
0.00461115
0.00459578
0.00457987
0.00456341
0.00454638
0.00452874
0.00451047
0.00449156
0.00447198
0.00445173
0.0044308
0.00440917
0.00438685
0.00436384
0.00434015
0.0043158
0.0042908
0.00426518
0.00423897
0.00421221
0.00418493
0.00415717
0.004129
0.00410046
0.00407162
0.00404253
0.0040134
0.00398581
0.00461454
0.00459919
0.00458331
0.00456685
0.0045498
0.00453213
0.00451382
0.00449485
0.00447518
0.0044548
0.00443368
0.00441179
0.00438914
0.00436569
0.00434144
0.00431637
0.00429049
0.0042638
0.00423629
0.00420798
0.00417888
0.004149
0.00411837
0.00408702
0.00405498
0.00402228
0.00398897
0.0039551
0.00392087
0.00388822
0.00459892
0.004583
0.0045665
0.0045494
0.00453167
0.00451329
0.00449423
0.00447447
0.00445399
0.00443276
0.00441074
0.00438793
0.0043643
0.00433983
0.00431449
0.00428828
0.00426118
0.00423318
0.00420427
0.00417445
0.00414372
0.00411209
0.00407955
0.00404613
0.00401184
0.00397671
0.00394075
0.00390401
0.00386668
0.00383094
0.00458949
0.00457321
0.00455633
0.00453882
0.00452067
0.00450185
0.00448234
0.0044621
0.00444113
0.00441939
0.00439685
0.00437349
0.0043493
0.00432423
0.00429828
0.00427142
0.00424364
0.00421491
0.00418523
0.00415458
0.00412295
0.00409035
0.00405676
0.00402219
0.00398664
0.00395012
0.00391265
0.00387426
0.00383513
0.00379756
0.00458378
0.00456727
0.00455014
0.00453238
0.00451396
0.00449485
0.00447505
0.00445452
0.00443323
0.00441117
0.00438831
0.00436462
0.00434008
0.00431467
0.00428835
0.00426112
0.00423295
0.00420381
0.0041737
0.00414259
0.00411048
0.00407734
0.00404318
0.00400799
0.00397176
0.00393449
0.00389619
0.00385688
0.00381674
0.00377816
0.00458032
0.00456364
0.00454635
0.00452841
0.00450981
0.00449052
0.00447052
0.00444979
0.00442831
0.00440604
0.00438296
0.00435906
0.00433431
0.00430867
0.00428214
0.00425468
0.00422627
0.0041969
0.00416654
0.00413518
0.0041028
0.00406938
0.00403491
0.00399938
0.00396279
0.00392512
0.00388638
0.00384658
0.0038059
0.00376678
0.00457818
0.0045614
0.00454399
0.00452594
0.00450721
0.00448779
0.00446766
0.00444679
0.00442516
0.00440275
0.00437953
0.00435548
0.00433058
0.0043048
0.00427812
0.00425052
0.00422197
0.00419245
0.00416195
0.00413044
0.0040979
0.00406432
0.00402968
0.00399398
0.00395719
0.00391932
0.00388035
0.0038403
0.00379934
0.00375994
0.00457684
0.00455998
0.00454249
0.00452434
0.00450552
0.00448601
0.00446578
0.00444481
0.00442308
0.00440057
0.00437725
0.0043531
0.00432809
0.00430221
0.00427543
0.00424773
0.00421908
0.00418947
0.00415887
0.00412727
0.00409464
0.00406096
0.00402623
0.00399043
0.00395354
0.00391556
0.00387648
0.0038363
0.0037952
0.00375567
0.00457596
0.00455904
0.00454148
0.00452327
0.00450438
0.0044848
0.0044645
0.00444345
0.00442165
0.00439906
0.00437566
0.00435143
0.00432635
0.0043004
0.00427354
0.00424577
0.00421705
0.00418737
0.00415671
0.00412504
0.00409235
0.00405862
0.00402383
0.00398797
0.00395103
0.00391299
0.00387385
0.00383361
0.00379244
0.00375284
0.00457535
0.00455838
0.00454078
0.00452252
0.00450358
0.00448394
0.00446358
0.00444248
0.00442061
0.00439796
0.00437451
0.00435022
0.00432508
0.00429906
0.00427215
0.00424432
0.00421555
0.00418582
0.00415511
0.00412339
0.00409066
0.00405689
0.00402206
0.00398616
0.00394919
0.00391112
0.00387194
0.00383167
0.00379047
0.00375085
0.00457491
0.00455791
0.00454027
0.00452197
0.00450299
0.0044833
0.0044629
0.00444175
0.00441984
0.00439714
0.00437363
0.0043493
0.00432411
0.00429805
0.00427109
0.00424321
0.0042144
0.00418463
0.00415387
0.00412212
0.00408935
0.00405555
0.00402069
0.00398477
0.00394777
0.00390968
0.00387048
0.00383019
0.00378898
0.00374935
0.00457458
0.00455755
0.00453988
0.00452155
0.00450253
0.00448281
0.00446237
0.00444118
0.00441923
0.0043965
0.00437295
0.00434857
0.00432334
0.00429724
0.00427024
0.00424233
0.00421348
0.00418367
0.00415289
0.0041211
0.00408831
0.00405448
0.0040196
0.00398365
0.00394663
0.00390852
0.00386932
0.00382902
0.00378779
0.00374816
0.00457433
0.00455728
0.00453958
0.00452122
0.00450217
0.00448242
0.00446195
0.00444074
0.00441875
0.00439598
0.0043724
0.00434799
0.00432273
0.00429659
0.00426956
0.00424161
0.00421273
0.00418289
0.00415208
0.00412027
0.00408744
0.00405359
0.00401869
0.00398273
0.00394569
0.00390757
0.00386835
0.00382805
0.00378682
0.00374718
0.00457414
0.00455706
0.00453934
0.00452096
0.00450189
0.00448212
0.00446162
0.00444037
0.00441836
0.00439556
0.00437195
0.00434751
0.00432222
0.00429605
0.00426899
0.00424102
0.00421211
0.00418224
0.0041514
0.00411957
0.00408672
0.00405284
0.00401793
0.00398195
0.0039449
0.00390676
0.00386754
0.00382722
0.00378599
0.00374635
0.00457399
0.00455689
0.00453915
0.00452075
0.00450166
0.00448187
0.00446134
0.00444008
0.00441804
0.00439522
0.00437158
0.00434712
0.0043218
0.0042956
0.00426852
0.00424052
0.00421158
0.00418169
0.00415083
0.00411897
0.0040861
0.00405221
0.00401727
0.00398128
0.00394422
0.00390607
0.00386684
0.00382652
0.00378528
0.00374564
0.00457387
0.00455676
0.004539
0.00452058
0.00450148
0.00448166
0.00446112
0.00443983
0.00441778
0.00439493
0.00437127
0.00434678
0.00432144
0.00429523
0.00426812
0.00424009
0.00421114
0.00418122
0.00415034
0.00411846
0.00408558
0.00405166
0.00401671
0.0039807
0.00394363
0.00390547
0.00386623
0.0038259
0.00378466
0.00374502
0.00457377
0.00455665
0.00453888
0.00452045
0.00450132
0.00448149
0.00446094
0.00443963
0.00441756
0.00439469
0.00437101
0.0043465
0.00432114
0.00429491
0.00426778
0.00423973
0.00421075
0.00418082
0.00414992
0.00411802
0.00408512
0.00405119
0.00401622
0.0039802
0.00394311
0.00390494
0.00386569
0.00382536
0.00378411
0.00374447
0.0045737
0.00455657
0.00453878
0.00452034
0.0045012
0.00448135
0.00446078
0.00443946
0.00441737
0.00439449
0.00437079
0.00434626
0.00432088
0.00429463
0.00426748
0.00423942
0.00421042
0.00418047
0.00414955
0.00411763
0.00408471
0.00405077
0.00401579
0.00397975
0.00394265
0.00390447
0.00386521
0.00382487
0.00378362
0.00374397
0.00457364
0.0045565
0.0045387
0.00452024
0.00450109
0.00448124
0.00446065
0.00443931
0.00441721
0.00439431
0.0043706
0.00434606
0.00432066
0.00429439
0.00426722
0.00423914
0.00421013
0.00418016
0.00414922
0.00411729
0.00408435
0.00405039
0.0040154
0.00397935
0.00394224
0.00390405
0.00386478
0.00382443
0.00378318
0.00374353
0.00457359
0.00455644
0.00453863
0.00452016
0.004501
0.00448113
0.00446054
0.00443919
0.00441707
0.00439416
0.00437043
0.00434587
0.00432046
0.00429417
0.00426699
0.0042389
0.00420986
0.00417988
0.00414892
0.00411698
0.00408403
0.00405006
0.00401504
0.00397898
0.00394186
0.00390366
0.00386438
0.00382403
0.00378277
0.00374311
0.00457355
0.00455639
0.00453858
0.00452009
0.00450092
0.00448104
0.00446043
0.00443907
0.00441694
0.00439402
0.00437028
0.00434571
0.00432028
0.00429398
0.00426678
0.00423867
0.00420963
0.00417963
0.00414866
0.0041167
0.00408373
0.00404975
0.00401472
0.00397865
0.00394151
0.00390331
0.00386402
0.00382365
0.00378239
0.00374273
0.00457351
0.00455634
0.00453852
0.00452003
0.00450085
0.00448096
0.00446034
0.00443897
0.00441683
0.00439389
0.00437014
0.00434556
0.00432012
0.0042938
0.00426659
0.00423847
0.00420941
0.0041794
0.00414841
0.00411644
0.00408346
0.00404946
0.00401442
0.00397833
0.00394119
0.00390297
0.00386367
0.0038233
0.00378203
0.00374236
0.00457348
0.0045563
0.00453847
0.00451997
0.00450079
0.00448089
0.00446026
0.00443888
0.00441672
0.00439378
0.00437001
0.00434542
0.00431997
0.00429364
0.00426642
0.00423828
0.00420921
0.00417918
0.00414818
0.00411619
0.0040832
0.00404919
0.00401414
0.00397804
0.00394088
0.00390265
0.00386334
0.00382296
0.00378168
0.003742
0.00457345
0.00455626
0.00453842
0.00451992
0.00450072
0.00448081
0.00446018
0.00443879
0.00441662
0.00439366
0.00436989
0.00434529
0.00431982
0.00429348
0.00426625
0.0042381
0.00420901
0.00417897
0.00414796
0.00411596
0.00408295
0.00404893
0.00401387
0.00397775
0.00394058
0.00390234
0.00386302
0.00382263
0.00378134
0.00374166
0.00457341
0.00455622
0.00453838
0.00451986
0.00450066
0.00448074
0.0044601
0.0044387
0.00441653
0.00439356
0.00436978
0.00434516
0.00431969
0.00429334
0.00426609
0.00423793
0.00420883
0.00417878
0.00414775
0.00411574
0.00408272
0.00404868
0.0040136
0.00397748
0.0039403
0.00390204
0.00386271
0.00382231
0.00378101
0.00374132
0.00457338
0.00455618
0.00453833
0.00451981
0.0045006
0.00448067
0.00446002
0.00443861
0.00441643
0.00439345
0.00436966
0.00434504
0.00431955
0.00429319
0.00426593
0.00423776
0.00420865
0.00417858
0.00414755
0.00411552
0.00408249
0.00404844
0.00401335
0.00397721
0.00394001
0.00390175
0.00386241
0.00382199
0.00378068
0.00374098
0.00457334
0.00455614
0.00453828
0.00451975
0.00450054
0.00448061
0.00445994
0.00443853
0.00441634
0.00439335
0.00436955
0.00434491
0.00431942
0.00429305
0.00426578
0.00423759
0.00420847
0.0041784
0.00414735
0.00411531
0.00408226
0.0040482
0.0040131
0.00397695
0.00393974
0.00390146
0.0038621
0.00382167
0.00378035
0.00374064
0.0045733
0.00455609
0.00453823
0.0045197
0.00450047
0.00448054
0.00445987
0.00443844
0.00441624
0.00439325
0.00436944
0.0043448
0.00431929
0.00429291
0.00426563
0.00423743
0.0042083
0.00417821
0.00414715
0.0041151
0.00408204
0.00404796
0.00401285
0.00397668
0.00393946
0.00390117
0.0038618
0.00382136
0.00378002
0.0037403
0.00457326
0.00455605
0.00453818
0.00451964
0.00450041
0.00448047
0.00445979
0.00443836
0.00441615
0.00439315
0.00436933
0.00434468
0.00431916
0.00429277
0.00426548
0.00423728
0.00420813
0.00417803
0.00414696
0.00411489
0.00408182
0.00404773
0.0040126
0.00397642
0.00393919
0.00390088
0.0038615
0.00382104
0.00377969
0.00373995
0.00457322
0.004556
0.00453813
0.00451959
0.00450035
0.0044804
0.00445971
0.00443828
0.00441606
0.00439305
0.00436923
0.00434456
0.00431904
0.00429264
0.00426534
0.00423712
0.00420796
0.00417785
0.00414677
0.00411469
0.00408161
0.0040475
0.00401236
0.00397617
0.00393891
0.00390059
0.00386119
0.00382072
0.00377935
0.0037396
0.00457319
0.00455596
0.00453808
0.00451953
0.00450029
0.00448033
0.00445964
0.0044382
0.00441598
0.00439296
0.00436912
0.00434445
0.00431892
0.00429251
0.0042652
0.00423697
0.0042078
0.00417768
0.00414658
0.00411449
0.00408139
0.00404727
0.00401212
0.00397591
0.00393864
0.0039003
0.00386089
0.0038204
0.00377902
0.00373925
0.00457315
0.00455592
0.00453804
0.00451948
0.00450023
0.00448027
0.00445957
0.00443812
0.00441589
0.00439287
0.00436902
0.00434434
0.0043188
0.00429238
0.00426506
0.00423682
0.00420764
0.00417751
0.0041464
0.0041143
0.00408118
0.00404705
0.00401188
0.00397566
0.00393837
0.00390002
0.00386059
0.00382008
0.00377868
0.00373889
0.00457312
0.00455588
0.00453799
0.00451943
0.00450018
0.00448021
0.00445951
0.00443805
0.00441581
0.00439278
0.00436893
0.00434424
0.00431869
0.00429226
0.00426493
0.00423668
0.00420749
0.00417734
0.00414622
0.00411411
0.00408098
0.00404683
0.00401165
0.00397541
0.00393811
0.00389974
0.00386029
0.00381976
0.00377834
0.00373854
0.00457309
0.00455585
0.00453796
0.00451939
0.00450013
0.00448016
0.00445945
0.00443798
0.00441574
0.0043927
0.00436884
0.00434414
0.00431859
0.00429215
0.00426481
0.00423655
0.00420735
0.00417719
0.00414605
0.00411392
0.00408079
0.00404662
0.00401142
0.00397517
0.00393785
0.00389946
0.00385999
0.00381945
0.003778
0.00373818
0.00457307
0.00455583
0.00453793
0.00451936
0.00450009
0.00448011
0.0044594
0.00443793
0.00441568
0.00439263
0.00436877
0.00434406
0.00431849
0.00429205
0.0042647
0.00423643
0.00420721
0.00417704
0.0041459
0.00411376
0.0040806
0.00404643
0.00401121
0.00397494
0.0039376
0.00389919
0.0038597
0.00381914
0.00377767
0.00373783
0.00457307
0.00455582
0.00453792
0.00451934
0.00450007
0.00448009
0.00445937
0.00443789
0.00441563
0.00439258
0.00436871
0.00434399
0.00431842
0.00429196
0.0042646
0.00423632
0.0042071
0.00417692
0.00414576
0.0041136
0.00408044
0.00404624
0.00401101
0.00397472
0.00393737
0.00389894
0.00385943
0.00381885
0.00377736
0.0037375
0.00457308
0.00455583
0.00453792
0.00451934
0.00450007
0.00448008
0.00445935
0.00443787
0.00441561
0.00439255
0.00436867
0.00434395
0.00431836
0.0042919
0.00426453
0.00423624
0.00420701
0.00417681
0.00414564
0.00411348
0.0040803
0.00404609
0.00401084
0.00397453
0.00393716
0.00389871
0.00385918
0.00381857
0.00377706
0.00373718
0.00457312
0.00455586
0.00453795
0.00451936
0.00450009
0.00448009
0.00445936
0.00443787
0.00441561
0.00439254
0.00436865
0.00434392
0.00431833
0.00429186
0.00426449
0.00423619
0.00420694
0.00417674
0.00414556
0.00411338
0.00408018
0.00404596
0.0040107
0.00397437
0.00393698
0.00389851
0.00385896
0.00381833
0.00377679
0.00373688
0.00457317
0.00455592
0.004538
0.00451941
0.00450013
0.00448013
0.0044594
0.0044379
0.00441563
0.00439256
0.00436867
0.00434394
0.00431834
0.00429186
0.00426447
0.00423617
0.00420692
0.0041767
0.00414551
0.00411332
0.00408011
0.00404588
0.00401059
0.00397425
0.00393685
0.00389836
0.00385878
0.00381813
0.00377657
0.00373663
0.00457326
0.004556
0.00453808
0.00451949
0.0045002
0.0044802
0.00445946
0.00443797
0.00441569
0.00439261
0.00436872
0.00434398
0.00431838
0.00429189
0.0042645
0.00423618
0.00420693
0.0041767
0.0041455
0.0041133
0.00408008
0.00404583
0.00401054
0.00397418
0.00393676
0.00389825
0.00385865
0.00381798
0.0037764
0.00373645
0.00457336
0.00455609
0.00453817
0.00451958
0.00450029
0.00448029
0.00445955
0.00443805
0.00441577
0.00439269
0.00436879
0.00434404
0.00431844
0.00429195
0.00426455
0.00423623
0.00420697
0.00417674
0.00414553
0.00411332
0.00408009
0.00404583
0.00401052
0.00397416
0.00393671
0.00389819
0.00385858
0.00381789
0.0037763
0.00373635
0.00457343
0.00455616
0.00453824
0.00451965
0.00450036
0.00448035
0.00445961
0.00443811
0.00441583
0.00439275
0.00436884
0.0043441
0.00431849
0.004292
0.0042646
0.00423627
0.004207
0.00417677
0.00414556
0.00411334
0.00408011
0.00404584
0.00401053
0.00397415
0.0039367
0.00389817
0.00385855
0.00381785
0.00377626
0.00373627
)
;

boundaryField
{
    inlet
    {
        type            fixedValue;
        value           uniform 0.01;
    }
    outlet
    {
        type            zeroGradient;
    }
    top
    {
        type            symmetryPlane;
    }
    ground
    {
        type            compressible::epsilonWallFunction;
        Cmu             0.09;
        kappa           0.41;
        E               9.8;
        value           nonuniform List<scalar> 
40
(
2.88827e-07
1.0397e-06
2.10755e-06
3.29592e-06
4.56967e-06
5.85175e-06
7.13574e-06
8.39077e-06
9.58614e-06
1.06917e-05
1.16795e-05
1.25196e-05
1.32974e-05
1.39612e-05
1.45621e-05
1.50163e-05
1.5784e-05
1.61841e-05
1.67371e-05
1.71782e-05
2.29001e-05
5.95624e-05
0.000785632
0.0018948
0.00272384
0.003616
0.00435528
0.00500543
0.00556213
0.00600746
0.00624001
0.0062435
0.00601109
0.00554952
0.00488068
0.00404283
0.00309202
0.0021081
0.00118681
0.000236282
)
;
    }
    sides
    {
        type            empty;
    }
    walls
    {
        type            compressible::epsilonWallFunction;
        Cmu             0.09;
        kappa           0.41;
        E               9.8;
        value           nonuniform List<scalar> 
140
(
2.88827e-07
9.46419e-07
1.79423e-06
2.67579e-06
3.58859e-06
4.47938e-06
5.34911e-06
6.20197e-06
7.0873e-06
8.13835e-06
9.64305e-06
1.2125e-05
1.64186e-05
2.37667e-05
3.60124e-05
5.59105e-05
8.75534e-05
0.000136942
0.000212831
0.00032797
0.00050105
0.000740053
0.00103927
0.00139725
0.001782
0.0021623
0.00250553
0.00279619
0.00302753
0.00317876
0.00327045
0.00330302
0.00328658
0.00323085
0.00314511
0.00304333
0.00293589
0.00287347
0.00298175
0.00848632
0.000236282
0.000934679
0.00166938
0.00245166
0.00329443
0.00420773
0.00520196
0.00628669
0.00747072
0.00876278
0.0101726
0.0117123
0.0133999
0.0152632
0.0173492
0.0197365
0.0225563
0.0260233
0.0304817
0.0364711
0.0448385
0.0558634
0.0692543
0.0854032
0.104815
0.12814
0.156211
0.190132
0.231497
0.28268
0.344779
0.42013
0.511576
0.62279
0.758823
0.927209
1.14131
1.436
1.98719
2.78444
0.289387
0.274594
0.261926
0.25093
0.241298
0.2328
0.225258
0.218532
0.212507
0.207089
0.2022
0.197772
0.193751
0.190089
0.186743
0.18368
0.180869
0.178283
0.175898
0.173695
0.171655
0.169763
0.168005
0.166368
0.16484
0.163411
0.162071
0.16081
0.159611
0.158375
2.95313
2.16335
1.60073
1.21451
0.951731
0.772137
0.650209
0.56588
0.505019
0.459155
0.42312
0.393713
0.368919
0.347451
0.328452
0.311346
0.295743
0.281378
0.268062
0.255657
0.244063
0.233202
0.223008
0.213426
0.204408
0.195913
0.187903
0.180334
0.173189
0.166368
)
;
    }
}


// ************************************************************************* //
