/*--------------------------------*- C++ -*----------------------------------*\
| =========                 |                                                 |
| \\      /  F ield         | OpenFOAM: The Open Source CFD Toolbox           |
|  \\    /   O peration     | Version:  2.2.0                                 |
|   \\  /    A nd           | Web:      www.OpenFOAM.org                      |
|    \\/     M anipulation  |                                                 |
\*---------------------------------------------------------------------------*/
FoamFile
{
    version     2.0;
    format      ascii;
    class       volScalarField;
    location    "2000";
    object      k;
}
// * * * * * * * * * * * * * * * * * * * * * * * * * * * * * * * * * * * * * //

dimensions      [0 2 -2 0 0 0 0];

internalField   nonuniform List<scalar> 
7600
(
9.62967e-06
2.2595e-05
3.61945e-05
4.87697e-05
6.06492e-05
7.15225e-05
8.16387e-05
9.09528e-05
9.93996e-05
0.000106903
0.000113391
0.000118766
0.000123639
0.000127729
0.000131382
0.000134122
0.0001387
0.000141094
0.000144385
0.000147015
0.000178227
0.000337215
0.00188253
0.00338562
0.00431237
0.00520891
0.00589665
0.00646976
0.00694099
0.0073067
0.00749406
0.00749685
0.00730964
0.00693049
0.0063618
0.00561112
0.00469268
0.00363513
0.00247845
0.000845019
2.12133e-05
5.60501e-05
8.45194e-05
0.000110291
0.000134392
0.000156979
0.000178109
0.000197754
0.000215839
0.000232281
0.000247022
0.000260093
0.000271916
0.000282382
0.000292159
0.000301011
0.000312094
0.000319306
0.000327912
0.000340566
0.000434656
0.00090841
0.00367112
0.00653535
0.00760139
0.00899114
0.0101557
0.0112602
0.0122507
0.0130658
0.0136333
0.0139022
0.0138268
0.0133685
0.0124978
0.0111961
0.00945828
0.00729634
0.00474802
0.00211364
3.24892e-05
8.10386e-05
0.000116025
0.000147482
0.000177191
0.000205409
0.000232109
0.00025719
0.000280525
0.000301998
0.000321542
0.000339225
0.000355484
0.000370258
0.000383891
0.000396335
0.000409815
0.000419897
0.000432841
0.000458454
0.000611854
0.00136877
0.00524663
0.00922151
0.0103325
0.011875
0.0131807
0.0144741
0.015668
0.0166839
0.0174153
0.0177794
0.0177081
0.0171486
0.0160676
0.0144538
0.012319
0.0096956
0.00659015
0.00311143
4.24083e-05
0.000102284
0.00014285
0.000178328
0.000211708
0.000243609
0.000274066
0.000302949
0.000330086
0.000355323
0.000378577
0.000399924
0.000419789
0.000438109
0.000455017
0.000470545
0.000486396
0.000499882
0.000519136
0.000562827
0.000788475
0.00185102
0.00663523
0.0114382
0.012549
0.0141542
0.0155505
0.0169945
0.0183658
0.0195557
0.0204249
0.0208672
0.0208023
0.0201747
0.0189558
0.0171414
0.014744
0.0117785
0.00818761
0.00402003
5.15787e-05
0.000121397
0.000167252
0.000206329
0.000242735
0.000277548
0.000310976
0.000342932
0.000373229
0.000401686
0.000428199
0.000452835
0.000475999
0.000497595
0.000517662
0.000536336
0.000555217
0.000573392
0.000601841
0.000669925
0.000983175
0.00236128
0.00787238
0.0132802
0.0144352
0.0161007
0.0176068
0.0192203
0.0207844
0.0221549
0.023162
0.0236822
0.0236287
0.0229477
0.0216151
0.0196293
0.0169958
0.0137087
0.00966454
0.00489527
5.98026e-05
0.000138725
0.00018968
0.000232305
0.000271599
0.000309069
0.000345144
0.000379836
0.000412986
0.000444408
0.000473981
0.000501764
0.000528148
0.000552986
0.000576341
0.000598531
0.00062145
0.000646121
0.000687379
0.000787065
0.00120172
0.00288585
0.00892671
0.0148084
0.0160769
0.017837
0.0194962
0.0213138
0.0230958
0.0246618
0.0258132
0.0264123
0.0263694
0.0256335
0.0241853
0.0220251
0.0191542
0.0155518
0.0110811
0.00576264
6.73232e-05
0.000154406
0.000210335
0.000256611
0.000298917
0.000339095
0.000377787
0.000415129
0.000451029
0.000485324
0.000517899
0.000548819
0.00057847
0.000606688
0.000633641
0.000659972
0.000688255
0.000721768
0.000780225
0.000919319
0.00144553
0.00340943
0.00977641
0.0160645
0.0175326
0.0194435
0.0213152
0.023383
0.0254183
0.0272038
0.0285111
0.0291905
0.0291513
0.0283472
0.026766
0.0244139
0.0212931
0.0173734
0.0124875
0.00663795
7.43228e-05
0.000168855
0.000229726
0.000279878
0.000325487
0.000368631
0.000410114
0.000450197
0.000488875
0.000526044
0.000561635
0.000595763
0.000628809
0.000660664
0.000691694
0.000723044
0.000758386
0.000803705
0.000884603
0.00107113
0.00171435
0.00392261
0.0104767
0.0170903
0.0188554
0.0209942
0.023155
0.0255328
0.027867
0.029902
0.031378
0.0321353
0.0320846
0.0311882
0.0294449
0.0268716
0.0234772
0.0192261
0.0139189
0.0075313
8.12746e-05
0.00018308
0.000249129
0.000303577
0.000352955
0.000399478
0.000444056
0.000487055
0.000528577
0.000568621
0.000607219
0.00064462
0.000681219
0.000717054
0.000752796
0.000790315
0.000834849
0.000895684
0.0010052
0.00124701
0.00200786
0.00442004
0.0110577
0.0179297
0.020103
0.0225691
0.0251152
0.0278771
0.0305635
0.0328791
0.0345328
0.0353574
0.0352698
0.0342453
0.032299
0.0294636
0.0257595
0.0211492
0.0153986
0.00844948
8.91845e-05
0.000199172
0.000271243
0.000330791
0.000384645
0.000435097
0.000483118
0.000529168
0.000573482
0.000616225
0.00065763
0.000698191
0.000738445
0.000778617
0.00081983
0.000864955
0.000921355
0.00100233
0.00114766
0.00145227
0.00232701
0.00490009
0.0115393
0.0186288
0.0213398
0.0242586
0.0273061
0.0305379
0.0336319
0.0362542
0.0380852
0.0389554
0.0387933
0.037593
0.0353913
0.0322418
0.0281807
0.0231707
0.0169414
0.00939758
9.9956e-05
0.000221054
0.000301104
0.000367243
0.000426679
0.000481778
0.000533555
0.000582574
0.000629263
0.00067407
0.000717597
0.000760797
0.000804505
0.000849222
0.000896704
0.000951161
0.00102276
0.00112964
0.00131922
0.00169391
0.00267568
0.00536571
0.0119379
0.0192228
0.0226371
0.0261622
0.0298447
0.0336393
0.0371918
0.0401359
0.0421304
0.0430107
0.0427237
0.0412889
0.0387699
0.0352453
0.0307704
0.0253103
0.0185573
0.0103802
0.000116562
0.000254851
0.000346656
0.000422039
0.000488899
0.000549738
0.000605619
0.000657227
0.000705276
0.000750688
0.00079473
0.000839192
0.000885475
0.000934509
0.000988918
0.00105468
0.00114562
0.00128563
0.00152951
0.00198208
0.00306283
0.00582668
0.0122733
0.0197717
0.0240737
0.0283868
0.0328504
0.037301
0.0413518
0.0446171
0.0467449
0.0475851
0.0471112
0.0453738
0.0424682
0.0385016
0.0335498
0.0275824
0.0202536
0.0114029
0.000142784
0.000308309
0.000418094
0.000507115
0.000584534
0.000653122
0.000713965
0.000767828
0.000815742
0.000859321
0.00090093
0.000943853
0.000990587
0.00104279
0.00110432
0.00118349
0.0012989
0.00148127
0.00179206
0.00233242
0.00350575
0.0063029
0.0125726
0.0203458
0.0257371
0.0310451
0.0364403
0.0416323
0.0462045
0.0497704
0.0519834
0.0527191
0.0519858
0.0498716
0.0465068
0.0420286
0.0365347
0.0299992
0.0220381
0.0124735
0.000182799
0.000389773
0.000526428
0.000635536
0.000728414
0.000808315
0.000876301
0.000933038
0.000979705
0.00101861
0.00105362
0.00109039
0.00113358
0.00118625
0.00125413
0.00134877
0.00149508
0.00173203
0.00212667
0.00276983
0.00403516
0.00683013
0.0128743
0.0210261
0.0277274
0.0342559
0.0407276
0.046729
0.0518224
0.0556455
0.0578762
0.0584294
0.0573573
0.05479
0.0508947
0.0458384
0.0397391
0.0325745
0.0239226
0.0136046
0.000241198
0.000508089
0.000683099
0.000820759
0.000935793
0.00103232
0.00111141
0.00117341
0.00121929
0.00125166
0.00127581
0.00130044
0.00133404
0.00138233
0.00145427
0.00156618
0.00175172
0.00206037
0.00256375
0.0033352
0.00470421
0.00747038
0.0132372
0.021915
0.0301668
0.0381478
0.0458208
0.0526693
0.0582537
0.0622631
0.0644236
0.0647052
0.0632123
0.06012
0.0556317
0.0499407
0.0431813
0.0353313
0.0259292
0.0148174
0.000323397
0.000673469
0.000900978
0.00107755
0.00122305
0.00134305
0.00143882
0.00151035
0.00155802
0.00158414
0.00159473
0.00160136
0.0016181
0.00165514
0.00172703
0.00185778
0.00209397
0.00249994
0.00315201
0.00409808
0.00560608
0.00833331
0.0137636
0.0231604
0.0332197
0.0428692
0.0518245
0.0595084
0.0655115
0.0696016
0.0715824
0.0714962
0.0695071
0.0658346
0.0607119
0.0543508
0.0468937
0.0383116
0.0281003
0.0161473
0.000436072
0.000898332
0.00119534
0.00142304
0.00160873
0.00176034
0.0018797
0.00196657
0.00202061
0.0020433
0.00204039
0.00202514
0.00201848
0.00203672
0.00210326
0.00225477
0.00255839
0.0031024
0.00397262
0.00518244
0.00691258
0.00962098
0.0146336
0.0249955
0.0371266
0.0485985
0.0588331
0.0672607
0.0735498
0.0775694
0.0792397
0.078694
0.0761583
0.0718877
0.0661312
0.0591034
0.0509403
0.0415952
0.0305136
0.0176508
0.000587528
0.00119828
0.00158476
0.00187738
0.00211411
0.00230639
0.00245727
0.0025666
0.00263343
0.00265814
0.00264529
0.00260796
0.00257466
0.0025688
0.00262578
0.00280218
0.0031983
0.00394766
0.00516375
0.00682004
0.00896654
0.0117433
0.0163469
0.0278558
0.0422766
0.0555391
0.066877
0.0758188
0.0821704
0.085917
0.0871434
0.0860866
0.083022
0.0782154
0.0719031
0.0642765
0.0554442
0.0453254
0.0333038
0.0194161
0.000788244
0.00159313
0.00209203
0.00246452
0.0027636
0.00300597
0.00319682
0.00333676
0.00342476
0.00346035
0.00344646
0.00339417
0.00333719
0.00330946
0.00335875
0.00356935
0.00408929
0.00514306
0.0069551
0.00945541
0.0125081
0.0155249
0.0192121
0.0323623
0.0492427
0.0638734
0.0758167
0.0848318
0.0909053
0.0941335
0.0948319
0.0933264
0.0898954
0.0847603
0.0780966
0.0700348
0.0606295
0.0497469
0.0366908
0.0215748
0.00105156
0.0021108
0.00274862
0.003217
0.00359003
0.00389195
0.00413151
0.00431132
0.00443156
0.00449239
0.00449665
0.0044544
0.00439173
0.00436228
0.0044241
0.00469416
0.0053642
0.00686474
0.00968208
0.0139104
0.0192951
0.0234038
0.0251684
0.0385951
0.0572191
0.0723556
0.0841795
0.0927806
0.0983143
0.101001
0.101393
0.0998292
0.0964983
0.0914979
0.0848828
0.0766835
0.0668756
0.0552549
0.0410204
0.0243157
0.00139481
0.00279083
0.00359784
0.00417842
0.00463609
0.00500571
0.00530144
0.00552958
0.00569369
0.00579753
0.00584789
0.00585824
0.00585604
0.00591761
0.00612007
0.00661678
0.00768238
0.00981415
0.0140597
0.0209737
0.0326469
0.0391049
0.0332357
0.0461631
0.0632777
0.0777394
0.0888349
0.0968308
0.102004
0.104771
0.105698
0.104993
0.10265
0.0985691
0.0926349
0.0847476
0.0747861
0.0624592
0.0468194
0.0279054
0.00180895
0.00362927
0.00463136
0.00533856
0.0058922
0.00634064
0.00670535
0.00699845
0.00722962
0.00741045
0.00755837
0.00770194
0.00788959
0.00821116
0.00879393
0.00985756
0.0117867
0.0152697
0.021502
0.0304618
0.0391805
0.0416731
0.0401978
0.051271
0.066051
0.0789562
0.0889348
0.0963333
0.10156
0.105176
0.107561
0.108672
0.108231
0.105879
0.101289
0.0942004
0.0843768
0.0714171
0.0541678
0.0323101
0.00226847
0.00457519
0.00579236
0.00664101
0.00730538
0.00784905
0.00830229
0.00868491
0.00901547
0.00931711
0.00962278
0.00998191
0.0104702
0.0111655
0.0122323
0.0139112
0.0165585
0.0206461
0.0264911
0.0334799
0.0399295
0.0430094
0.0446757
0.0541123
0.0663277
0.0772162
0.0858438
0.0926684
0.0982458
0.103168
0.107567
0.111109
0.113192
0.113158
0.110428
0.104555
0.0951584
0.0816946
0.0627359
0.0372865
0.00276329
0.00558806
0.00704001
0.00804583
0.00883532
0.00948814
0.0100439
0.0105308
0.0109768
0.0114165
0.0118965
0.0124802
0.013225
0.0142206
0.0156164
0.0175911
0.0203563
0.0241244
0.0289706
0.0346049
0.0401991
0.0441897
0.047565
0.0553032
0.064955
0.0736631
0.0808136
0.0870407
0.0930968
0.0995293
0.10624
0.112597
0.117661
0.120433
0.12004
0.115804
0.107157
0.0933626
0.0726259
0.0428783
0.00324973
0.00661574
0.00831132
0.0094805
0.0103984
0.0111602
0.0118147
0.0123978
0.0129452
0.0134996
0.0141168
0.0148343
0.0157216
0.0168767
0.0184033
0.0204109
0.0230137
0.0263265
0.0304345
0.0353294
0.0406812
0.0453131
0.0494075
0.0556061
0.0628635
0.0694142
0.0750441
0.0806021
0.087071
0.0949506
0.104
0.113333
0.121672
0.127651
0.130052
0.127906
0.120394
0.106507
0.0839722
0.0491516
0.00369704
0.00759263
0.00952216
0.0108453
0.0118794
0.0127343
0.0134666
0.0141196
0.014737
0.0153556
0.0160176
0.0167965
0.017764
0.0189919
0.0205503
0.022508
0.0249404
0.0279472
0.0316671
0.0362521
0.0415758
0.0467286
0.0510154
0.0558414
0.0609759
0.0655343
0.0697193
0.0745384
0.0811878
0.090208
0.101382
0.113596
0.125303
0.134777
0.1404
0.140826
0.134902
0.121242
0.0969472
0.0561969
0.00407858
0.00845728
0.0105915
0.0120425
0.0131657
0.0140846
0.0148612
0.0155414
0.0161691
0.0168034
0.0175044
0.0183351
0.0193578
0.020631
0.0222093
0.0241482
0.0265197
0.0294391
0.033094
0.0377311
0.0433179
0.0488289
0.0531108
0.0567991
0.0601478
0.0629729
0.0658671
0.070015
0.0766851
0.0864538
0.0991803
0.113869
0.128795
0.141895
0.151098
0.154576
0.150751
0.137711
0.11176
0.0641304
0.00438824
0.00916204
0.0114423
0.0129732
0.0141389
0.0150765
0.0158625
0.0165537
0.0172038
0.0178703
0.0186138
0.0194962
0.0205771
0.0219125
0.023557
0.0255723
0.0280462
0.0311185
0.0350097
0.0400028
0.046085
0.0520402
0.056364
0.0591965
0.0610572
0.0624927
0.064458
0.0680857
0.0747009
0.0849659
0.0988367
0.115424
0.133017
0.149415
0.162256
0.169225
0.168053
0.156089
0.128655
0.0731071
0.00462705
0.00958506
0.0119517
0.0135338
0.0147341
0.0156982
0.0165058
0.0172189
0.0178966
0.0186005
0.0193946
0.0203437
0.0215119
0.0229638
0.0247685
0.0270102
0.0298084
0.0333368
0.0378252
0.0435783
0.0504595
0.0570515
0.0615752
0.0637703
0.0645457
0.0651629
0.0666373
0.070035
0.0767071
0.0872859
0.101783
0.119526
0.139062
0.158271
0.174571
0.185124
0.186941
0.176567
0.147917
0.083359
0.00477987
0.00979155
0.0122083
0.0138213
0.0150418
0.0160205
0.0168433
0.0175774
0.0182871
0.0190387
0.0199018
0.0209503
0.0222631
0.0239285
0.0260509
0.028763
0.0322398
0.0366922
0.0424078
0.0495699
0.0577647
0.0652837
0.0701078
0.0718127
0.0721337
0.0725511
0.0740739
0.0776724
0.0846255
0.0952947
0.109743
0.127677
0.148164
0.169424
0.1888
0.202938
0.207993
0.199437
0.169567
0.0952325
0.00487137
0.00985028
0.0122699
0.0138822
0.0151016
0.0160826
0.0169159
0.0176733
0.0184237
0.0192397
0.0202026
0.0214053
0.0229588
0.0250014
0.0277101
0.0313181
0.0361196
0.0424423
0.0504982
0.0602892
0.0706889
0.0794362
0.0843571
0.0858856
0.0863192
0.0870892
0.0891304
0.0932601
0.100479
0.110725
0.124245
0.141265
0.161558
0.183906
0.205768
0.223329
0.231787
0.225311
0.194211
0.108713
0.00490366
0.00978824
0.0121733
0.0137587
0.0149591
0.0159328
0.0167748
0.0175608
0.0183654
0.0192724
0.0203854
0.0218354
0.0237967
0.0265047
0.0302797
0.0355446
0.0428106
0.0526081
0.0648638
0.0792681
0.0930201
0.102934
0.107655
0.109296
0.110072
0.11134
0.113902
0.118428
0.125273
0.134244
0.145892
0.160975
0.180003
0.202474
0.226162
0.246909
0.258888
0.254725
0.2223
0.124026
0.00488739
0.0096286
0.0119487
0.0134864
0.0146556
0.0156184
0.0164731
0.0173003
0.0181844
0.0192321
0.0205916
0.0224686
0.025161
0.0290891
0.0348424
0.0431202
0.054652
0.0702285
0.0887414
0.109452
0.126788
0.137347
0.142113
0.143756
0.144553
0.145811
0.148239
0.152479
0.157832
0.164685
0.173792
0.186296
0.203352
0.225236
0.25024
0.274036
0.289751
0.288214
0.25433
0.141426
0.00483199
0.00938846
0.011618
0.0130937
0.0142285
0.0151861
0.0160683
0.0169659
0.0179891
0.0192947
0.0211224
0.0238391
0.0280002
0.0343186
0.0438667
0.0574099
0.0754088
0.0987891
0.124135
0.149694
0.169573
0.180877
0.185656
0.186935
0.187124
0.187554
0.188933
0.191641
0.194861
0.199212
0.205612
0.215445
0.230359
0.251404
0.27757
0.304583
0.324558
0.326246
0.290855
0.161244
0.00474613
0.00907678
0.0111937
0.0126037
0.013714
0.0146878
0.0156368
0.0166866
0.0180231
0.0199336
0.0228671
0.0275768
0.0351092
0.0463507
0.0628593
0.0843356
0.109894
0.138851
0.168606
0.19646
0.217028
0.228283
0.232676
0.233211
0.232307
0.231343
0.231089
0.231512
0.232342
0.234255
0.238229
0.245762
0.258854
0.279273
0.306873
0.337712
0.363018
0.369118
0.332504
0.183943
0.00464318
0.00870548
0.010692
0.0120487
0.0131684
0.0142215
0.015369
0.0168698
0.0191773
0.0230056
0.0291815
0.0392378
0.0546169
0.0747047
0.0994893
0.127723
0.157959
0.188846
0.218614
0.244876
0.26349
0.273362
0.276794
0.276352
0.274218
0.271748
0.269705
0.267751
0.266423
0.266329
0.268441
0.274301
0.286153
0.306427
0.335995
0.371653
0.404064
0.416774
0.380051
0.210236
0.00453325
0.00828128
0.0101396
0.011505
0.0127625
0.0141951
0.0162305
0.0197298
0.0261017
0.0371016
0.0527915
0.0738063
0.099368
0.127657
0.157287
0.187099
0.215933
0.243056
0.267537
0.288264
0.302762
0.310387
0.312595
0.31126
0.308133
0.304408
0.30057
0.296945
0.294088
0.292632
0.293546
0.298391
0.309572
0.330098
0.362018
0.403449
0.445301
0.468306
0.434451
0.241467
0.00446876
0.00791202
0.00980542
0.0115923
0.0140427
0.0186125
0.0269807
0.0417993
0.0619499
0.0873364
0.116301
0.146624
0.176325
0.204078
0.229435
0.252191
0.272306
0.290193
0.305633
0.319128
0.329188
0.334803
0.336205
0.334504
0.330937
0.326445
0.321624
0.317116
0.313465
0.311329
0.311673
0.316041
0.326895
0.347656
0.381536
0.428632
0.481743
0.520345
0.497191
0.281423
0.00458034
0.00877987
0.0131129
0.0216343
0.0391608
0.0663922
0.0973289
0.131123
0.165207
0.197198
0.225066
0.247482
0.265108
0.279195
0.290907
0.300521
0.309073
0.317151
0.325144
0.333183
0.340031
0.344311
0.345695
0.344421
0.341187
0.336794
0.331994
0.327444
0.323735
0.321559
0.321869
0.326141
0.336741
0.357187
0.391489
0.441743
0.504746
0.564856
0.575445
0.349475
0.00919881
0.0255424
0.0580522
0.112766
0.188416
0.239271
0.271803
0.291136
0.301369
0.306134
0.307156
0.306989
0.306994
0.307663
0.309019
0.311126
0.313946
0.317537
0.322149
0.328106
0.334211
0.338795
0.341162
0.341167
0.339175
0.335847
0.331921
0.328082
0.324974
0.323314
0.324031
0.328476
0.338782
0.358226
0.391007
0.441004
0.509378
0.592672
0.66362
0.437603
0.096734
0.0934088
0.0905133
0.087962
0.0856964
0.0836724
0.0818554
0.0802177
0.0787365
0.0773924
0.0761694
0.0750534
0.0740326
0.0730966
0.0722365
0.0714445
0.0707136
0.0700378
0.0694119
0.0688311
0.0682912
0.0677885
0.0673196
0.0668815
0.0664714
0.0660868
0.065725
0.0653836
0.0650582
0.064722
0.0975192
0.0941051
0.0906329
0.0873
0.0841874
0.0813222
0.0787053
0.0763248
0.0741636
0.0722024
0.0704221
0.0688045
0.0673329
0.065992
0.0647684
0.0636499
0.0626256
0.0616861
0.0608228
0.0600284
0.0592962
0.0586203
0.0579958
0.0574181
0.0568835
0.0563888
0.0559315
0.0555087
0.0551189
0.0547463
0.0985249
0.0965079
0.0943329
0.0921223
0.0899477
0.0878507
0.0858541
0.083969
0.082199
0.0805433
0.078998
0.077558
0.0762171
0.0749689
0.0738069
0.0727249
0.0717168
0.070777
0.0699003
0.0690818
0.0683172
0.0676022
0.0669332
0.0663067
0.0657199
0.0651688
0.0646509
0.0641632
0.0637023
0.0632588
0.0988774
0.097448
0.0959087
0.0943214
0.092729
0.0911607
0.0896358
0.0881663
0.0867596
0.0854193
0.0841468
0.0829415
0.0818019
0.0807258
0.0797104
0.0787529
0.0778503
0.0769994
0.0761973
0.075441
0.0747278
0.0740549
0.0734198
0.0728202
0.0722537
0.0717183
0.0712118
0.0707321
0.0702773
0.069844
0.0990238
0.0978673
0.0966509
0.0954031
0.0941477
0.0929029
0.0916816
0.0904932
0.089344
0.088238
0.0871774
0.0861632
0.0851955
0.0842735
0.0833963
0.0825624
0.0817703
0.0810182
0.0803044
0.079627
0.0789842
0.0783742
0.0777953
0.0772458
0.076724
0.0762285
0.0757577
0.07531
0.0748838
0.0744766
0.0990872
0.0980668
0.0970263
0.0959748
0.0949232
0.0938818
0.0928584
0.0918592
0.0908888
0.0899501
0.0890453
0.0881754
0.0873409
0.0865417
0.0857773
0.0850471
0.08435
0.0836851
0.0830511
0.0824469
0.0818712
0.0813227
0.0808003
0.0803026
0.0798285
0.0793767
0.0789462
0.0785359
0.0781443
0.0777694
0.0991145
0.0981617
0.0972183
0.0962827
0.0953579
0.0944476
0.0935559
0.0926861
0.0918408
0.0910221
0.0902312
0.0894689
0.0887356
0.0880313
0.0873557
0.0867084
0.0860886
0.0854957
0.0849288
0.0843869
0.0838693
0.0833748
0.0829026
0.0824518
0.0820213
0.0816102
0.0812177
0.0808428
0.0804845
0.0801407
0.0991258
0.0982055
0.097314
0.0964457
0.0955988
0.0947729
0.0939689
0.0931878
0.0924304
0.0916976
0.0909899
0.0903076
0.0896508
0.0890192
0.0884126
0.0878304
0.0872723
0.0867374
0.0862251
0.0857347
0.0852654
0.0848164
0.084387
0.0839763
0.0835836
0.0832082
0.0828492
0.0825059
0.0821774
0.0818616
0.0991303
0.0982248
0.0973597
0.0965287
0.0957278
0.0949546
0.0942076
0.093486
0.0927894
0.0921174
0.0914699
0.0908463
0.0902466
0.08967
0.0891163
0.0885849
0.088075
0.0875862
0.0871177
0.0866689
0.0862391
0.0858275
0.0854336
0.0850565
0.0846956
0.0843503
0.0840199
0.0837037
0.0834008
0.0831094
0.099132
0.098233
0.0973804
0.0965688
0.0957937
0.0950516
0.09434
0.0936568
0.0930007
0.0923705
0.0917651
0.0911837
0.0906255
0.0900898
0.0895759
0.0890829
0.0886103
0.0881574
0.0877233
0.0873075
0.0869092
0.0865278
0.0861627
0.085813
0.0854784
0.085158
0.0848514
0.0845579
0.0842766
0.0840057
0.0991326
0.0982362
0.0973894
0.0965872
0.0958256
0.0951008
0.0944098
0.0937501
0.0931197
0.0925166
0.0919396
0.0913871
0.0908581
0.0903516
0.0898666
0.0894021
0.0889573
0.0885314
0.0881237
0.0877333
0.0873596
0.0870019
0.0866595
0.0863318
0.0860182
0.085718
0.0854307
0.0851557
0.0848921
0.0846382
0.0991327
0.0982375
0.097393
0.0965952
0.0958402
0.0951244
0.0944447
0.0937984
0.0931831
0.0925969
0.0920377
0.0915042
0.0909947
0.090508
0.090043
0.0895986
0.0891737
0.0887675
0.0883791
0.0880077
0.0876525
0.0873127
0.0869878
0.0866769
0.0863796
0.0860952
0.0858231
0.0855627
0.0853132
0.085073
0.0991328
0.0982379
0.0973944
0.0965985
0.0958465
0.095135
0.0944611
0.0938219
0.0932151
0.0926385
0.0920901
0.091568
0.0910708
0.0905969
0.090145
0.089714
0.0893026
0.08891
0.0885352
0.0881771
0.0878352
0.0875084
0.0871963
0.0868979
0.0866127
0.0863402
0.0860795
0.0858303
0.0855916
0.0853618
0.0991328
0.098238
0.0973949
0.0965997
0.095849
0.0951395
0.0944683
0.0938327
0.0932303
0.0926589
0.0921164
0.0916009
0.0911108
0.0906446
0.0902008
0.0897782
0.0893756
0.0889918
0.0886259
0.0882768
0.0879438
0.0876261
0.0873227
0.0870331
0.0867566
0.0864925
0.0862401
0.0859989
0.0857681
0.0855461
0.0991328
0.0982381
0.0973951
0.0966002
0.0958499
0.0951412
0.0944713
0.0938373
0.0932371
0.0926682
0.0921287
0.0916168
0.0911307
0.0906688
0.0902297
0.089812
0.0894145
0.0890362
0.0886758
0.0883324
0.0880052
0.0876932
0.0873956
0.0871118
0.086841
0.0865826
0.0863359
0.0861003
0.0858749
0.0856582
0.0991328
0.098238
0.0973951
0.0966003
0.0958502
0.0951419
0.0944724
0.0938391
0.0932398
0.0926722
0.0921342
0.091624
0.0911399
0.0906803
0.0902437
0.0898287
0.0894342
0.0890588
0.0887017
0.0883616
0.0880378
0.0877294
0.0874354
0.0871552
0.086888
0.0866332
0.0863901
0.0861581
0.0859363
0.0857231
0.0991327
0.098238
0.0973951
0.0966003
0.0958503
0.095142
0.0944727
0.0938398
0.0932408
0.0926737
0.0921364
0.091627
0.0911439
0.0906853
0.09025
0.0898364
0.0894434
0.0890697
0.0887143
0.0883761
0.0880542
0.0877477
0.0874558
0.0871777
0.0869126
0.08666
0.0864191
0.0861892
0.0859696
0.0857586
0.0991327
0.098238
0.0973951
0.0966003
0.0958503
0.095142
0.0944728
0.0938399
0.0932411
0.0926742
0.0921372
0.0916281
0.0911454
0.0906874
0.0902526
0.0898397
0.0894474
0.0890745
0.08872
0.0883828
0.0880619
0.0877564
0.0874656
0.0871887
0.0869248
0.0866733
0.0864336
0.086205
0.0859866
0.0857769
0.0991327
0.098238
0.0973951
0.0966003
0.0958503
0.095142
0.0944728
0.09384
0.0932412
0.0926743
0.0921374
0.0916285
0.0911459
0.0906881
0.0902536
0.089841
0.089449
0.0890765
0.0887224
0.0883856
0.0880652
0.0877603
0.08747
0.0871936
0.0869304
0.0866795
0.0864405
0.0862125
0.0859948
0.0857858
0.0991327
0.098238
0.0973951
0.0966003
0.0958503
0.095142
0.0944728
0.0938399
0.0932412
0.0926743
0.0921374
0.0916285
0.091146
0.0906883
0.0902539
0.0898414
0.0894496
0.0890772
0.0887233
0.0883867
0.0880665
0.0877618
0.0874718
0.0871957
0.0869327
0.0866822
0.0864435
0.0862158
0.0859984
0.0857898
0.0991327
0.0982381
0.0973951
0.0966003
0.0958503
0.095142
0.0944727
0.0938399
0.0932412
0.0926743
0.0921374
0.0916285
0.091146
0.0906883
0.0902539
0.0898415
0.0894497
0.0890774
0.0887235
0.088387
0.088067
0.0877624
0.0874725
0.0871965
0.0869336
0.0866832
0.0864446
0.0862171
0.0859999
0.0857914
0.0991327
0.0982381
0.0973951
0.0966003
0.0958503
0.095142
0.0944728
0.0938399
0.0932411
0.0926743
0.0921373
0.0916285
0.091146
0.0906883
0.0902539
0.0898414
0.0894497
0.0890774
0.0887236
0.0883871
0.0880671
0.0877625
0.0874727
0.0871967
0.0869339
0.0866836
0.0864451
0.0862176
0.0860005
0.0857921
0.0991327
0.0982381
0.0973952
0.0966003
0.0958503
0.0951421
0.0944728
0.0938399
0.0932411
0.0926743
0.0921373
0.0916285
0.091146
0.0906883
0.0902539
0.0898414
0.0894497
0.0890774
0.0887236
0.0883871
0.0880671
0.0877626
0.0874727
0.0871968
0.086934
0.0866837
0.0864452
0.0862178
0.0860007
0.0857923
0.0991328
0.0982381
0.0973952
0.0966004
0.0958504
0.0951421
0.0944728
0.09384
0.0932412
0.0926743
0.0921374
0.0916285
0.091146
0.0906883
0.0902539
0.0898414
0.0894497
0.0890774
0.0887236
0.0883871
0.0880671
0.0877626
0.0874727
0.0871968
0.086934
0.0866837
0.0864452
0.0862178
0.0860007
0.0857923
0.0991328
0.0982381
0.0973952
0.0966004
0.0958504
0.0951421
0.0944729
0.09384
0.0932412
0.0926744
0.0921374
0.0916285
0.091146
0.0906883
0.0902539
0.0898414
0.0894497
0.0890774
0.0887236
0.0883871
0.0880671
0.0877626
0.0874728
0.0871968
0.0869341
0.0866838
0.0864453
0.0862179
0.0860008
0.0857924
0.0991328
0.0982382
0.0973953
0.0966005
0.0958505
0.0951422
0.0944729
0.0938401
0.0932413
0.0926744
0.0921375
0.0916286
0.0911461
0.0906884
0.0902539
0.0898415
0.0894497
0.0890775
0.0887237
0.0883872
0.0880672
0.0877627
0.0874728
0.0871969
0.0869341
0.0866838
0.0864453
0.0862179
0.0860008
0.0857925
0.0991328
0.0982382
0.0973953
0.0966005
0.0958505
0.0951423
0.094473
0.0938401
0.0932414
0.0926745
0.0921375
0.0916287
0.0911462
0.0906884
0.090254
0.0898416
0.0894498
0.0890776
0.0887237
0.0883873
0.0880672
0.0877627
0.0874729
0.087197
0.0869342
0.0866839
0.0864454
0.086218
0.0860009
0.0857926
0.0991328
0.0982382
0.0973953
0.0966006
0.0958506
0.0951423
0.0944731
0.0938402
0.0932414
0.0926746
0.0921376
0.0916288
0.0911463
0.0906885
0.0902541
0.0898417
0.0894499
0.0890777
0.0887239
0.0883874
0.0880674
0.0877629
0.087473
0.0871971
0.0869344
0.0866841
0.0864456
0.0862182
0.0860011
0.0857927
0.0991328
0.0982382
0.0973954
0.0966006
0.0958507
0.0951424
0.0944732
0.0938403
0.0932415
0.0926747
0.0921377
0.0916289
0.0911464
0.0906887
0.0902543
0.0898418
0.0894501
0.0890778
0.088724
0.0883875
0.0880675
0.087763
0.0874732
0.0871973
0.0869345
0.0866842
0.0864457
0.0862184
0.0860013
0.0857929
0.0991328
0.0982383
0.0973954
0.0966007
0.0958507
0.0951425
0.0944733
0.0938404
0.0932417
0.0926748
0.0921379
0.091629
0.0911465
0.0906888
0.0902544
0.089842
0.0894502
0.089078
0.0887242
0.0883877
0.0880677
0.0877632
0.0874734
0.0871975
0.0869347
0.0866844
0.0864459
0.0862186
0.0860015
0.0857931
0.0991328
0.0982383
0.0973955
0.0966008
0.0958508
0.0951426
0.0944734
0.0938405
0.0932418
0.0926749
0.092138
0.0916291
0.0911467
0.0906889
0.0902546
0.0898421
0.0894504
0.0890782
0.0887243
0.0883879
0.0880679
0.0877634
0.0874736
0.0871977
0.0869349
0.0866846
0.0864462
0.0862188
0.0860017
0.0857933
0.0991329
0.0982383
0.0973955
0.0966008
0.0958509
0.0951427
0.0944735
0.0938407
0.0932419
0.0926751
0.0921382
0.0916293
0.0911468
0.0906891
0.0902547
0.0898423
0.0894506
0.0890784
0.0887245
0.0883881
0.0880681
0.0877636
0.0874738
0.0871979
0.0869352
0.0866849
0.0864464
0.086219
0.0860019
0.0857936
0.0991329
0.0982384
0.0973956
0.0966009
0.095851
0.0951428
0.0944736
0.0938408
0.0932421
0.0926752
0.0921383
0.0916295
0.091147
0.0906893
0.0902549
0.0898425
0.0894508
0.0890786
0.0887248
0.0883883
0.0880683
0.0877638
0.0874741
0.0871982
0.0869354
0.0866851
0.0864467
0.0862193
0.0860022
0.0857939
0.0991329
0.0982384
0.0973957
0.096601
0.0958511
0.0951429
0.0944737
0.0938409
0.0932422
0.0926754
0.0921385
0.0916297
0.0911472
0.0906895
0.0902551
0.0898427
0.089451
0.0890788
0.088725
0.0883886
0.0880686
0.0877641
0.0874743
0.0871984
0.0869357
0.0866854
0.086447
0.0862196
0.0860025
0.0857942
0.0991329
0.0982385
0.0973957
0.0966011
0.0958512
0.095143
0.0944738
0.0938411
0.0932424
0.0926756
0.0921387
0.0916298
0.0911474
0.0906897
0.0902554
0.089843
0.0894513
0.0890791
0.0887253
0.0883888
0.0880689
0.0877644
0.0874746
0.0871987
0.086936
0.0866857
0.0864473
0.0862199
0.0860029
0.0857945
0.0991329
0.0982385
0.0973958
0.0966012
0.0958513
0.0951432
0.094474
0.0938412
0.0932425
0.0926757
0.0921389
0.0916301
0.0911476
0.0906899
0.0902556
0.0898432
0.0894515
0.0890793
0.0887255
0.0883891
0.0880691
0.0877647
0.0874749
0.087199
0.0869363
0.0866861
0.0864476
0.0862203
0.0860032
0.0857949
0.099133
0.0982386
0.0973959
0.0966013
0.0958514
0.0951433
0.0944741
0.0938414
0.0932427
0.0926759
0.0921391
0.0916303
0.0911478
0.0906902
0.0902558
0.0898435
0.0894518
0.0890796
0.0887258
0.0883894
0.0880694
0.087765
0.0874752
0.0871994
0.0869367
0.0866864
0.086448
0.0862206
0.0860036
0.0857953
0.099133
0.0982386
0.0973959
0.0966013
0.0958515
0.0951434
0.0944743
0.0938415
0.0932429
0.0926761
0.0921393
0.0916305
0.0911481
0.0906904
0.0902561
0.0898437
0.0894521
0.0890799
0.0887261
0.0883897
0.0880698
0.0877653
0.0874756
0.0871997
0.086937
0.0866868
0.0864483
0.086221
0.086004
0.0857957
0.099133
0.0982387
0.097396
0.0966014
0.0958516
0.0951435
0.0944744
0.0938417
0.0932431
0.0926763
0.0921395
0.0916307
0.0911483
0.0906907
0.0902564
0.089844
0.0894523
0.0890802
0.0887264
0.08839
0.0880701
0.0877657
0.0874759
0.0872001
0.0869374
0.0866872
0.0864487
0.0862214
0.0860044
0.0857961
0.099133
0.0982387
0.0973961
0.0966015
0.0958517
0.0951437
0.0944746
0.0938419
0.0932433
0.0926765
0.0921397
0.091631
0.0911486
0.0906909
0.0902566
0.0898443
0.0894526
0.0890805
0.0887267
0.0883904
0.0880704
0.087766
0.0874763
0.0872004
0.0869378
0.0866875
0.0864491
0.0862218
0.0860048
0.0857965
0.0991331
0.0982388
0.0973962
0.0966016
0.0958519
0.0951438
0.0944748
0.0938421
0.0932435
0.0926768
0.0921399
0.0916312
0.0911488
0.0906912
0.0902569
0.0898446
0.089453
0.0890808
0.0887271
0.0883907
0.0880708
0.0877664
0.0874767
0.0872008
0.0869382
0.086688
0.0864495
0.0862222
0.0860052
0.0857969
0.0991331
0.0982388
0.0973963
0.0966018
0.095852
0.095144
0.0944749
0.0938423
0.0932437
0.092677
0.0921402
0.0916315
0.0911491
0.0906915
0.0902572
0.0898449
0.0894533
0.0890812
0.0887274
0.0883911
0.0880712
0.0877668
0.0874771
0.0872012
0.0869386
0.0866884
0.08645
0.0862227
0.0860057
0.0857974
0.0991331
0.0982389
0.0973963
0.0966019
0.0958521
0.0951442
0.0944751
0.0938425
0.0932439
0.0926772
0.0921404
0.0916317
0.0911494
0.0906918
0.0902576
0.0898453
0.0894536
0.0890815
0.0887278
0.0883915
0.0880716
0.0877672
0.0874775
0.0872017
0.086939
0.0866888
0.0864504
0.0862231
0.0860061
0.0857978
0.0991331
0.098239
0.0973964
0.096602
0.0958523
0.0951443
0.0944753
0.0938427
0.0932441
0.0926775
0.0921407
0.091632
0.0911497
0.0906921
0.0902579
0.0898456
0.089454
0.0890819
0.0887282
0.0883919
0.088072
0.0877676
0.0874779
0.0872021
0.0869394
0.0866893
0.0864509
0.0862236
0.0860066
0.0857983
0.0991332
0.098239
0.0973965
0.0966021
0.0958524
0.0951445
0.0944755
0.0938429
0.0932444
0.0926777
0.092141
0.0916323
0.09115
0.0906924
0.0902582
0.0898459
0.0894543
0.0890823
0.0887286
0.0883923
0.0880724
0.087768
0.0874783
0.0872025
0.0869399
0.0866897
0.0864513
0.0862241
0.0860071
0.0857988
0.0991332
0.0982391
0.0973966
0.0966022
0.0958526
0.0951447
0.0944757
0.0938431
0.0932446
0.092678
0.0921413
0.0916326
0.0911503
0.0906928
0.0902586
0.0898463
0.0894547
0.0890826
0.088729
0.0883927
0.0880728
0.0877684
0.0874787
0.087203
0.0869403
0.0866902
0.0864518
0.0862245
0.0860076
0.0857993
0.0991332
0.0982392
0.0973967
0.0966024
0.0958527
0.0951448
0.0944759
0.0938433
0.0932448
0.0926782
0.0921415
0.0916329
0.0911506
0.0906931
0.0902589
0.0898467
0.0894551
0.089083
0.0887294
0.0883931
0.0880732
0.0877689
0.0874792
0.0872034
0.0869408
0.0866907
0.0864523
0.086225
0.0860081
0.0857998
0.0991332
0.0982392
0.0973968
0.0966025
0.0958529
0.095145
0.0944761
0.0938436
0.0932451
0.0926785
0.0921418
0.0916332
0.091151
0.0906935
0.0902593
0.089847
0.0894555
0.0890834
0.0887298
0.0883935
0.0880737
0.0877693
0.0874797
0.0872039
0.0869413
0.0866912
0.0864528
0.0862256
0.0860086
0.0858004
0.0991333
0.0982393
0.0973969
0.0966026
0.0958531
0.0951452
0.0944763
0.0938438
0.0932454
0.0926788
0.0921422
0.0916336
0.0911513
0.0906938
0.0902597
0.0898474
0.0894559
0.0890839
0.0887302
0.088394
0.0880741
0.0877698
0.0874802
0.0872044
0.0869418
0.0866917
0.0864533
0.0862261
0.0860091
0.0858009
0.0991333
0.0982394
0.0973971
0.0966028
0.0958533
0.0951454
0.0944766
0.0938441
0.0932457
0.0926791
0.0921425
0.0916339
0.0911517
0.0906942
0.0902601
0.0898478
0.0894563
0.0890843
0.0887307
0.0883944
0.0880746
0.0877703
0.0874806
0.0872049
0.0869423
0.0866922
0.0864539
0.0862266
0.0860097
0.0858015
0.0991334
0.0982395
0.0973972
0.0966029
0.0958534
0.0951457
0.0944768
0.0938444
0.0932459
0.0926794
0.0921428
0.0916342
0.091152
0.0906946
0.0902605
0.0898483
0.0894568
0.0890848
0.0887311
0.0883949
0.0880751
0.0877708
0.0874812
0.0872054
0.0869429
0.0866927
0.0864544
0.0862272
0.0860102
0.085802
0.0991334
0.0982395
0.0973973
0.0966031
0.0958536
0.0951459
0.0944771
0.0938446
0.0932462
0.0926798
0.0921432
0.0916346
0.0911524
0.090695
0.0902609
0.0898487
0.0894572
0.0890852
0.0887316
0.0883954
0.0880756
0.0877713
0.0874817
0.087206
0.0869434
0.0866933
0.086455
0.0862278
0.0860108
0.0858026
0.0991334
0.0982396
0.0973974
0.0966032
0.0958538
0.0951461
0.0944773
0.0938449
0.0932465
0.0926801
0.0921435
0.091635
0.0911528
0.0906954
0.0902613
0.0898491
0.0894577
0.0890857
0.0887321
0.0883959
0.0880761
0.0877718
0.0874822
0.0872065
0.0869439
0.0866938
0.0864555
0.0862283
0.0860114
0.0858032
0.0991335
0.0982397
0.0973975
0.0966034
0.095854
0.0951463
0.0944776
0.0938452
0.0932468
0.0926804
0.0921439
0.0916353
0.0911532
0.0906958
0.0902617
0.0898496
0.0894581
0.0890862
0.0887326
0.0883964
0.0880766
0.0877723
0.0874828
0.0872071
0.0869445
0.0866944
0.0864561
0.0862289
0.086012
0.0858038
0.0991335
0.0982398
0.0973977
0.0966036
0.0958542
0.0951466
0.0944778
0.0938455
0.0932472
0.0926808
0.0921442
0.0916358
0.0911536
0.0906963
0.0902622
0.0898501
0.0894586
0.0890867
0.0887331
0.0883969
0.0880772
0.0877729
0.0874833
0.0872077
0.0869451
0.086695
0.0864567
0.0862296
0.0860126
0.0858045
0.0991336
0.0982399
0.0973978
0.0966038
0.0958545
0.0951468
0.0944781
0.0938458
0.0932475
0.0926812
0.0921446
0.0916362
0.0911541
0.0906967
0.0902627
0.0898506
0.0894592
0.0890872
0.0887337
0.0883975
0.0880778
0.0877735
0.087484
0.0872083
0.0869458
0.0866957
0.0864574
0.0862302
0.0860133
0.0858052
0.0991336
0.09824
0.097398
0.096604
0.0958547
0.0951471
0.0944784
0.0938461
0.0932479
0.0926815
0.0921451
0.0916366
0.0911545
0.0906972
0.0902632
0.0898511
0.0894597
0.0890878
0.0887343
0.0883981
0.0880784
0.0877742
0.0874846
0.0872089
0.0869464
0.0866964
0.0864581
0.0862309
0.086014
0.0858059
0.0991336
0.0982401
0.0973981
0.0966042
0.0958549
0.0951474
0.0944787
0.0938465
0.0932483
0.0926819
0.0921455
0.0916371
0.091155
0.0906977
0.0902637
0.0898517
0.0894603
0.0890884
0.0887349
0.0883987
0.088079
0.0877748
0.0874853
0.0872096
0.0869471
0.0866971
0.0864588
0.0862316
0.0860148
0.0858066
0.0991337
0.0982403
0.0973983
0.0966044
0.0958552
0.0951477
0.0944791
0.0938469
0.0932487
0.0926824
0.092146
0.0916376
0.0911556
0.0906983
0.0902643
0.0898523
0.0894609
0.089089
0.0887355
0.0883994
0.0880797
0.0877755
0.087486
0.0872103
0.0869479
0.0866978
0.0864596
0.0862324
0.0860155
0.0858074
0.0991337
0.0982403
0.0973984
0.0966046
0.0958554
0.0951479
0.0944794
0.0938472
0.0932491
0.0926828
0.0921464
0.0916381
0.0911561
0.0906988
0.0902649
0.0898528
0.0894615
0.0890896
0.0887361
0.0884
0.0880803
0.0877761
0.0874866
0.087211
0.0869485
0.0866985
0.0864602
0.0862331
0.0860162
0.0858081
0.0618027
0.0595156
0.0584368
0.0598495
0.0661813
0.0795259
0.103257
0.134247
0.164836
0.192778
0.216521
0.235433
0.24959
0.259897
0.267689
0.274273
0.280525
0.286956
0.294077
0.302484
0.311113
0.318206
0.323053
0.325442
0.325649
0.324261
0.321997
0.319574
0.317678
0.317045
0.318553
0.323385
0.333311
0.351025
0.380465
0.425578
0.488029
0.565989
0.64087
0.550058
0.0543118
0.0537975
0.053262
0.0527934
0.0525685
0.0528803
0.0542276
0.0571517
0.0621953
0.0701455
0.0820751
0.0994275
0.119324
0.140904
0.162827
0.183814
0.203049
0.220457
0.236675
0.252702
0.267593
0.279751
0.288888
0.295045
0.298677
0.300299
0.300651
0.30048
0.300512
0.301484
0.304199
0.309604
0.319027
0.334719
0.359606
0.396344
0.445048
0.500574
0.547378
0.53512
0.0628116
0.0623228
0.0617951
0.0612323
0.0606517
0.0600894
0.0595972
0.059282
0.0592888
0.0598221
0.0611993
0.0639397
0.0684771
0.0755457
0.0863996
0.100581
0.117987
0.138092
0.160044
0.183263
0.205016
0.223066
0.237517
0.248566
0.256597
0.262256
0.266222
0.269149
0.271805
0.274921
0.279124
0.285282
0.29454
0.308397
0.328686
0.356841
0.392191
0.429764
0.459933
0.46362
0.069413
0.068944
0.0684317
0.0678723
0.0672651
0.066615
0.065933
0.0652415
0.0645786
0.0640032
0.0636049
0.063523
0.0639319
0.06508
0.0674319
0.071496
0.0779138
0.0874425
0.100962
0.119035
0.139545
0.159091
0.176468
0.191089
0.202887
0.212219
0.219634
0.225787
0.23127
0.236691
0.242744
0.250098
0.259549
0.272011
0.288449
0.30941
0.33403
0.358831
0.378357
0.385581
0.0740706
0.0736286
0.0731447
0.0726156
0.0720381
0.0714101
0.0707316
0.0700059
0.0692422
0.068458
0.0676832
0.0669663
0.0663757
0.0660064
0.0660125
0.0666071
0.0681018
0.0709777
0.0760156
0.0843586
0.0959856
0.109267
0.123061
0.136308
0.148312
0.158824
0.167945
0.176002
0.183409
0.190619
0.198133
0.206439
0.216034
0.227396
0.240917
0.256655
0.273889
0.29063
0.304139
0.31179
0.0773949
0.076987
0.0765392
0.0760482
0.0755103
0.0749221
0.0742808
0.0735845
0.0728336
0.0720315
0.071187
0.0703178
0.0694521
0.068632
0.0679223
0.0674158
0.0672477
0.0676284
0.0689186
0.071742
0.0764635
0.0827277
0.0902005
0.0983707
0.106724
0.114889
0.122694
0.130155
0.137419
0.14471
0.152299
0.160456
0.169427
0.179394
0.190425
0.202368
0.214704
0.226421
0.236288
0.243336
0.0797968
0.079422
0.0790099
0.078557
0.0780599
0.0775147
0.0769177
0.0762655
0.0755552
0.0747854
0.0739566
0.0730736
0.0721467
0.0711943
0.0702461
0.0693473
0.0685642
0.0679975
0.067813
0.0682984
0.0697141
0.0720175
0.075139
0.078931
0.0832099
0.0878092
0.0926222
0.0976187
0.102838
0.108369
0.114327
0.120824
0.127939
0.135691
0.144006
0.152684
0.161378
0.169589
0.176795
0.18264
0.0815454
0.0812007
0.0808212
0.0804036
0.0799443
0.0794397
0.0788858
0.0782786
0.0776143
0.0768894
0.0761012
0.0752488
0.0743342
0.0733637
0.07235
0.071315
0.0702926
0.0693356
0.0685279
0.0680115
0.0679781
0.0684633
0.0694307
0.0708239
0.0725791
0.0746414
0.0769794
0.0795924
0.0825088
0.085778
0.0894565
0.0935905
0.0981964
0.103243
0.108638
0.114224
0.119789
0.125086
0.129894
0.134077
0.0828173
0.082499
0.0821482
0.0817617
0.0813363
0.0808682
0.0803536
0.0797883
0.0791681
0.078489
0.0777467
0.0769382
0.0760612
0.0751162
0.0741067
0.0730419
0.0719383
0.0708235
0.0697423
0.0687702
0.0680721
0.0677208
0.067685
0.0679285
0.0684178
0.0691274
0.0700458
0.071177
0.0725389
0.074158
0.0760621
0.0782691
0.0807771
0.083555
0.0865383
0.0896328
0.0927255
0.0957021
0.0984683
0.100974
0.0837342
0.0834383
0.083112
0.0827525
0.0823563
0.0819201
0.08144
0.0809121
0.080332
0.0796953
0.0789976
0.0782345
0.0774022
0.0764979
0.0755205
0.0744722
0.0733594
0.0721951
0.0710028
0.0698241
0.0688105
0.068057
0.0675374
0.0672245
0.0670943
0.0671289
0.0673188
0.067663
0.0681674
0.0688417
0.0696948
0.0707292
0.0719356
0.07329
0.0747527
0.0762729
0.0777956
0.0792703
0.0806584
0.0819424
0.0843837
0.0841064
0.0838007
0.0834637
0.0830923
0.0826832
0.0822327
0.0817371
0.081192
0.0805931
0.0799358
0.0792153
0.0784271
0.0775669
0.0766313
0.0756184
0.074529
0.0733676
0.0721451
0.070884
0.0697263
0.0687785
0.0680197
0.0674283
0.0669854
0.0666763
0.0664912
0.0664253
0.0664772
0.0666473
0.0669349
0.0673355
0.0678383
0.0684254
0.0690724
0.0697516
0.0704357
0.0711014
0.0717325
0.0723224
0.0848321
0.0845699
0.0842808
0.0839622
0.0836111
0.0832245
0.0827988
0.0823303
0.081815
0.0812485
0.0806264
0.0799439
0.079196
0.078378
0.0774851
0.0765137
0.0754611
0.074327
0.0731148
0.0718358
0.0706236
0.0695893
0.0687159
0.0679857
0.0673829
0.066895
0.0665125
0.0662285
0.0660386
0.0659388
0.0659247
0.0659897
0.066124
0.0663144
0.0665456
0.0668014
0.067067
0.0673304
0.0675833
0.0678226
0.0851316
0.084881
0.084605
0.0843009
0.0839661
0.0835974
0.0831916
0.0827452
0.0822544
0.081715
0.0811226
0.0804725
0.0797598
0.0789794
0.0781264
0.0771958
0.0761836
0.0750865
0.0739036
0.0726395
0.0714206
0.0703579
0.0694371
0.0686429
0.0679619
0.0673829
0.0668969
0.0664965
0.0661761
0.0659301
0.0657531
0.0656381
0.0655769
0.0655599
0.0655767
0.0656171
0.0656721
0.0657343
0.0657988
0.0658628
0.0853237
0.0850819
0.0848156
0.0845225
0.0842
0.0838451
0.0834549
0.0830258
0.0825544
0.0820366
0.0814683
0.0808449
0.0801616
0.0794135
0.0785953
0.0777019
0.0767283
0.07567
0.0745235
0.0732897
0.0720883
0.0710282
0.0700968
0.0692802
0.0685664
0.0679453
0.0674083
0.0669483
0.0665591
0.0662349
0.0659699
0.0657578
0.0655917
0.0654641
0.0653675
0.0652949
0.0652401
0.0651981
0.065165
0.0651382
0.0854414
0.0852058
0.0849465
0.0846613
0.0843477
0.084003
0.0836242
0.0832082
0.0827515
0.0822503
0.0817007
0.0810984
0.0804387
0.0797169
0.0789278
0.0780663
0.077127
0.0761049
0.0749952
0.0737968
0.0726238
0.0715819
0.0706592
0.0698429
0.0691218
0.0684865
0.0679287
0.0674416
0.067019
0.0666551
0.0663444
0.0660809
0.0658589
0.0656723
0.0655151
0.0653822
0.0652687
0.065171
0.0650857
0.0650103
0.0855099
0.0852784
0.0850239
0.0847441
0.0844366
0.084099
0.0837283
0.0833215
0.0828753
0.0823863
0.0818506
0.0812642
0.0806226
0.0799214
0.0791555
0.0783199
0.0774094
0.0764187
0.0753427
0.0741791
0.0730373
0.0720199
0.0711152
0.0703107
0.0695959
0.0689617
0.0684002
0.0679046
0.067469
0.0670877
0.0667553
0.0664665
0.0662159
0.0659986
0.0658096
0.0656447
0.0655
0.0653724
0.065259
0.0651572
0.0855477
0.0853188
0.0850672
0.0847909
0.0844874
0.0841544
0.083789
0.0833885
0.0829496
0.082469
0.0819431
0.081368
0.0807397
0.0800536
0.0793053
0.0784899
0.0776023
0.0766373
0.0755899
0.0744574
0.0733454
0.0723533
0.0714695
0.0706818
0.0699797
0.0693543
0.0687981
0.0683043
0.067867
0.0674808
0.0671403
0.0668407
0.066577
0.0663449
0.0661402
0.065959
0.0657983
0.0656551
0.065527
0.0654112
0.0855674
0.08534
0.0850902
0.0848159
0.0845149
0.0841846
0.0838226
0.083426
0.0829918
0.0825167
0.0819973
0.08143
0.0808107
0.0801355
0.0793998
0.0785993
0.0777289
0.076784
0.0757595
0.0746527
0.0735668
0.0725979
0.0717344
0.0709641
0.0702767
0.0696634
0.0691165
0.0686294
0.0681963
0.0678116
0.0674704
0.067168
0.0668998
0.0666617
0.0664501
0.0662615
0.0660932
0.0659425
0.0658071
0.0656843
0.0855769
0.0853504
0.0851016
0.0848285
0.0845288
0.0842002
0.0838402
0.0834459
0.0830145
0.0825428
0.0820275
0.0814651
0.0808518
0.0801837
0.0794567
0.0786665
0.0778086
0.0768784
0.0758713
0.0747848
0.0737199
0.0727706
0.071925
0.0711707
0.0704975
0.0698964
0.0693599
0.0688812
0.0684546
0.0680746
0.0677362
0.0674349
0.0671665
0.0669271
0.0667134
0.0665222
0.0663509
0.0661971
0.0660586
0.0659327
0.0855813
0.0853552
0.0851069
0.0848344
0.0845355
0.0842078
0.0838488
0.0834558
0.083026
0.0825563
0.0820434
0.0814839
0.0808743
0.0802108
0.0794893
0.078706
0.0778565
0.0769366
0.075942
0.0748705
0.0738218
0.072888
0.0720569
0.0713161
0.0706551
0.0700651
0.0695383
0.0690679
0.0686481
0.0682735
0.0679392
0.0676407
0.0673741
0.0671356
0.0669221
0.0667307
0.0665588
0.0664042
0.0662648
0.0661379
0.0855831
0.0853572
0.0851092
0.084837
0.0845384
0.0842112
0.0838528
0.0834605
0.0830315
0.0825629
0.0820513
0.0814935
0.080886
0.0802251
0.0795071
0.0787281
0.077884
0.0769709
0.0759848
0.0749239
0.073887
0.0729646
0.0721447
0.0714144
0.0707634
0.0701824
0.0696637
0.0692005
0.0687868
0.0684173
0.068087
0.0677917
0.0675274
0.0672906
0.0670783
0.0668876
0.0667162
0.0665619
0.0664226
0.0662957
0.0855838
0.085358
0.0851101
0.084838
0.0845396
0.0842126
0.0838545
0.0834625
0.083034
0.0825659
0.082055
0.0814981
0.0808918
0.0802324
0.0795163
0.0787398
0.0778991
0.0769903
0.0760097
0.0749559
0.0739269
0.0730127
0.0722008
0.0714784
0.0708348
0.0702607
0.0697483
0.0692908
0.068882
0.0685166
0.0681898
0.0678973
0.0676352
0.0674001
0.0671891
0.0669994
0.0668288
0.0666751
0.0665363
0.0664099
0.0855841
0.0853583
0.0851104
0.0848384
0.0845401
0.0842132
0.0838551
0.0834634
0.083035
0.0825671
0.0820566
0.0815002
0.0808945
0.0802359
0.0795209
0.0787458
0.077907
0.0770007
0.0760235
0.0749742
0.0739505
0.0730418
0.0722353
0.0715184
0.07088
0.0703109
0.0698032
0.0693497
0.0689446
0.0685823
0.068258
0.0679676
0.0677072
0.0674736
0.0672636
0.0670749
0.066905
0.0667519
0.0666136
0.0664876
0.0855842
0.0853584
0.0851105
0.0848386
0.0845403
0.0842134
0.0838554
0.0834637
0.0830355
0.0825677
0.0820573
0.0815011
0.0808957
0.0802375
0.0795231
0.0787488
0.077911
0.0770062
0.076031
0.0749843
0.0739639
0.0730587
0.0722558
0.0715425
0.0709076
0.0703419
0.0698372
0.0693866
0.0689839
0.0686237
0.0683012
0.0680122
0.067753
0.0675202
0.0673111
0.0671229
0.0669535
0.0668009
0.066663
0.0665372
0.0855842
0.0853585
0.0851106
0.0848386
0.0845404
0.0842135
0.0838556
0.0834639
0.0830357
0.082568
0.0820577
0.0815016
0.0808963
0.0802383
0.0795242
0.0787503
0.077913
0.077009
0.0760349
0.0749898
0.0739714
0.0730683
0.0722676
0.0715565
0.0709239
0.0703603
0.0698575
0.0694087
0.0690075
0.0686485
0.0683271
0.0680389
0.0677804
0.0675481
0.0673394
0.0671516
0.0669825
0.06683
0.0666923
0.0665667
0.0855843
0.0853586
0.0851107
0.0848387
0.0845405
0.0842136
0.0838557
0.083464
0.0830358
0.0825682
0.0820579
0.0815019
0.0808966
0.0802388
0.0795248
0.0787511
0.0779141
0.0770106
0.0760371
0.0749929
0.0739756
0.0730737
0.0722743
0.0715646
0.0709332
0.0703709
0.0698693
0.0694214
0.069021
0.0686627
0.0683418
0.068054
0.0677957
0.0675637
0.067355
0.0671673
0.0669983
0.0668459
0.0667081
0.0665826
0.0855844
0.0853587
0.0851108
0.0848389
0.0845406
0.0842138
0.0838558
0.0834642
0.083036
0.0825683
0.0820581
0.0815021
0.0808969
0.0802391
0.0795252
0.0787516
0.0779149
0.0770115
0.0760384
0.0749947
0.073978
0.0730768
0.0722782
0.0715692
0.0709386
0.0703769
0.0698759
0.0694284
0.0690284
0.0686704
0.0683496
0.0680619
0.0678036
0.0675715
0.0673628
0.067175
0.0670059
0.0668534
0.0667155
0.0665899
0.0855846
0.0853588
0.085111
0.084839
0.0845408
0.0842139
0.083856
0.0834644
0.0830362
0.0825686
0.0820584
0.0815024
0.0808972
0.0802395
0.0795256
0.0787521
0.0779155
0.0770123
0.0760394
0.0749959
0.0739796
0.0730788
0.0722806
0.071572
0.0709417
0.0703803
0.0698796
0.0694323
0.0690324
0.0686743
0.0683534
0.0680656
0.0678072
0.0675749
0.067366
0.067178
0.0670087
0.066856
0.066718
0.0665922
0.0855847
0.085359
0.0851112
0.0848392
0.084541
0.0842141
0.0838562
0.0834646
0.0830364
0.0825688
0.0820586
0.0815027
0.0808975
0.0802398
0.079526
0.0787526
0.077916
0.0770129
0.0760402
0.0749969
0.0739808
0.0730803
0.0722823
0.0715738
0.0709438
0.0703825
0.0698817
0.0694344
0.0690344
0.0686762
0.0683552
0.0680671
0.0678084
0.0675759
0.0673668
0.0671785
0.067009
0.0668561
0.0667179
0.0665919
0.0855849
0.0853592
0.0851114
0.0848394
0.0845412
0.0842144
0.0838565
0.0834648
0.0830367
0.0825691
0.082059
0.081503
0.0808979
0.0802402
0.0795265
0.0787531
0.0779166
0.0770136
0.076041
0.0749979
0.0739819
0.0730815
0.0722836
0.0715753
0.0709452
0.0703839
0.0698831
0.0694357
0.0690355
0.0686771
0.0683558
0.0680675
0.0678086
0.0675758
0.0673664
0.0671779
0.0670081
0.066855
0.0667165
0.0665903
0.0855852
0.0853595
0.0851116
0.0848397
0.0845415
0.0842147
0.0838568
0.0834651
0.083037
0.0825694
0.0820593
0.0815034
0.0808983
0.0802407
0.079527
0.0787537
0.0779172
0.0770143
0.0760418
0.0749988
0.0739829
0.0730826
0.0722848
0.0715765
0.0709464
0.0703851
0.0698842
0.0694366
0.0690362
0.0686776
0.0683561
0.0680675
0.0678083
0.0675752
0.0673656
0.0671768
0.0670068
0.0668534
0.0667148
0.0665884
0.0855855
0.0853597
0.0851119
0.08484
0.0845418
0.084215
0.0838571
0.0834655
0.0830374
0.0825698
0.0820597
0.0815038
0.0808988
0.0802412
0.0795275
0.0787542
0.0779179
0.0770151
0.0760426
0.0749997
0.0739839
0.0730837
0.0722859
0.0715776
0.0709475
0.0703861
0.0698851
0.0694373
0.0690367
0.0686779
0.0683561
0.0680673
0.0678079
0.0675746
0.0673647
0.0671757
0.0670054
0.0668519
0.0667131
0.0665865
0.0855858
0.08536
0.0851122
0.0848403
0.0845421
0.0842153
0.0838574
0.0834658
0.0830378
0.0825702
0.0820601
0.0815043
0.0808993
0.0802417
0.0795281
0.0787549
0.0779186
0.0770158
0.0760434
0.0750006
0.0739849
0.0730847
0.072287
0.0715787
0.0709486
0.070387
0.0698859
0.069438
0.0690372
0.0686782
0.0683562
0.0680671
0.0678075
0.067574
0.0673639
0.0671747
0.0670042
0.0668505
0.0667116
0.0665848
0.0855861
0.0853604
0.0851126
0.0848407
0.0845425
0.0842157
0.0838578
0.0834662
0.0830382
0.0825706
0.0820606
0.0815047
0.0808998
0.0802422
0.0795287
0.0787555
0.0779193
0.0770166
0.0760443
0.0750016
0.073986
0.0730858
0.0722881
0.0715798
0.0709496
0.070388
0.0698867
0.0694386
0.0690377
0.0686785
0.0683563
0.068067
0.0678072
0.0675735
0.0673632
0.0671738
0.0670032
0.0668493
0.0667102
0.0665834
0.0855864
0.0853607
0.0851129
0.084841
0.0845428
0.0842161
0.0838582
0.0834667
0.0830386
0.0825711
0.0820611
0.0815052
0.0809003
0.0802428
0.0795293
0.0787562
0.07792
0.0770174
0.0760452
0.0750025
0.073987
0.0730869
0.0722892
0.0715808
0.0709506
0.0703889
0.0698875
0.0694393
0.0690382
0.0686788
0.0683564
0.068067
0.0678069
0.0675731
0.0673626
0.0671731
0.0670024
0.0668484
0.0667091
0.0665821
0.0855868
0.0853611
0.0851133
0.0848414
0.0845432
0.0842165
0.0838586
0.0834671
0.0830391
0.0825716
0.0820616
0.0815058
0.0809009
0.0802434
0.0795299
0.0787569
0.0779208
0.0770182
0.0760461
0.0750035
0.073988
0.0730879
0.0722903
0.0715819
0.0709515
0.0703897
0.0698882
0.0694399
0.0690387
0.0686791
0.0683566
0.068067
0.0678068
0.0675728
0.0673622
0.0671726
0.0670017
0.0668475
0.0667082
0.0665811
0.0855872
0.0853615
0.0851137
0.0848418
0.0845437
0.0842169
0.0838591
0.0834676
0.0830395
0.0825721
0.0820621
0.0815063
0.0809015
0.080244
0.0795306
0.0787576
0.0779215
0.077019
0.0760469
0.0750044
0.073989
0.073089
0.0722913
0.0715829
0.0709525
0.0703906
0.069889
0.0694406
0.0690392
0.0686795
0.0683568
0.0680671
0.0678067
0.0675726
0.0673619
0.0671721
0.0670011
0.0668469
0.0667074
0.0665802
0.0855876
0.0853619
0.0851141
0.0848422
0.0845441
0.0842173
0.0838595
0.083468
0.08304
0.0825726
0.0820626
0.0815069
0.0809021
0.0802447
0.0795313
0.0787583
0.0779223
0.0770199
0.0760478
0.0750054
0.07399
0.07309
0.0722923
0.0715838
0.0709534
0.0703914
0.0698897
0.0694412
0.0690397
0.0686798
0.068357
0.0680672
0.0678067
0.0675724
0.0673616
0.0671717
0.0670006
0.0668463
0.0667068
0.0665795
0.085588
0.0853623
0.0851145
0.0848427
0.0845445
0.0842178
0.08386
0.0834685
0.0830406
0.0825731
0.0820632
0.0815075
0.0809027
0.0802453
0.079532
0.0787591
0.0779231
0.0770207
0.0760487
0.0750063
0.073991
0.073091
0.0722933
0.0715848
0.0709542
0.0703922
0.0698904
0.0694418
0.0690401
0.0686802
0.0683573
0.0680673
0.0678067
0.0675723
0.0673614
0.0671714
0.0670002
0.0668458
0.0667062
0.0665789
0.0855884
0.0853627
0.085115
0.0848431
0.084545
0.0842183
0.0838605
0.083469
0.0830411
0.0825737
0.0820638
0.0815081
0.0809033
0.080246
0.0795327
0.0787598
0.0779239
0.0770215
0.0760496
0.0750072
0.0739919
0.0730919
0.0722942
0.0715856
0.0709551
0.070393
0.0698911
0.0694423
0.0690406
0.0686805
0.0683575
0.0680674
0.0678067
0.0675723
0.0673612
0.0671712
0.0669999
0.0668454
0.0667057
0.0665783
0.0855888
0.0853632
0.0851155
0.0848436
0.0845455
0.0842188
0.083861
0.0834696
0.0830416
0.0825743
0.0820643
0.0815087
0.0809039
0.0802467
0.0795334
0.0787605
0.0779247
0.0770224
0.0760505
0.0750082
0.0739929
0.0730928
0.0722951
0.0715865
0.0709559
0.0703937
0.0698917
0.0694428
0.069041
0.0686809
0.0683577
0.0680676
0.0678068
0.0675722
0.0673611
0.0671709
0.0669996
0.066845
0.0667052
0.0665778
0.0855893
0.0853637
0.0851159
0.0848441
0.084546
0.0842193
0.0838616
0.0834701
0.0830422
0.0825748
0.082065
0.0815093
0.0809046
0.0802474
0.0795341
0.0787613
0.0779255
0.0770232
0.0760513
0.075009
0.0739938
0.0730937
0.072296
0.0715873
0.0709566
0.0703943
0.0698923
0.0694433
0.0690414
0.0686812
0.0683579
0.0680677
0.0678068
0.0675721
0.0673609
0.0671707
0.0669993
0.0668446
0.0667048
0.0665773
0.0855898
0.0853642
0.0851164
0.0848446
0.0845465
0.0842198
0.0838621
0.0834707
0.0830428
0.0825754
0.0820656
0.08151
0.0809053
0.080248
0.0795348
0.0787621
0.0779263
0.077024
0.0760522
0.0750099
0.0739946
0.0730946
0.0722968
0.0715881
0.0709573
0.070395
0.0698928
0.0694438
0.0690418
0.0686814
0.0683581
0.0680678
0.0678068
0.067572
0.0673608
0.0671705
0.066999
0.0668443
0.0667044
0.0665768
0.0855903
0.0853646
0.0851169
0.0848451
0.084547
0.0842204
0.0838626
0.0834712
0.0830433
0.082576
0.0820662
0.0815106
0.0809059
0.0802487
0.0795355
0.0787628
0.077927
0.0770248
0.076053
0.0750108
0.0739955
0.0730954
0.0722976
0.0715888
0.070958
0.0703956
0.0698933
0.0694442
0.0690421
0.0686817
0.0683583
0.0680678
0.0678068
0.067572
0.0673606
0.0671703
0.0669987
0.0668439
0.066704
0.0665764
0.0855908
0.0853652
0.0851174
0.0848456
0.0845476
0.0842209
0.0838632
0.0834718
0.0830439
0.0825766
0.0820668
0.0815112
0.0809066
0.0802494
0.0795363
0.0787636
0.0779278
0.0770256
0.0760538
0.0750116
0.0739963
0.0730962
0.0722983
0.0715895
0.0709586
0.0703961
0.0698938
0.0694446
0.0690424
0.0686819
0.0683584
0.0680679
0.0678068
0.0675719
0.0673604
0.06717
0.0669984
0.0668436
0.0667036
0.066576
0.0855913
0.0853657
0.085118
0.0848462
0.0845481
0.0842215
0.0838638
0.0834724
0.0830445
0.0825772
0.0820674
0.0815119
0.0809073
0.0802501
0.079537
0.0787643
0.0779286
0.0770264
0.0760547
0.0750124
0.0739971
0.073097
0.0722991
0.0715902
0.0709592
0.0703966
0.0698942
0.069445
0.0690427
0.0686821
0.0683585
0.0680679
0.0678067
0.0675718
0.0673603
0.0671698
0.0669981
0.0668433
0.0667032
0.0665755
0.0855918
0.0853662
0.0851185
0.0848467
0.0845487
0.084222
0.0838644
0.083473
0.0830451
0.0825779
0.0820681
0.0815126
0.080908
0.0802508
0.0795377
0.078765
0.0779294
0.0770272
0.0760555
0.0750132
0.0739979
0.0730977
0.0722998
0.0715908
0.0709598
0.0703971
0.0698947
0.0694453
0.0690429
0.0686823
0.0683586
0.068068
0.0678067
0.0675717
0.0673601
0.0671696
0.0669978
0.0668429
0.0667029
0.0665751
0.0855923
0.0853667
0.0851191
0.0848473
0.0845492
0.0842226
0.083865
0.0834736
0.0830458
0.0825785
0.0820688
0.0815132
0.0809087
0.0802516
0.0795384
0.0787658
0.0779301
0.077028
0.0760562
0.075014
0.0739986
0.0730985
0.0723004
0.0715914
0.0709604
0.0703976
0.0698951
0.0694456
0.0690432
0.0686824
0.0683587
0.068068
0.0678066
0.0675715
0.0673599
0.0671693
0.0669976
0.0668426
0.0667025
0.0665747
0.0855929
0.0853673
0.0851196
0.0848479
0.0845498
0.0842232
0.0838656
0.0834742
0.0830464
0.0825792
0.0820694
0.0815139
0.0809094
0.0802523
0.0795392
0.0787666
0.0779309
0.0770288
0.076057
0.0750148
0.0739994
0.0730992
0.0723011
0.0715921
0.0709609
0.0703981
0.0698954
0.0694459
0.0690434
0.0686826
0.0683588
0.068068
0.0678066
0.0675714
0.0673598
0.0671691
0.0669973
0.0668423
0.0667021
0.0665743
0.0855934
0.0853679
0.0851202
0.0848485
0.0845504
0.0842238
0.0838662
0.0834749
0.0830471
0.0825798
0.0820701
0.0815146
0.0809101
0.080253
0.0795399
0.0787673
0.0779317
0.0770296
0.0760578
0.0750155
0.0740002
0.0730999
0.0723018
0.0715927
0.0709614
0.0703985
0.0698958
0.0694462
0.0690437
0.0686828
0.0683589
0.068068
0.0678066
0.0675714
0.0673596
0.0671689
0.0669971
0.066842
0.0667018
0.0665739
0.085594
0.0853685
0.0851208
0.0848491
0.0845511
0.0842245
0.0838668
0.0834755
0.0830477
0.0825805
0.0820708
0.0815153
0.0809108
0.0802538
0.0795407
0.0787681
0.0779325
0.0770304
0.0760586
0.0750163
0.0740009
0.0731006
0.0723024
0.0715932
0.070962
0.070399
0.0698962
0.0694466
0.0690439
0.0686829
0.068359
0.0680681
0.0678066
0.0675713
0.0673595
0.0671688
0.0669968
0.0668418
0.0667015
0.0665736
0.0855946
0.0853691
0.0851214
0.0848497
0.0845517
0.0842251
0.0838675
0.0834762
0.0830484
0.0825812
0.0820715
0.0815161
0.0809115
0.0802545
0.0795415
0.0787689
0.0779333
0.0770312
0.0760594
0.0750171
0.0740017
0.0731013
0.0723031
0.0715939
0.0709625
0.0703995
0.0698966
0.0694469
0.0690442
0.0686832
0.0683592
0.0680682
0.0678066
0.0675713
0.0673594
0.0671686
0.0669967
0.0668415
0.0667013
0.0665733
0.0855952
0.0853697
0.085122
0.0848503
0.0845523
0.0842258
0.0838681
0.0834769
0.0830491
0.0825819
0.0820722
0.0815168
0.0809123
0.0802553
0.0795422
0.0787697
0.0779341
0.077032
0.0760602
0.0750179
0.0740024
0.073102
0.0723038
0.0715945
0.0709631
0.0704
0.0698971
0.0694473
0.0690445
0.0686834
0.0683594
0.0680683
0.0678067
0.0675713
0.0673594
0.0671686
0.0669966
0.0668414
0.0667011
0.0665731
0.0855958
0.0853703
0.0851227
0.0848509
0.084553
0.0842264
0.0838688
0.0834775
0.0830498
0.0825826
0.082073
0.0815176
0.0809131
0.0802561
0.0795431
0.0787705
0.0779349
0.0770328
0.0760611
0.0750187
0.0740032
0.0731028
0.0723045
0.0715952
0.0709637
0.0704006
0.0698976
0.0694477
0.0690449
0.0686838
0.0683597
0.0680685
0.0678069
0.0675714
0.0673595
0.0671686
0.0669966
0.0668414
0.066701
0.066573
0.0855965
0.085371
0.0851233
0.0848516
0.0845537
0.0842271
0.0838695
0.0834783
0.0830506
0.0825834
0.0820737
0.0815183
0.0809139
0.0802569
0.0795439
0.0787714
0.0779358
0.0770337
0.0760619
0.0750196
0.0740041
0.0731036
0.0723053
0.0715959
0.0709644
0.0704012
0.0698982
0.0694483
0.0690454
0.0686842
0.06836
0.0680689
0.0678072
0.0675717
0.0673597
0.0671688
0.0669967
0.0668415
0.0667011
0.0665731
0.0855972
0.0853717
0.0851241
0.0848524
0.0845544
0.0842279
0.0838703
0.0834791
0.0830513
0.0825842
0.0820746
0.0815192
0.0809147
0.0802578
0.0795448
0.0787723
0.0779367
0.0770346
0.0760629
0.0750205
0.074005
0.0731045
0.0723061
0.0715967
0.0709652
0.070402
0.0698989
0.0694489
0.069046
0.0686848
0.0683606
0.0680694
0.0678076
0.0675721
0.0673601
0.0671691
0.066997
0.0668418
0.0667013
0.0665733
0.0855979
0.0853724
0.0851248
0.0848531
0.0845552
0.0842287
0.0838711
0.0834799
0.0830522
0.082585
0.0820754
0.0815201
0.0809156
0.0802587
0.0795457
0.0787732
0.0779377
0.0770356
0.0760639
0.0750215
0.074006
0.0731055
0.0723071
0.0715977
0.0709661
0.0704028
0.0698997
0.0694497
0.0690467
0.0686855
0.0683612
0.06807
0.0678082
0.0675727
0.0673606
0.0671696
0.0669975
0.0668422
0.0667018
0.0665737
0.0855987
0.0853732
0.0851256
0.0848539
0.084556
0.0842295
0.0838719
0.0834807
0.083053
0.0825859
0.0820763
0.081521
0.0809166
0.0802596
0.0795467
0.0787742
0.0779387
0.0770366
0.0760649
0.0750226
0.074007
0.0731065
0.0723081
0.0715986
0.070967
0.0704037
0.0699006
0.0694506
0.0690476
0.0686863
0.068362
0.0680708
0.0678089
0.0675734
0.0673613
0.0671703
0.0669981
0.0668428
0.0667024
0.0665743
0.0855995
0.085374
0.0851264
0.0848547
0.0845568
0.0842303
0.0838728
0.0834816
0.0830539
0.0825868
0.0820772
0.0815219
0.0809175
0.0802606
0.0795477
0.0787752
0.0779397
0.0770377
0.0760659
0.0750236
0.0740081
0.0731076
0.0723091
0.0715996
0.070968
0.0704047
0.0699015
0.0694515
0.0690485
0.0686871
0.0683628
0.0680716
0.0678097
0.0675741
0.0673621
0.067171
0.0669989
0.0668435
0.0667031
0.0665749
0.0856002
0.0853747
0.0851271
0.0848554
0.0845575
0.084231
0.0838735
0.0834823
0.0830547
0.0825876
0.082078
0.0815227
0.0809183
0.0802614
0.0795485
0.078776
0.0779405
0.0770384
0.0760667
0.0750244
0.0740088
0.0731083
0.0723098
0.0716003
0.0709687
0.0704053
0.0699022
0.0694521
0.0690491
0.0686877
0.0683634
0.0680721
0.0678103
0.0675747
0.0673626
0.0671716
0.0669994
0.066844
0.0667036
0.0665754
0.45511
0.369839
0.302556
0.251688
0.213929
0.18609
0.165945
0.151267
0.140217
0.131594
0.124615
0.118772
0.113732
0.109276
0.105255
0.101568
0.0981456
0.0949413
0.0919217
0.0890635
0.0863502
0.083769
0.0813097
0.0789634
0.0767232
0.0745825
0.0725355
0.0705743
0.0686976
0.0668817
0.488025
0.445329
0.410619
0.381122
0.356306
0.335133
0.316242
0.299003
0.28329
0.268926
0.255739
0.243574
0.232308
0.221829
0.212038
0.202856
0.194217
0.186073
0.178378
0.171099
0.164203
0.157664
0.151456
0.145557
0.139948
0.134612
0.129534
0.124692
0.120109
0.1157
0.44592
0.425974
0.406087
0.386899
0.369108
0.352803
0.337819
0.323958
0.310957
0.29866
0.286973
0.275831
0.265185
0.25499
0.245223
0.235854
0.226859
0.218226
0.209939
0.201987
0.194358
0.187036
0.180008
0.173261
0.166788
0.160578
0.154625
0.148911
0.143475
0.138303
0.381944
0.374515
0.365519
0.355721
0.345684
0.335673
0.325798
0.31612
0.306667
0.29744
0.288411
0.279547
0.270846
0.262317
0.253963
0.245787
0.237793
0.229983
0.222353
0.214913
0.207666
0.200615
0.19376
0.187103
0.180645
0.174386
0.168329
0.162468
0.156851
0.151527
0.314171
0.313659
0.311346
0.307788
0.303411
0.298489
0.293187
0.287616
0.281855
0.27596
0.269973
0.263929
0.257831
0.251652
0.245424
0.239169
0.232907
0.226655
0.220431
0.214248
0.20812
0.202058
0.196073
0.190182
0.184389
0.178704
0.173138
0.167694
0.162429
0.157422
0.24794
0.250812
0.252332
0.252761
0.252332
0.251222
0.249555
0.247421
0.244893
0.24203
0.238882
0.235493
0.231901
0.22815
0.224234
0.220141
0.215902
0.211542
0.207081
0.202542
0.197942
0.193297
0.188625
0.183941
0.179259
0.174592
0.169956
0.165362
0.160866
0.156567
0.18745
0.191442
0.194667
0.197179
0.199053
0.200361
0.201167
0.201519
0.201462
0.201032
0.200261
0.19918
0.197819
0.196208
0.194375
0.192353
0.190137
0.187711
0.1851
0.182326
0.179407
0.176362
0.173207
0.169959
0.166634
0.163247
0.159814
0.15635
0.152906
0.149566
0.137904
0.141473
0.144748
0.147703
0.150331
0.152637
0.154629
0.156317
0.15771
0.158818
0.159648
0.160211
0.160517
0.160578
0.160408
0.160024
0.159438
0.158679
0.157738
0.156604
0.155282
0.15379
0.152141
0.150348
0.148426
0.146387
0.144249
0.142023
0.13975
0.137494
0.103396
0.1058
0.108161
0.110451
0.112649
0.114742
0.11672
0.118574
0.120297
0.121881
0.123321
0.124611
0.125745
0.12672
0.127534
0.128186
0.12868
0.129019
0.129205
0.129252
0.129158
0.128916
0.128516
0.127963
0.127267
0.126436
0.125481
0.12441
0.12325
0.122037
0.0832187
0.0845294
0.0858659
0.0872169
0.0885729
0.0899263
0.0912704
0.0925987
0.0939053
0.0951835
0.0964264
0.0976268
0.098777
0.0998691
0.100896
0.10185
0.102725
0.103516
0.104218
0.10483
0.105349
0.105771
0.106101
0.106332
0.106458
0.106475
0.106381
0.106177
0.105878
0.105493
0.0729163
0.0735359
0.0741798
0.0748451
0.0755293
0.0762306
0.0769475
0.0776788
0.0784229
0.079178
0.079942
0.080712
0.0814846
0.0822557
0.0830206
0.0837743
0.0845113
0.0852263
0.0859136
0.0865683
0.0871853
0.0877601
0.088289
0.088768
0.0891922
0.0895573
0.0898626
0.0901016
0.0902723
0.0903677
0.0680656
0.0683213
0.0685898
0.0688703
0.0691622
0.0694656
0.0697809
0.0701086
0.0704491
0.070803
0.0711706
0.0715517
0.071946
0.0723528
0.0727707
0.0731982
0.0736331
0.074073
0.0745148
0.0749556
0.0753921
0.0758207
0.0762382
0.0766411
0.0770259
0.0773889
0.0777271
0.0780364
0.0783122
0.0785436
0.0659298
0.0660019
0.0660788
0.0661601
0.0662457
0.0663358
0.0664308
0.0665317
0.0666384
0.066752
0.0668735
0.0670037
0.0671431
0.0672921
0.0674511
0.06762
0.0677986
0.0679864
0.0681826
0.0683861
0.0685957
0.0688097
0.0690265
0.0692443
0.069461
0.0696745
0.0698827
0.0700829
0.0702715
0.0704399
0.0651142
0.0650911
0.0650684
0.0650459
0.0650232
0.0650004
0.0649776
0.0649552
0.0649339
0.0649154
0.064898
0.0648825
0.0648701
0.0648621
0.0648589
0.0648611
0.0648689
0.0648827
0.0649025
0.0649281
0.0649595
0.0649961
0.0650375
0.065083
0.0651317
0.0651827
0.065235
0.065287
0.0653369
0.0653821
0.0649374
0.0648631
0.0647869
0.0647085
0.0646274
0.0645436
0.064457
0.0643676
0.0642756
0.0641814
0.0640849
0.0639877
0.0638893
0.0637904
0.0636916
0.0635933
0.0634962
0.0634005
0.0633067
0.063215
0.0631256
0.0630387
0.0629542
0.0628721
0.0627922
0.0627141
0.0626376
0.062562
0.0624868
0.062416
0.0650577
0.0649556
0.0648501
0.064741
0.0646279
0.0645106
0.0643888
0.0642626
0.0641317
0.0639963
0.0638565
0.0637125
0.0635644
0.0634131
0.0632584
0.0631009
0.0629408
0.0627785
0.0626145
0.0624489
0.0622821
0.0621144
0.0619459
0.0617769
0.0616074
0.0614375
0.0612671
0.0610962
0.0609253
0.0607644
0.0652974
0.0651804
0.0650591
0.0649333
0.0648028
0.0646673
0.0645265
0.0643801
0.064228
0.0640702
0.0639065
0.063737
0.0635617
0.0633807
0.0631943
0.0630026
0.0628057
0.062604
0.0623977
0.0621871
0.0619723
0.0617536
0.0615313
0.0613056
0.0610766
0.0608445
0.0606096
0.0603718
0.0601326
0.059907
0.0655634
0.0654387
0.0653093
0.065175
0.0650355
0.0648905
0.0647397
0.0645829
0.0644198
0.0642503
0.0640741
0.0638912
0.0637014
0.0635048
0.0633012
0.0630908
0.0628736
0.0626497
0.0624193
0.0621823
0.0619391
0.0616897
0.0614343
0.0611731
0.0609063
0.0606341
0.0603565
0.0600739
0.0597881
0.0595181
0.0658086
0.0656805
0.0655474
0.0654091
0.0652654
0.0651159
0.0649605
0.0647988
0.0646306
0.0644555
0.0642735
0.0640842
0.0638876
0.0636833
0.0634715
0.0632518
0.0630243
0.062789
0.0625458
0.0622947
0.0620358
0.0617692
0.0614948
0.0612128
0.0609234
0.0606265
0.0603224
0.0600113
0.0596953
0.0593962
0.0660128
0.0658834
0.065749
0.0656092
0.065464
0.0653129
0.0651557
0.0649922
0.064822
0.064645
0.0644608
0.0642692
0.0640699
0.0638628
0.0636477
0.0634243
0.0631925
0.0629522
0.0627033
0.0624456
0.0621792
0.061904
0.0616199
0.0613269
0.0610251
0.0607145
0.0603951
0.0600672
0.059733
0.0594162
0.0661705
0.0660411
0.0659065
0.0657666
0.0656211
0.0654698
0.0653124
0.0651486
0.0649783
0.064801
0.0646166
0.0644247
0.0642252
0.0640177
0.063802
0.0635778
0.0633451
0.0631035
0.0628529
0.0625932
0.0623241
0.0620456
0.0617575
0.0614598
0.0611523
0.0608351
0.0605081
0.0601715
0.0598275
0.059501
0.066285
0.0661559
0.0660217
0.0658821
0.0657369
0.065586
0.065429
0.0652657
0.0650959
0.0649192
0.0647354
0.0645442
0.0643454
0.0641386
0.0639237
0.0637003
0.0634683
0.0632273
0.0629771
0.0627176
0.0624486
0.0621698
0.061881
0.0615822
0.0612731
0.0609537
0.0606239
0.0602838
0.0599355
0.0596047
0.0663631
0.0662344
0.0661006
0.0659615
0.0658168
0.0656664
0.06551
0.0653473
0.0651781
0.0650022
0.0648193
0.0646291
0.0644313
0.0642257
0.0640119
0.0637898
0.0635591
0.0633194
0.0630706
0.0628125
0.0625446
0.062267
0.0619792
0.0616812
0.0613727
0.0610536
0.0607237
0.0603831
0.060034
0.0597022
0.0664131
0.0662847
0.0661512
0.0660125
0.0658682
0.0657182
0.0655622
0.0654001
0.0652315
0.0650563
0.0648741
0.0646848
0.0644879
0.0642834
0.0640708
0.06385
0.0636206
0.0633824
0.0631351
0.0628785
0.0626123
0.0623363
0.0620502
0.0617537
0.0614468
0.0611291
0.0608005
0.0604609
0.0601127
0.0597817
0.0664427
0.0663145
0.0661812
0.0660426
0.0658985
0.0657488
0.0655931
0.0654313
0.0652632
0.0650884
0.0649068
0.064718
0.0645219
0.0643182
0.0641065
0.0638867
0.0636584
0.0634215
0.0631755
0.0629203
0.0626556
0.0623812
0.0620967
0.061802
0.0614967
0.0611808
0.0608539
0.060516
0.0601694
0.0598399
0.0664586
0.0663304
0.0661971
0.0660586
0.0659145
0.0657649
0.0656093
0.0654476
0.0652796
0.0651051
0.0649237
0.0647353
0.0645396
0.0643364
0.0641253
0.0639062
0.0636787
0.0634427
0.0631977
0.0629436
0.0626801
0.0624069
0.0621238
0.0618306
0.0615269
0.0612125
0.0608872
0.0605511
0.0602061
0.0598784
0.0664658
0.0663375
0.0662041
0.0660655
0.0659214
0.0657716
0.065616
0.0654543
0.0652863
0.0651117
0.0649304
0.0647422
0.0645466
0.0643436
0.0641329
0.0639141
0.0636871
0.0634516
0.0632073
0.0629539
0.0626912
0.0624189
0.0621368
0.0618447
0.0615421
0.061229
0.0609051
0.0605704
0.060227
0.0599007
0.066468
0.0663395
0.0662059
0.0660671
0.0659228
0.0657729
0.0656171
0.0654552
0.0652871
0.0651124
0.0649311
0.0647427
0.0645472
0.0643442
0.0641335
0.0639149
0.0636881
0.0634528
0.0632088
0.0629558
0.0626936
0.0624219
0.0621405
0.061849
0.0615473
0.0612351
0.0609122
0.0605785
0.0602362
0.059911
0.0664674
0.0663388
0.066205
0.066066
0.0659215
0.0657713
0.0656153
0.0654532
0.0652848
0.06511
0.0649284
0.0647399
0.0645442
0.0643411
0.0641303
0.0639117
0.0636849
0.0634496
0.0632057
0.0629529
0.0626909
0.0624195
0.0621384
0.0618474
0.0615462
0.0612345
0.0609122
0.0605793
0.0602378
0.0599134
0.0664657
0.0663369
0.0662029
0.0660636
0.0659189
0.0657685
0.0656122
0.0654499
0.0652813
0.0651062
0.0649244
0.0647356
0.0645397
0.0643364
0.0641255
0.0639066
0.0636797
0.0634444
0.0632004
0.0629476
0.0626857
0.0624143
0.0621334
0.0618425
0.0615416
0.0612302
0.0609083
0.0605758
0.0602348
0.059911
0.0664636
0.0663346
0.0662004
0.0660609
0.0659159
0.0657653
0.0656088
0.0654462
0.0652773
0.065102
0.0649199
0.0647309
0.0645348
0.0643312
0.0641201
0.063901
0.0636739
0.0634384
0.0631943
0.0629414
0.0626794
0.062408
0.0621271
0.0618363
0.0615354
0.0612242
0.0609025
0.0605702
0.0602295
0.059906
0.0664615
0.0663323
0.0661979
0.0660582
0.0659131
0.0657622
0.0656055
0.0654427
0.0652736
0.065098
0.0649157
0.0647264
0.06453
0.0643262
0.0641149
0.0638956
0.0636683
0.0634326
0.0631883
0.0629352
0.0626731
0.0624016
0.0621205
0.0618297
0.0615288
0.0612176
0.0608959
0.0605638
0.0602232
0.0598999
0.0664597
0.0663303
0.0661957
0.0660559
0.0659105
0.0657595
0.0656025
0.0654395
0.0652702
0.0650944
0.0649118
0.0647224
0.0645257
0.0643217
0.0641101
0.0638906
0.0636631
0.0634272
0.0631827
0.0629294
0.0626671
0.0623955
0.0621143
0.0618234
0.0615224
0.0612112
0.0608895
0.0605574
0.0602168
0.0598936
0.0664581
0.0663285
0.0661938
0.0660538
0.0659083
0.0657571
0.0655999
0.0654367
0.0652672
0.0650912
0.0649085
0.0647188
0.0645219
0.0643177
0.0641059
0.0638862
0.0636584
0.0634223
0.0631777
0.0629242
0.0626618
0.06239
0.0621087
0.0618176
0.0615165
0.0612052
0.0608835
0.0605513
0.0602108
0.0598875
0.0664567
0.0663271
0.0661922
0.0660521
0.0659064
0.065755
0.0655977
0.0654344
0.0652647
0.0650885
0.0649056
0.0647157
0.0645187
0.0643142
0.0641022
0.0638823
0.0636544
0.0634181
0.0631733
0.0629196
0.062657
0.0623851
0.0621036
0.0618124
0.0615112
0.0611998
0.060878
0.0605458
0.0602052
0.059882
0.0664556
0.0663258
0.0661909
0.0660506
0.0659048
0.0657533
0.0655959
0.0654323
0.0652625
0.0650861
0.064903
0.064713
0.0645158
0.0643112
0.064099
0.063879
0.0636508
0.0634144
0.0631694
0.0629156
0.0626528
0.0623807
0.0620991
0.0618078
0.0615065
0.061195
0.0608731
0.0605408
0.0602002
0.0598769
0.0664546
0.0663248
0.0661897
0.0660493
0.0659034
0.0657518
0.0655942
0.0654306
0.0652606
0.0650841
0.0649009
0.0647107
0.0645133
0.0643086
0.0640962
0.063876
0.0636477
0.0634111
0.0631659
0.062912
0.062649
0.0623768
0.0620951
0.0618036
0.0615022
0.0611906
0.0608687
0.0605363
0.0601957
0.0598723
0.0664538
0.0663239
0.0661887
0.0660482
0.0659022
0.0657505
0.0655928
0.065429
0.0652589
0.0650823
0.0648989
0.0647086
0.0645111
0.0643062
0.0640937
0.0638734
0.0636449
0.0634082
0.0631629
0.0629088
0.0626457
0.0623733
0.0620915
0.0617999
0.0614984
0.0611867
0.0608646
0.0605322
0.0601915
0.0598681
0.0664531
0.0663231
0.0661878
0.0660473
0.0659012
0.0657493
0.0655916
0.0654277
0.0652575
0.0650807
0.0648972
0.0647068
0.0645092
0.0643042
0.0640915
0.063871
0.0636424
0.0634055
0.0631601
0.0629059
0.0626426
0.0623701
0.0620882
0.0617965
0.0614949
0.0611831
0.0608609
0.0605284
0.0601877
0.0598643
0.0664525
0.0663224
0.0661871
0.0660464
0.0659002
0.0657483
0.0655904
0.0654265
0.0652562
0.0650793
0.0648957
0.0647052
0.0645074
0.0643023
0.0640895
0.0638689
0.0636402
0.0634031
0.0631576
0.0629032
0.0626398
0.0623672
0.0620851
0.0617933
0.0614916
0.0611797
0.0608575
0.0605249
0.0601841
0.0598606
0.0664519
0.0663217
0.0661864
0.0660456
0.0658994
0.0657474
0.0655894
0.0654253
0.0652549
0.065078
0.0648943
0.0647036
0.0645058
0.0643005
0.0640876
0.0638669
0.0636381
0.0634009
0.0631552
0.0629008
0.0626373
0.0623645
0.0620823
0.0617904
0.0614886
0.0611766
0.0608543
0.0605216
0.0601807
0.0598571
0.0664514
0.0663211
0.0661857
0.0660449
0.0658986
0.0657465
0.0655885
0.0654243
0.0652538
0.0650768
0.064893
0.0647022
0.0645043
0.0642989
0.0640859
0.0638651
0.0636361
0.0633989
0.063153
0.0628985
0.0626348
0.062362
0.0620797
0.0617876
0.0614857
0.0611736
0.0608512
0.0605184
0.0601774
0.0598538
0.0664509
0.0663206
0.0661851
0.0660442
0.0658978
0.0657457
0.0655876
0.0654233
0.0652528
0.0650756
0.0648918
0.0647009
0.0645029
0.0642974
0.0640843
0.0638633
0.0636343
0.0633969
0.063151
0.0628963
0.0626325
0.0623596
0.0620771
0.061785
0.0614829
0.0611707
0.0608482
0.0605153
0.0601742
0.0598505
0.0664504
0.06632
0.0661845
0.0660435
0.0658971
0.0657449
0.0655867
0.0654224
0.0652518
0.0650746
0.0648906
0.0646997
0.0645015
0.064296
0.0640828
0.0638617
0.0636325
0.063395
0.063149
0.0628942
0.0626303
0.0623572
0.0620747
0.0617824
0.0614802
0.0611679
0.0608453
0.0605123
0.0601711
0.0598473
0.0664499
0.0663195
0.0661839
0.0660429
0.0658964
0.0657441
0.0655859
0.0654215
0.0652508
0.0650735
0.0648895
0.0646984
0.0645002
0.0642946
0.0640813
0.0638601
0.0636308
0.0633932
0.0631471
0.0628921
0.0626282
0.062355
0.0620723
0.0617799
0.0614776
0.0611652
0.0608424
0.0605093
0.060168
0.0598441
0.0664494
0.0663189
0.0661833
0.0660423
0.0658957
0.0657433
0.0655851
0.0654206
0.0652498
0.0650725
0.0648884
0.0646973
0.0644989
0.0642932
0.0640798
0.0638586
0.0636292
0.0633915
0.0631452
0.0628902
0.0626261
0.0623528
0.06207
0.0617775
0.061475
0.0611625
0.0608396
0.0605063
0.0601649
0.0598409
0.0664489
0.0663184
0.0661827
0.0660417
0.065895
0.0657426
0.0655843
0.0654198
0.0652489
0.0650715
0.0648873
0.0646961
0.0644977
0.0642919
0.0640784
0.0638571
0.0636276
0.0633898
0.0631434
0.0628883
0.0626241
0.0623506
0.0620677
0.0617751
0.0614725
0.0611598
0.0608368
0.0605034
0.0601619
0.0598377
0.0664485
0.0663179
0.0661822
0.0660411
0.0658944
0.0657419
0.0655835
0.065419
0.065248
0.0650705
0.0648863
0.064695
0.0644965
0.0642906
0.0640771
0.0638556
0.063626
0.0633881
0.0631416
0.0628864
0.0626221
0.0623485
0.0620654
0.0617727
0.06147
0.0611571
0.060834
0.0605005
0.0601588
0.0598345
0.066448
0.0663174
0.0661817
0.0660405
0.0658937
0.0657412
0.0655828
0.0654182
0.0652472
0.0650696
0.0648853
0.0646939
0.0644954
0.0642894
0.0640757
0.0638542
0.0636245
0.0633865
0.0631399
0.0628845
0.0626201
0.0623464
0.0620632
0.0617703
0.0614675
0.0611545
0.0608312
0.0604975
0.0601557
0.0598313
0.0664476
0.066317
0.0661812
0.0660399
0.0658932
0.0657406
0.0655821
0.0654174
0.0652464
0.0650687
0.0648843
0.0646929
0.0644943
0.0642882
0.0640745
0.0638528
0.0636231
0.0633849
0.0631382
0.0628827
0.0626182
0.0623444
0.062061
0.061768
0.061465
0.0611519
0.0608284
0.0604946
0.0601526
0.059828
0.0664473
0.0663166
0.0661807
0.0660395
0.0658926
0.06574
0.0655814
0.0654167
0.0652456
0.0650679
0.0648834
0.064692
0.0644932
0.0642871
0.0640732
0.0638515
0.0636217
0.0633834
0.0631366
0.062881
0.0626163
0.0623424
0.0620589
0.0617657
0.0614626
0.0611493
0.0608257
0.0604917
0.0601495
0.0598248
0.0664469
0.0663162
0.0661803
0.066039
0.0658921
0.0657395
0.0655809
0.0654161
0.0652449
0.0650672
0.0648826
0.0646911
0.0644923
0.064286
0.0640721
0.0638503
0.0636203
0.063382
0.0631351
0.0628794
0.0626146
0.0623405
0.0620569
0.0617636
0.0614603
0.0611468
0.060823
0.0604888
0.0601464
0.0598215
0.0664467
0.066316
0.06618
0.0660387
0.0658917
0.065739
0.0655804
0.0654155
0.0652443
0.0650665
0.0648819
0.0646903
0.0644914
0.0642851
0.0640711
0.0638492
0.0636191
0.0633807
0.0631337
0.0628778
0.0626129
0.0623387
0.0620549
0.0617615
0.061458
0.0611444
0.0608204
0.060486
0.0601434
0.0598184
0.0664466
0.0663158
0.0661798
0.0660384
0.0658915
0.0657387
0.06558
0.0654151
0.0652438
0.065066
0.0648813
0.0646896
0.0644907
0.0642843
0.0640702
0.0638482
0.0636181
0.0633795
0.0631324
0.0628764
0.0626114
0.062337
0.0620531
0.0617595
0.0614559
0.0611421
0.0608179
0.0604833
0.0601405
0.0598153
0.0664466
0.0663158
0.0661798
0.0660383
0.0658913
0.0657386
0.0655798
0.0654148
0.0652435
0.0650656
0.0648809
0.0646891
0.0644901
0.0642837
0.0640695
0.0638474
0.0636172
0.0633786
0.0631313
0.0628752
0.0626101
0.0623356
0.0620515
0.0617577
0.061454
0.06114
0.0608156
0.0604808
0.0601378
0.0598124
0.0664468
0.0663159
0.0661799
0.0660384
0.0658914
0.0657386
0.0655798
0.0654148
0.0652434
0.0650655
0.0648807
0.0646889
0.0644898
0.0642833
0.064069
0.0638469
0.0636166
0.0633778
0.0631305
0.0628743
0.062609
0.0623344
0.0620502
0.0617563
0.0614523
0.0611381
0.0608135
0.0604786
0.0601353
0.0598096
0.0664472
0.0663163
0.0661802
0.0660387
0.0658917
0.0657388
0.06558
0.065415
0.0652435
0.0650655
0.0648807
0.0646889
0.0644897
0.0642831
0.0640688
0.0638466
0.0636162
0.0633774
0.06313
0.0628737
0.0626083
0.0623335
0.0620492
0.0617551
0.061451
0.0611366
0.0608119
0.0604767
0.0601332
0.0598073
0.0664477
0.0663168
0.0661807
0.0660392
0.0658921
0.0657393
0.0655804
0.0654153
0.0652439
0.0650659
0.064881
0.0646891
0.0644899
0.0642833
0.0640689
0.0638466
0.0636162
0.0633773
0.0631298
0.0628734
0.0626079
0.062333
0.0620486
0.0617543
0.0614501
0.0611355
0.0608106
0.0604752
0.0601316
0.0598057
0.0664484
0.0663175
0.0661814
0.0660398
0.0658927
0.0657398
0.0655809
0.0654159
0.0652444
0.0650663
0.0648814
0.0646895
0.0644903
0.0642836
0.0640692
0.0638469
0.0636164
0.0633774
0.0631298
0.0628734
0.0626078
0.0623328
0.0620483
0.061754
0.0614496
0.0611349
0.0608098
0.0604743
0.0601307
0.0598047
0.0664489
0.0663179
0.0661818
0.0660403
0.0658932
0.0657403
0.0655814
0.0654163
0.0652448
0.0650667
0.0648818
0.0646898
0.0644906
0.0642839
0.0640695
0.0638471
0.0636166
0.0633776
0.06313
0.0628735
0.0626078
0.0623328
0.0620482
0.0617538
0.0614493
0.0611346
0.0608094
0.0604739
0.0601303
0.059804
)
;

boundaryField
{
    inlet
    {
        type            fixedValue;
        value           uniform 0.1;
    }
    outlet
    {
        type            zeroGradient;
    }
    top
    {
        type            symmetryPlane;
    }
    ground
    {
        type            compressible::kqRWallFunction;
        value           nonuniform List<scalar> 
40
(
9.62967e-06
2.2595e-05
3.61945e-05
4.87697e-05
6.06492e-05
7.15225e-05
8.16387e-05
9.09528e-05
9.93996e-05
0.000106903
0.000113391
0.000118766
0.000123639
0.000127729
0.000131382
0.000134122
0.0001387
0.000141094
0.000144385
0.000147015
0.000178227
0.000337215
0.00188253
0.00338562
0.00431237
0.00520891
0.00589665
0.00646976
0.00694099
0.0073067
0.00749406
0.00749685
0.00730964
0.00693049
0.0063618
0.00561112
0.00469268
0.00363513
0.00247845
0.000845019
)
;
    }
    sides
    {
        type            empty;
    }
    walls
    {
        type            compressible::kqRWallFunction;
        value           nonuniform List<scalar> 
140
(
9.62967e-06
2.12133e-05
3.24892e-05
4.24083e-05
5.15787e-05
5.98026e-05
6.73232e-05
7.43228e-05
8.12746e-05
8.91845e-05
9.9956e-05
0.000116562
0.000142784
0.000182799
0.000241198
0.000323397
0.000436072
0.000587528
0.000788244
0.00105156
0.00139481
0.00180895
0.00226847
0.00276329
0.00324973
0.00369704
0.00407858
0.00438824
0.00462705
0.00477987
0.00487137
0.00490366
0.00488739
0.00483199
0.00474613
0.00464318
0.00453325
0.00446876
0.00458034
0.00919881
0.000845019
0.00211364
0.00311143
0.00402003
0.00489527
0.00576264
0.00663795
0.0075313
0.00844948
0.00939758
0.0103802
0.0114029
0.0124735
0.0136046
0.0148174
0.0161473
0.0176508
0.0194161
0.0215748
0.0243157
0.0279054
0.0323101
0.0372865
0.0428783
0.0491516
0.0561969
0.0641304
0.0731071
0.083359
0.0952325
0.108713
0.124026
0.141426
0.161244
0.183943
0.210236
0.241467
0.281423
0.349475
0.437603
0.096734
0.0934088
0.0905133
0.087962
0.0856964
0.0836724
0.0818554
0.0802177
0.0787365
0.0773924
0.0761694
0.0750534
0.0740326
0.0730966
0.0722365
0.0714445
0.0707136
0.0700378
0.0694119
0.0688311
0.0682912
0.0677885
0.0673196
0.0668815
0.0664714
0.0660868
0.065725
0.0653836
0.0650582
0.064722
0.45511
0.369839
0.302556
0.251688
0.213929
0.18609
0.165945
0.151267
0.140217
0.131594
0.124615
0.118772
0.113732
0.109276
0.105255
0.101568
0.0981456
0.0949413
0.0919217
0.0890635
0.0863502
0.083769
0.0813097
0.0789634
0.0767232
0.0745825
0.0725355
0.0705743
0.0686976
0.0668817
)
;
    }
}


// ************************************************************************* //
