/*--------------------------------*- C++ -*----------------------------------*\
| =========                 |                                                 |
| \\      /  F ield         | OpenFOAM: The Open Source CFD Toolbox           |
|  \\    /   O peration     | Version:  2.2.0                                 |
|   \\  /    A nd           | Web:      www.OpenFOAM.org                      |
|    \\/     M anipulation  |                                                 |
\*---------------------------------------------------------------------------*/
FoamFile
{
    version     2.0;
    format      ascii;
    class       volScalarField;
    location    "2000";
    object      mut;
}
// * * * * * * * * * * * * * * * * * * * * * * * * * * * * * * * * * * * * * //

dimensions      [1 -1 -1 0 0 0 0];

internalField   nonuniform List<scalar> 
7600
(
3.35168e-05
5.12619e-05
6.48909e-05
7.53357e-05
8.40314e-05
9.12589e-05
9.75055e-05
0.000102922
0.000107597
0.000111586
0.000114923
0.000117616
0.000120011
0.000121991
0.000123744
0.000125058
0.000127237
0.000128412
0.000130029
0.000131348
0.000144807
0.000199305
0.000470913
0.000631522
0.000712732
0.000783324
0.000833433
0.000872995
0.000904228
0.000927744
0.000939563
0.000939738
0.000927929
0.000903543
0.000865678
0.000813001
0.000743491
0.000654373
0.000540326
0.000315486
4.9637e-05
0.000350348
0.000564386
0.000713549
0.000829528
0.000925141
0.00100541
0.00107348
0.00113135
0.00118053
0.00122223
0.00125776
0.00128443
0.00130368
0.00132493
0.00134855
0.00139151
0.00141287
0.00142508
0.0013853
0.00138248
0.00153541
0.00194348
0.00327231
0.00371132
0.00451923
0.00521928
0.00590163
0.00646074
0.0068629
0.00713118
0.0072391
0.00716088
0.00687268
0.00635353
0.00558742
0.00456812
0.00330832
0.00186146
0.000498966
6.14141e-05
0.000547051
0.000986734
0.00133226
0.00161623
0.00185615
0.00206147
0.00223798
0.00238953
0.00251894
0.00262845
0.00272004
0.00279224
0.00284729
0.00289812
0.00294949
0.00302057
0.00304085
0.00299527
0.00275543
0.00247084
0.00258815
0.0036996
0.00643984
0.0076355
0.00922536
0.0105098
0.0116092
0.0124082
0.0128856
0.0130375
0.0128369
0.0122702
0.0113381
0.0100565
0.00845888
0.00659995
0.0045614
0.00245903
0.000605385
7.01636e-05
0.000659767
0.00127517
0.00179763
0.00224649
0.0026373
0.0029799
0.00328068
0.00354396
0.00377277
0.00396938
0.00413559
0.00427147
0.00437888
0.00446954
0.00454957
0.00462857
0.00461292
0.00443701
0.00390291
0.00331981
0.00359212
0.00549269
0.00948325
0.0114354
0.0135275
0.0150868
0.0162861
0.0170667
0.0174228
0.0173373
0.016798
0.015812
0.0144032
0.0126113
0.0104909
0.0081111
0.00555937
0.00295151
0.000688116
7.73877e-05
0.000736353
0.00148023
0.00214637
0.00273969
0.00327096
0.00374805
0.00417637
0.00455949
0.00489966
0.00519813
0.00545547
0.00567152
0.00584616
0.00598679
0.00609557
0.00616504
0.00607947
0.00572075
0.00487204
0.0040919
0.00464563
0.00726261
0.0123197
0.014928
0.0173128
0.0189702
0.0201549
0.0208651
0.0210993
0.0208284
0.020046
0.0187687
0.0170295
0.0148751
0.0123615
0.00955385
0.00653214
0.00341976
0.000759327
8.33433e-05
0.000794546
0.00163117
0.00240742
0.00311892
0.00377218
0.00437268
0.00492421
0.00542893
0.0058875
0.00629923
0.00666226
0.00697389
0.00722998
0.00743071
0.00756868
0.00761456
0.00743139
0.00686375
0.00573776
0.00488409
0.00576668
0.00896062
0.0149406
0.0181088
0.020678
0.0223785
0.0235486
0.0242218
0.0243853
0.0239935
0.0230392
0.0215424
0.0195397
0.0170784
0.0142116
0.0109967
0.00750617
0.00387775
0.000823843
8.84484e-05
0.000838512
0.00174066
0.00259648
0.00339821
0.00415065
0.00485806
0.00552301
0.00614617
0.00672626
0.00725987
0.00774146
0.00816327
0.00851506
0.00878665
0.00895601
0.00896932
0.00867239
0.00790026
0.00657285
0.00574728
0.00695054
0.0105597
0.0173539
0.0210239
0.0237493
0.0255118
0.0267129
0.0273979
0.0275333
0.0270576
0.0259625
0.0242715
0.0220253
0.0192723
0.0160627
0.0124464
0.00848659
0.00433388
0.000884184
9.29714e-05
0.000870496
0.00181385
0.00272035
0.00358378
0.00441021
0.00520446
0.00596896
0.00670348
0.00740485
0.00806651
0.00867809
0.00922418
0.00968663
0.0100415
0.0102478
0.0102271
0.00981648
0.00887521
0.00744066
0.00670736
0.00818494
0.0120795
0.0195797
0.0237361
0.0266449
0.0285252
0.0298117
0.0305465
0.030675
0.0301254
0.0288919
0.0270053
0.0245128
0.0214665
0.0179149
0.0139004
0.00947402
0.00479272
0.000941787
9.72868e-05
0.000891901
0.00185277
0.00278184
0.00367866
0.00455297
0.00541189
0.00625908
0.00709447
0.00791361
0.00870681
0.00945796
0.0101425
0.0107318
0.0111852
0.0114393
0.0113931
0.0108885
0.00984049
0.00839474
0.0077807
0.00946154
0.0135314
0.0216467
0.0263137
0.0294694
0.0315385
0.0329595
0.0337663
0.0338898
0.0332564
0.0318685
0.0297686
0.0270142
0.0236635
0.0197652
0.015354
0.0104658
0.00525506
0.000997524
0.000102014
0.000904875
0.00186189
0.00278853
0.00369302
0.00459023
0.00549086
0.00640121
0.00732291
0.00825176
0.00917587
0.0100731
0.0109095
0.0116434
0.0122142
0.0125337
0.0124828
0.0119239
0.0108513
0.00948161
0.00898436
0.0107802
0.0149264
0.0235901
0.0288271
0.0323165
0.0346498
0.0362459
0.0371319
0.0372363
0.0364936
0.0349214
0.0325785
0.0295367
0.0258631
0.0216085
0.0168001
0.0114555
0.00571864
0.00105198
0.000108146
0.000916313
0.0018581
0.00276773
0.00366246
0.00456236
0.00548237
0.00643298
0.0074199
0.00844209
0.00948828
0.0105318
0.0115299
0.0124257
0.0131362
0.0135462
0.0135236
0.0129676
0.0119629
0.0107449
0.0103436
0.0121528
0.0162789
0.0254461
0.0313471
0.0352722
0.0379433
0.0397451
0.0407035
0.0407592
0.0398678
0.0380691
0.0354435
0.0320807
0.0280598
0.0234352
0.0182273
0.0124335
0.00617895
0.00110558
0.000116956
0.000940563
0.00187745
0.00277655
0.00366123
0.00455516
0.0054772
0.00644313
0.00746562
0.00855151
0.00969589
0.0108726
0.0120323
0.0131029
0.013976
0.0145071
0.0145551
0.0140705
0.0132277
0.012229
0.0118985
0.0136083
0.0176126
0.027272
0.0339456
0.0384157
0.0414908
0.0435162
0.0445244
0.0444867
0.0433939
0.0413159
0.0383599
0.0346369
0.0302403
0.0252298
0.01962
0.0133867
0.00662981
0.00115873
0.000129599
0.0009951
0.00196311
0.00288406
0.00378256
0.00468281
0.00560521
0.00656957
0.00759646
0.00870496
0.0099048
0.0111805
0.0124835
0.0137289
0.0147817
0.0154641
0.0156281
0.0152848
0.0146924
0.0139808
0.0137098
0.0152014
0.0189659
0.0291375
0.0366946
0.0418167
0.0453477
0.0475969
0.0486157
0.0484247
0.0470663
0.0446483
0.041309
0.0371837
0.0323818
0.0269701
0.0209577
0.0142993
0.00706385
0.00121187
0.000146738
0.00109186
0.00214359
0.0031375
0.00409534
0.0050387
0.00598574
0.00695596
0.00797394
0.00907016
0.0102744
0.011595
0.0129981
0.0143959
0.0156293
0.0164834
0.0168009
0.0166593
0.0163947
0.0160468
0.0158621
0.017024
0.020399
0.0311248
0.0396663
0.0455331
0.049548
0.0519981
0.0529703
0.0525534
0.0508563
0.0480326
0.0442555
0.0396864
0.0344522
0.0286274
0.0222166
0.0151537
0.00747331
0.00126558
0.000168595
0.00123535
0.00242915
0.00355511
0.00462969
0.00567021
0.00668983
0.00770307
0.00873186
0.00981057
0.0109852
0.0122947
0.0137363
0.0152368
0.0166248
0.0176479
0.0181356
0.0182349
0.0183586
0.018465
0.018458
0.01922
0.0220076
0.0333338
0.0429343
0.0496085
0.0541012
0.0567009
0.0575514
0.0568252
0.0547108
0.0514143
0.0471472
0.0420981
0.0364116
0.0301693
0.0233719
0.0159331
0.00785149
0.00132074
0.000195214
0.00142723
0.00282386
0.00414456
0.00539879
0.00659912
0.00775271
0.00886662
0.00995503
0.0110475
0.0121952
0.0134613
0.0148818
0.0164156
0.0178996
0.019054
0.0196951
0.020044
0.0205948
0.0212527
0.0215946
0.0219936
0.0239517
0.0358932
0.0465801
0.0540745
0.0589931
0.0616562
0.0622905
0.0611627
0.0585503
0.0547173
0.0499157
0.0443616
0.0382153
0.0315639
0.0244026
0.0166257
0.00819497
0.00137868
0.000226651
0.00166975
0.00333449
0.00491803
0.00642065
0.00784977
0.00920633
0.0104893
0.0117027
0.0128659
0.0140239
0.0152497
0.0166122
0.0181068
0.0195994
0.0208057
0.0215432
0.0221185
0.0231136
0.0244075
0.0253212
0.0255873
0.0264958
0.0389763
0.0507065
0.0589566
0.0641851
0.0667819
0.0670836
0.0654543
0.0622647
0.0578411
0.0524767
0.0464129
0.0398212
0.0327882
0.0253002
0.0172315
0.00850724
0.00144137
0.000263036
0.00196837
0.00397501
0.00589887
0.00772773
0.00946299
0.0110991
0.0126268
0.0140395
0.0153435
0.0165703
0.0177872
0.0190808
0.020472
0.0218648
0.0230046
0.0237475
0.0245112
0.0259704
0.0279687
0.0296348
0.0301825
0.030166
0.0428527
0.0554672
0.0642731
0.0695971
0.0719387
0.071764
0.0695292
0.0656956
0.0606519
0.0547303
0.0481894
0.0412009
0.0338413
0.0260805
0.0177711
0.00880326
0.00151166
0.000304618
0.00233229
0.00476832
0.00712413
0.00937016
0.0115001
0.0135012
0.0153562
0.0170481
0.0185693
0.0199339
0.0211889
0.0224138
0.0236398
0.0248039
0.0257297
0.0263741
0.0273041
0.0293408
0.0321893
0.0347094
0.0358293
0.035132
0.0477673
0.0610249
0.0699844
0.0750487
0.0768778
0.0760641
0.0731336
0.0686254
0.0629864
0.0565757
0.0496504
0.0423634
0.0347648
0.0267993
0.0182958
0.00911328
0.00159339
0.000351785
0.00278066
0.00575588
0.00865571
0.0114267
0.014052
0.0165108
0.0187773
0.0208258
0.0226369
0.0242066
0.0255524
0.0266978
0.0276769
0.028459
0.0290149
0.0294766
0.0306794
0.0335669
0.0377407
0.041555
0.0430319
0.0422948
0.0535903
0.0667995
0.0753642
0.0797972
0.0809112
0.0793845
0.0757868
0.0707078
0.0646345
0.0579247
0.050804
0.0433809
0.035664
0.0275665
0.0188962
0.00948754
0.00169148
0.000405104
0.00334291
0.00699573
0.0105705
0.0139809
0.0171945
0.0201795
0.0229012
0.0253263
0.0274272
0.0291882
0.0306041
0.0316612
0.0323614
0.0327624
0.0330472
0.0336405
0.0353247
0.0392558
0.0450941
0.0521655
0.0551557
0.0508282
0.0602478
0.0715039
0.0790263
0.0826348
0.0830558
0.0809651
0.0769654
0.07165
0.0654975
0.0588239
0.051791
0.0444425
0.0367385
0.0285642
0.0197135
0.0100044
0.00181193
0.000461298
0.00402065
0.00847594
0.0128272
0.0169474
0.0207842
0.0242923
0.0274286
0.0301551
0.0324441
0.0342825
0.0356722
0.0366205
0.037163
0.0375347
0.0381147
0.039463
0.0422717
0.0471069
0.0538239
0.0596193
0.0601142
0.0582655
0.0654395
0.0744804
0.0807124
0.0835238
0.0834355
0.0810504
0.076967
0.0717635
0.0658789
0.0595525
0.0528526
0.0457435
0.0381365
0.0298965
0.0208138
0.0106941
0.00194958
0.000516541
0.00475151
0.0100687
0.015229
0.0200551
0.0244723
0.0284246
0.0318661
0.0347644
0.0371061
0.0389041
0.0402029
0.0410855
0.0417162
0.0423981
0.0435112
0.0454956
0.0487754
0.0534396
0.0586163
0.0625701
0.0634952
0.0636395
0.0692197
0.0762351
0.0811804
0.0832946
0.0828679
0.0803763
0.0763922
0.0715006
0.0660946
0.0603076
0.0540866
0.0473046
0.0398259
0.031504
0.0221343
0.0115136
0.00209423
0.000570067
0.00545721
0.011635
0.01758
0.0230524
0.0279589
0.0322418
0.0358654
0.0388191
0.0411253
0.0428475
0.0440992
0.0450478
0.0459203
0.0469857
0.0485134
0.0507332
0.0537758
0.0575343
0.0615078
0.064798
0.066473
0.0677921
0.0720637
0.0773147
0.0810851
0.0826113
0.0819448
0.0793911
0.0755394
0.0710393
0.0662405
0.0611315
0.0555004
0.0491125
0.0417849
0.0333642
0.0236564
0.0124535
0.00224568
0.000618181
0.00613905
0.0131175
0.0197488
0.0257424
0.0309984
0.0354703
0.039146
0.0420509
0.0442565
0.0458832
0.0471126
0.0481553
0.0492344
0.0505563
0.0522785
0.0544927
0.0572183
0.0603851
0.0638093
0.0670472
0.0693602
0.0712624
0.0745128
0.078269
0.080981
0.0819724
0.0810555
0.0783299
0.0745147
0.0704045
0.0663048
0.0619976
0.0570633
0.0511395
0.0439938
0.0354664
0.0253762
0.0135137
0.00240424
0.000659328
0.00675446
0.0144109
0.0215742
0.0279227
0.0333641
0.0378727
0.0414674
0.0442141
0.0462437
0.0477384
0.0489142
0.0499962
0.0511877
0.052644
0.0544604
0.0566783
0.059308
0.0623518
0.0657945
0.0693394
0.0723132
0.0745355
0.0769917
0.0794904
0.0811962
0.0815468
0.0801889
0.0771022
0.0732333
0.0695205
0.0662284
0.0628579
0.0587379
0.0533607
0.046444
0.037815
0.027304
0.0147038
0.00257069
0.00069249
0.00726851
0.0154313
0.0229344
0.0294478
0.0348963
0.0392841
0.042672
0.0451781
0.0469749
0.0482796
0.0493308
0.0503541
0.0515331
0.0529959
0.05482
0.0570542
0.0597517
0.0629945
0.06687
0.0711237
0.0748375
0.0774033
0.079334
0.0807782
0.0814163
0.0808926
0.0787966
0.0751498
0.0712556
0.0681864
0.0659152
0.0636537
0.0604892
0.0557562
0.0491354
0.0404254
0.0294591
0.0160395
0.00274606
0.000718279
0.00764277
0.0160927
0.0237225
0.0302196
0.0355363
0.0397026
0.0428073
0.0450011
0.0464913
0.0475219
0.0483415
0.0491681
0.0501687
0.0514586
0.0531204
0.0552376
0.0579287
0.0613671
0.0657331
0.0708224
0.0754453
0.078544
0.0802375
0.080826
0.0804688
0.0790459
0.0762684
0.0722974
0.0687067
0.066511
0.0654006
0.064336
0.0622296
0.0582885
0.0520608
0.0433147
0.03186
0.0175385
0.00293187
0.000737542
0.0077867
0.0163411
0.0239608
0.0303306
0.0354158
0.0392675
0.0420022
0.0438016
0.0449008
0.0455599
0.0460269
0.0465062
0.0471474
0.0480573
0.0493289
0.0510825
0.0534986
0.0568259
0.0613599
0.0669899
0.0724114
0.0761196
0.0777529
0.077748
0.076685
0.0747454
0.0719294
0.0684454
0.0658496
0.0648845
0.0650355
0.0651725
0.0641195
0.0609685
0.0551625
0.04641
0.0345101
0.0192132
0.0031306
0.000749604
0.0077892
0.0163038
0.0237817
0.0299052
0.0346513
0.0380914
0.0403688
0.0416938
0.0423231
0.0425248
0.0425391
0.0425545
0.0427076
0.0431048
0.0438569
0.0451169
0.0470966
0.0501096
0.0544514
0.0601118
0.0658842
0.0699818
0.0715566
0.0713556
0.0702031
0.0685509
0.0666235
0.0645058
0.0634284
0.0637987
0.0651069
0.0663279
0.0662796
0.0639314
0.0585775
0.0498131
0.0373694
0.0209585
0.00334606
0.000756728
0.00770261
0.0160501
0.0232602
0.0290185
0.0333156
0.0362452
0.0379799
0.0387585
0.0388568
0.0385467
0.0380616
0.0375835
0.037256
0.0372111
0.0376042
0.0386302
0.0405194
0.043531
0.0478303
0.0533306
0.0589801
0.0629573
0.0645089
0.0646168
0.0640737
0.063381
0.0627761
0.0621904
0.0624466
0.0637768
0.0658638
0.0679045
0.0687461
0.0671975
0.0623364
0.0535852
0.0405628
0.0229088
0.00357497
0.000759218
0.00754512
0.0156113
0.0224316
0.0277013
0.0314293
0.0337399
0.0348434
0.035012
0.0345423
0.0337145
0.0327659
0.0318984
0.0312984
0.0311572
0.0316999
0.0331514
0.0357005
0.0394356
0.0443236
0.0498987
0.0551233
0.0585621
0.0602351
0.0609129
0.0612083
0.0614995
0.0619109
0.0623376
0.0632923
0.0649966
0.0673769
0.0698958
0.0714667
0.070709
0.0664031
0.0577195
0.0441078
0.025084
0.00381837
0.000757944
0.00732639
0.0149991
0.021294
0.0259254
0.0289346
0.0304951
0.0308705
0.0303772
0.0293415
0.0280662
0.0268123
0.0258352
0.0253951
0.0257315
0.0271017
0.0296766
0.0335504
0.0384904
0.0443795
0.0501507
0.0547999
0.0578885
0.0597188
0.0608596
0.061741
0.0626106
0.0634787
0.064316
0.0654422
0.0671094
0.0694347
0.0721438
0.0742859
0.0743218
0.0706712
0.0621599
0.0479939
0.0274949
0.00407735
0.000753624
0.00704753
0.0141958
0.0197845
0.0235677
0.0256541
0.0263048
0.0258613
0.0247001
0.0231948
0.0216972
0.0205024
0.0199275
0.0202687
0.0217346
0.0244661
0.0284605
0.0337903
0.0397656
0.0462282
0.0520611
0.0564603
0.0594616
0.0614419
0.0628513
0.0640072
0.0650828
0.0660477
0.066936
0.0679936
0.0694786
0.0716183
0.0743619
0.076962
0.0778127
0.0749613
0.0667955
0.0521814
0.0301458
0.0043536
0.000746888
0.00669584
0.0131299
0.0177289
0.0203448
0.0212436
0.020846
0.0195959
0.017949
0.0163387
0.0151788
0.0147394
0.0152972
0.0170269
0.0200501
0.0242029
0.0292759
0.0352272
0.0415831
0.0481285
0.0539084
0.0582611
0.0613395
0.0634865
0.0650702
0.0663471
0.0674531
0.0683723
0.0692159
0.070177
0.0715038
0.073478
0.0762181
0.0792136
0.0809089
0.0790296
0.0714544
0.0565934
0.0330341
0.00464988
0.000738734
0.00623567
0.0116193
0.0147472
0.0157583
0.0152735
0.0139653
0.0123524
0.0109565
0.0101636
0.01026
0.0113758
0.0136288
0.0168206
0.0209075
0.0256808
0.0309969
0.0368048
0.0429034
0.0491399
0.0547334
0.0590907
0.062315
0.064658
0.0664085
0.0677807
0.0688803
0.0697812
0.0706099
0.0715317
0.0727825
0.0746663
0.0774208
0.0807715
0.0833211
0.0825804
0.0758961
0.0611013
0.0361464
0.00497105
0.000729928
0.00555443
0.00922194
0.0102196
0.00945894
0.00811321
0.00694867
0.00625887
0.00639427
0.00744841
0.00928615
0.011905
0.0152024
0.0189812
0.0231695
0.0276938
0.0325303
0.0376993
0.0431287
0.048828
0.0541682
0.0585488
0.0619409
0.0645015
0.0664403
0.0679291
0.0690901
0.0700439
0.0709177
0.0718694
0.0731232
0.0749866
0.0777734
0.0814217
0.0847757
0.085278
0.0797915
0.0654831
0.03944
0.00532744
0.000724709
0.00432105
0.00532882
0.00455175
0.00358044
0.00328409
0.0037748
0.00502897
0.00685841
0.00922546
0.0119739
0.0150029
0.0182339
0.0216226
0.025188
0.0289269
0.0329253
0.037272
0.0420235
0.0472232
0.0523113
0.0566731
0.0602282
0.063013
0.0651548
0.066802
0.068098
0.0691703
0.0701478
0.0711867
0.0724999
0.074386
0.0771963
0.0810394
0.0850485
0.0867629
0.082684
0.0693137
0.0427908
0.00575128
0.000733693
0.00222096
0.00201059
0.00213218
0.00290616
0.00441785
0.00625757
0.00838531
0.0106834
0.0130627
0.015417
0.0177598
0.0201584
0.0226888
0.0254231
0.0284154
0.0317469
0.0354929
0.0397288
0.0445285
0.0494063
0.0537492
0.0574239
0.0604042
0.0627592
0.0646072
0.066081
0.0673121
0.0684322
0.0695944
0.0709989
0.072924
0.0757228
0.0796159
0.0840272
0.0867413
0.0840599
0.071852
0.0457594
0.00640898
0.00103975
0.00190818
0.00320144
0.00497678
0.00717111
0.00898428
0.0104974
0.0118381
0.0131122
0.0144222
0.0158286
0.0174106
0.0192089
0.0212459
0.0235458
0.0261505
0.029116
0.0325128
0.0364323
0.0409802
0.0457216
0.0500583
0.0538357
0.056989
0.0595465
0.0615989
0.0632663
0.064676
0.0659586
0.0672622
0.0687714
0.0707358
0.0734817
0.0772781
0.0818198
0.0853287
0.0840237
0.0732559
0.0486662
0.00717163
0.00337181
0.00331335
0.00326159
0.0032153
0.00317362
0.00313592
0.00310168
0.0030705
0.00304201
0.00301594
0.00299201
0.00297001
0.00294975
0.00293104
0.00291374
0.00289773
0.00288287
0.00286906
0.00285621
0.00284423
0.00283306
0.00282261
0.00281283
0.00280366
0.00279506
0.00278696
0.00277932
0.00277209
0.00276518
0.00275803
0.0290883
0.0201261
0.0165534
0.0145506
0.0132416
0.0123066
0.0115993
0.0110423
0.0105905
0.0102156
0.00989891
0.00962753
0.00939217
0.00918599
0.00900382
0.00884167
0.0086964
0.00856552
0.00844697
0.00833909
0.00824048
0.00814993
0.00806639
0.0079889
0.00791652
0.00784811
0.00778212
0.00771571
0.00764425
0.00755574
0.0688034
0.0517109
0.0428292
0.0374253
0.0337925
0.03118
0.0292084
0.0276662
0.0264258
0.0254059
0.0245522
0.0238266
0.0232022
0.0226589
0.0221817
0.0217591
0.0213822
0.0210437
0.020738
0.0204604
0.0202069
0.0199745
0.0197602
0.0195615
0.0193764
0.0192023
0.0190371
0.0188778
0.0187216
0.0185628
0.0910728
0.0781382
0.0686684
0.0617917
0.0566696
0.0527409
0.0496464
0.0471527
0.0451041
0.0433935
0.0419451
0.0407038
0.0396288
0.0386893
0.0378616
0.037127
0.0364709
0.0358814
0.035349
0.0348656
0.0344249
0.0340212
0.0336497
0.0333065
0.0329878
0.0326904
0.0324112
0.0321471
0.0318955
0.0316537
0.0997303
0.0929026
0.0862616
0.0804674
0.0755865
0.0715067
0.0680861
0.0651975
0.0627375
0.0606242
0.0587938
0.057196
0.0557912
0.0545481
0.0534415
0.0524508
0.0515596
0.0507541
0.0500228
0.0493564
0.0487466
0.0481867
0.0476707
0.0471936
0.0467508
0.0463383
0.0459526
0.0455905
0.0452492
0.0449257
0.102739
0.0996744
0.0959623
0.092148
0.0885199
0.0851967
0.0822078
0.0795413
0.0771685
0.0750564
0.0731725
0.0714875
0.0699754
0.0686136
0.0673831
0.0662674
0.0652523
0.064326
0.0634779
0.0626993
0.0619824
0.0613205
0.0607077
0.0601389
0.0596095
0.0591155
0.0586534
0.0582199
0.0578122
0.0574267
0.103741
0.102462
0.100642
0.0984979
0.0962206
0.0939415
0.09174
0.0896585
0.0877158
0.0859165
0.0842573
0.0827306
0.081327
0.0800364
0.0788489
0.0777549
0.0767457
0.0758133
0.0749504
0.0741505
0.0734076
0.0727166
0.0720725
0.0714713
0.0709089
0.070382
0.0698874
0.0694224
0.0689843
0.0685693
0.104068
0.103535
0.102699
0.101608
0.100337
0.0989583
0.0975333
0.0961065
0.0947086
0.0933592
0.0920699
0.0908468
0.089692
0.0886053
0.0875847
0.0866275
0.0857303
0.0848895
0.0841014
0.0833625
0.0826693
0.0820184
0.0814069
0.0808317
0.0802903
0.0797801
0.0792988
0.0788443
0.0784143
0.0780055
0.104172
0.103927
0.103543
0.103013
0.102352
0.101588
0.100749
0.0998648
0.0989571
0.0980445
0.097141
0.0962565
0.0953981
0.0945702
0.0937756
0.0930158
0.0922911
0.0916012
0.0909456
0.0903229
0.089732
0.0891715
0.0886398
0.0881355
0.0876571
0.0872031
0.0867722
0.0863629
0.0859737
0.0856017
0.104204
0.104065
0.10387
0.103605
0.103268
0.102862
0.102398
0.101886
0.10134
0.100771
0.100188
0.0996001
0.0990138
0.0984344
0.097866
0.0973114
0.0967729
0.0962519
0.0957492
0.0952654
0.0948005
0.0943546
0.0939273
0.0935181
0.0931266
0.0927522
0.0923943
0.0920521
0.0917246
0.0914095
0.104213
0.104111
0.10399
0.103841
0.103658
0.103439
0.103184
0.102897
0.102582
0.102245
0.10189
0.101523
0.101148
0.100769
0.10039
0.100012
0.0996396
0.0992729
0.0989139
0.0985636
0.0982228
0.097892
0.0975717
0.097262
0.0969629
0.0966745
0.0963967
0.0961292
0.0958713
0.0956215
0.104214
0.104125
0.104032
0.10393
0.103814
0.103683
0.103535
0.103369
0.103187
0.102989
0.102778
0.102556
0.102325
0.102088
0.101846
0.101602
0.101358
0.101113
0.100871
0.100632
0.100396
0.100165
0.0999384
0.0997175
0.0995023
0.099293
0.0990898
0.0988927
0.0987013
0.0985145
0.104214
0.104129
0.104045
0.103961
0.103873
0.103781
0.103682
0.103576
0.103462
0.10334
0.103211
0.103074
0.102932
0.102785
0.102634
0.10248
0.102323
0.102166
0.102008
0.10185
0.101694
0.101539
0.101386
0.101235
0.101087
0.100942
0.1008
0.100662
0.100527
0.100394
0.104213
0.104129
0.104048
0.103971
0.103894
0.103818
0.10374
0.103661
0.10358
0.103496
0.103409
0.103319
0.103226
0.103131
0.103033
0.102933
0.102832
0.10273
0.102628
0.102525
0.102422
0.10232
0.102218
0.102118
0.102019
0.101921
0.101825
0.101731
0.101638
0.101546
0.104211
0.104128
0.104048
0.103973
0.1039
0.10383
0.103761
0.103694
0.103627
0.103561
0.103494
0.103427
0.103359
0.103291
0.103223
0.103154
0.103085
0.103015
0.102946
0.102876
0.102807
0.102738
0.102669
0.102602
0.102535
0.102469
0.102404
0.10234
0.102276
0.102213
0.10421
0.104126
0.104047
0.103972
0.103901
0.103833
0.103768
0.103705
0.103644
0.103585
0.103528
0.103471
0.103416
0.103361
0.103308
0.103254
0.103202
0.10315
0.103099
0.103048
0.102997
0.102948
0.102899
0.102851
0.102804
0.102757
0.102711
0.102666
0.102622
0.102577
0.104208
0.104125
0.104046
0.103971
0.1039
0.103833
0.103769
0.103708
0.10365
0.103594
0.10354
0.103488
0.103438
0.10339
0.103343
0.103297
0.103253
0.103209
0.103167
0.103126
0.103086
0.103047
0.103009
0.102972
0.102935
0.1029
0.102865
0.102831
0.102798
0.102764
0.104206
0.104123
0.104044
0.10397
0.103899
0.103832
0.103768
0.103708
0.10365
0.103596
0.103543
0.103493
0.103445
0.1034
0.103356
0.103314
0.103273
0.103234
0.103196
0.10316
0.103125
0.103091
0.103058
0.103026
0.102995
0.102966
0.102937
0.102909
0.102881
0.102854
0.104205
0.104121
0.104042
0.103968
0.103897
0.10383
0.103767
0.103707
0.103649
0.103595
0.103543
0.103494
0.103447
0.103402
0.10336
0.103319
0.10328
0.103242
0.103207
0.103172
0.10314
0.103108
0.103078
0.103049
0.103021
0.102994
0.102968
0.102943
0.102919
0.102894
0.104203
0.10412
0.104041
0.103966
0.103895
0.103829
0.103765
0.103705
0.103648
0.103594
0.103542
0.103493
0.103446
0.103402
0.10336
0.10332
0.103281
0.103245
0.10321
0.103176
0.103144
0.103114
0.103085
0.103057
0.10303
0.103005
0.10298
0.102957
0.102934
0.102911
0.104201
0.104118
0.104039
0.103964
0.103894
0.103827
0.103763
0.103703
0.103646
0.103592
0.10354
0.103491
0.103445
0.103401
0.103359
0.103319
0.103281
0.103244
0.10321
0.103177
0.103145
0.103115
0.103086
0.103059
0.103033
0.103008
0.102984
0.102961
0.102939
0.102917
0.104199
0.104116
0.104037
0.103962
0.103892
0.103825
0.103761
0.103701
0.103644
0.10359
0.103539
0.10349
0.103443
0.103399
0.103357
0.103317
0.103279
0.103243
0.103208
0.103175
0.103144
0.103114
0.103086
0.103058
0.103033
0.103008
0.102984
0.102961
0.102939
0.102918
0.104197
0.104114
0.104035
0.10396
0.10389
0.103823
0.103759
0.103699
0.103642
0.103588
0.103537
0.103488
0.103441
0.103397
0.103355
0.103315
0.103277
0.103241
0.103206
0.103174
0.103142
0.103113
0.103084
0.103057
0.103031
0.103006
0.102983
0.10296
0.102938
0.102917
0.104195
0.104112
0.104033
0.103958
0.103888
0.103821
0.103757
0.103697
0.10364
0.103586
0.103535
0.103486
0.103439
0.103395
0.103353
0.103313
0.103275
0.103239
0.103205
0.103172
0.10314
0.103111
0.103082
0.103055
0.103029
0.103005
0.102981
0.102959
0.102937
0.102915
0.104193
0.10411
0.104031
0.103956
0.103886
0.103819
0.103755
0.103695
0.103638
0.103584
0.103532
0.103484
0.103437
0.103393
0.103351
0.103311
0.103273
0.103237
0.103202
0.10317
0.103138
0.103109
0.10308
0.103053
0.103027
0.103003
0.102979
0.102957
0.102935
0.102913
0.104191
0.104107
0.104029
0.103954
0.103883
0.103817
0.103753
0.103693
0.103636
0.103582
0.10353
0.103481
0.103435
0.103391
0.103349
0.103309
0.103271
0.103235
0.1032
0.103168
0.103136
0.103106
0.103078
0.103051
0.103025
0.103001
0.102977
0.102954
0.102933
0.102911
0.104189
0.104105
0.104026
0.103952
0.103881
0.103814
0.103751
0.103691
0.103634
0.10358
0.103528
0.103479
0.103433
0.103389
0.103347
0.103307
0.103269
0.103233
0.103198
0.103165
0.103134
0.103104
0.103076
0.103049
0.103023
0.102998
0.102975
0.102952
0.10293
0.102909
0.104186
0.104103
0.104024
0.103949
0.103879
0.103812
0.103749
0.103688
0.103631
0.103577
0.103526
0.103477
0.103431
0.103386
0.103344
0.103304
0.103266
0.10323
0.103196
0.103163
0.103132
0.103102
0.103074
0.103047
0.103021
0.102996
0.102973
0.10295
0.102928
0.102907
0.104184
0.104101
0.104022
0.103947
0.103876
0.10381
0.103746
0.103686
0.103629
0.103575
0.103523
0.103475
0.103428
0.103384
0.103342
0.103302
0.103264
0.103228
0.103193
0.103161
0.103129
0.1031
0.103071
0.103044
0.103018
0.102994
0.10297
0.102948
0.102926
0.102904
0.104181
0.104098
0.104019
0.103945
0.103874
0.103807
0.103744
0.103684
0.103627
0.103572
0.103521
0.103472
0.103426
0.103382
0.10334
0.1033
0.103262
0.103225
0.103191
0.103158
0.103127
0.103097
0.103069
0.103042
0.103016
0.102991
0.102968
0.102945
0.102923
0.102902
0.104179
0.104096
0.104017
0.103942
0.103871
0.103805
0.103741
0.103681
0.103624
0.10357
0.103518
0.10347
0.103423
0.103379
0.103337
0.103297
0.103259
0.103223
0.103189
0.103156
0.103124
0.103095
0.103066
0.103039
0.103013
0.102989
0.102965
0.102943
0.102921
0.102899
0.104176
0.104093
0.104014
0.103939
0.103869
0.103802
0.103739
0.103678
0.103621
0.103567
0.103516
0.103467
0.103421
0.103376
0.103334
0.103295
0.103257
0.10322
0.103186
0.103153
0.103122
0.103092
0.103064
0.103037
0.103011
0.102986
0.102963
0.10294
0.102918
0.102897
0.104174
0.10409
0.104011
0.103937
0.103866
0.103799
0.103736
0.103676
0.103619
0.103565
0.103513
0.103464
0.103418
0.103374
0.103332
0.103292
0.103254
0.103218
0.103183
0.10315
0.103119
0.103089
0.103061
0.103034
0.103008
0.102984
0.10296
0.102938
0.102916
0.102894
0.104171
0.104087
0.104009
0.103934
0.103863
0.103796
0.103733
0.103673
0.103616
0.103562
0.10351
0.103462
0.103415
0.103371
0.103329
0.103289
0.103251
0.103215
0.103181
0.103148
0.103116
0.103087
0.103058
0.103031
0.103005
0.102981
0.102957
0.102935
0.102913
0.102891
0.104168
0.104084
0.104006
0.103931
0.10386
0.103794
0.10373
0.10367
0.103613
0.103559
0.103508
0.103459
0.103412
0.103368
0.103326
0.103286
0.103248
0.103212
0.103178
0.103145
0.103114
0.103084
0.103055
0.103028
0.103003
0.102978
0.102954
0.102932
0.10291
0.102889
0.104165
0.104081
0.104003
0.103928
0.103858
0.103791
0.103727
0.103667
0.10361
0.103556
0.103505
0.103456
0.103409
0.103365
0.103323
0.103283
0.103245
0.103209
0.103175
0.103142
0.103111
0.103081
0.103053
0.103025
0.103
0.102975
0.102952
0.102929
0.102907
0.102886
0.104162
0.104078
0.104
0.103925
0.103854
0.103788
0.103724
0.103664
0.103607
0.103553
0.103501
0.103453
0.103406
0.103362
0.10332
0.10328
0.103242
0.103206
0.103172
0.103139
0.103108
0.103078
0.10305
0.103022
0.102997
0.102972
0.102949
0.102926
0.102904
0.102883
0.104159
0.104075
0.103996
0.103922
0.103851
0.103784
0.103721
0.103661
0.103604
0.10355
0.103498
0.10345
0.103403
0.103359
0.103317
0.103277
0.103239
0.103203
0.103169
0.103136
0.103105
0.103075
0.103046
0.103019
0.102994
0.102969
0.102945
0.102923
0.102901
0.102879
0.104155
0.104072
0.103993
0.103919
0.103848
0.103781
0.103718
0.103658
0.103601
0.103546
0.103495
0.103446
0.1034
0.103356
0.103314
0.103274
0.103236
0.1032
0.103165
0.103133
0.103101
0.103072
0.103043
0.103016
0.10299
0.102966
0.102942
0.10292
0.102898
0.102876
0.104152
0.104069
0.10399
0.103915
0.103845
0.103778
0.103714
0.103654
0.103597
0.103543
0.103492
0.103443
0.103396
0.103352
0.10331
0.103271
0.103233
0.103196
0.103162
0.103129
0.103098
0.103068
0.10304
0.103013
0.102987
0.102962
0.102939
0.102916
0.102895
0.102873
0.104148
0.104065
0.103986
0.103912
0.103841
0.103774
0.103711
0.103651
0.103594
0.10354
0.103488
0.103439
0.103393
0.103349
0.103307
0.103267
0.103229
0.103193
0.103159
0.103126
0.103095
0.103065
0.103036
0.103009
0.102984
0.102959
0.102935
0.102913
0.102891
0.102869
0.104145
0.104061
0.103983
0.103908
0.103837
0.103771
0.103707
0.103647
0.10359
0.103536
0.103485
0.103436
0.103389
0.103345
0.103303
0.103263
0.103226
0.103189
0.103155
0.103122
0.103091
0.103061
0.103033
0.103006
0.10298
0.102955
0.102932
0.102909
0.102888
0.102866
0.104141
0.104058
0.103979
0.103904
0.103834
0.103767
0.103704
0.103643
0.103586
0.103532
0.103481
0.103432
0.103386
0.103342
0.1033
0.10326
0.103222
0.103186
0.103151
0.103118
0.103087
0.103058
0.103029
0.103002
0.102976
0.102952
0.102928
0.102906
0.102884
0.102862
0.104137
0.104054
0.103975
0.1039
0.10383
0.103763
0.1037
0.10364
0.103583
0.103529
0.103477
0.103428
0.103382
0.103338
0.103296
0.103256
0.103218
0.103182
0.103147
0.103115
0.103083
0.103054
0.103025
0.102998
0.102973
0.102948
0.102924
0.102902
0.10288
0.102858
0.104133
0.10405
0.103971
0.103897
0.103826
0.103759
0.103696
0.103636
0.103579
0.103525
0.103473
0.103424
0.103378
0.103334
0.103292
0.103252
0.103214
0.103178
0.103144
0.103111
0.10308
0.10305
0.103021
0.102994
0.102969
0.102944
0.102921
0.102898
0.102876
0.102855
0.104129
0.104046
0.103967
0.103892
0.103822
0.103755
0.103692
0.103632
0.103575
0.10352
0.103469
0.10342
0.103374
0.10333
0.103288
0.103248
0.10321
0.103174
0.103139
0.103107
0.103075
0.103046
0.103017
0.10299
0.102965
0.10294
0.102916
0.102894
0.102872
0.102851
0.104125
0.104041
0.103963
0.103888
0.103818
0.103751
0.103687
0.103627
0.10357
0.103516
0.103465
0.103416
0.10337
0.103326
0.103284
0.103244
0.103206
0.10317
0.103135
0.103103
0.103071
0.103042
0.103013
0.102986
0.10296
0.102936
0.102912
0.10289
0.102868
0.102846
0.10412
0.104037
0.103958
0.103884
0.103813
0.103746
0.103683
0.103623
0.103566
0.103512
0.103461
0.103412
0.103365
0.103321
0.103279
0.103239
0.103202
0.103165
0.103131
0.103098
0.103067
0.103037
0.103009
0.102982
0.102956
0.102932
0.102908
0.102885
0.102864
0.102842
0.104116
0.104033
0.103954
0.103879
0.103809
0.103742
0.103679
0.103619
0.103562
0.103507
0.103456
0.103407
0.103361
0.103317
0.103275
0.103235
0.103197
0.103161
0.103127
0.103094
0.103063
0.103033
0.103004
0.102977
0.102952
0.102927
0.102904
0.102881
0.102859
0.102838
0.104111
0.104028
0.103949
0.103875
0.103804
0.103737
0.103674
0.103614
0.103557
0.103503
0.103451
0.103403
0.103356
0.103312
0.10327
0.10323
0.103192
0.103156
0.103122
0.103089
0.103058
0.103028
0.103
0.102973
0.102947
0.102922
0.102899
0.102876
0.102855
0.102833
0.104106
0.104023
0.103944
0.10387
0.103799
0.103732
0.103669
0.103609
0.103552
0.103498
0.103447
0.103398
0.103352
0.103307
0.103266
0.103226
0.103188
0.103152
0.103117
0.103084
0.103053
0.103023
0.102995
0.102968
0.102942
0.102918
0.102894
0.102872
0.10285
0.102828
0.104101
0.104018
0.103939
0.103865
0.103794
0.103727
0.103664
0.103604
0.103547
0.103493
0.103442
0.103393
0.103347
0.103303
0.103261
0.103221
0.103183
0.103147
0.103112
0.10308
0.103048
0.103019
0.10299
0.102963
0.102937
0.102913
0.102889
0.102867
0.102845
0.102823
0.104096
0.104013
0.103934
0.10386
0.103789
0.103722
0.103659
0.103599
0.103542
0.103488
0.103437
0.103388
0.103341
0.103297
0.103256
0.103216
0.103178
0.103142
0.103107
0.103074
0.103043
0.103013
0.102985
0.102958
0.102932
0.102908
0.102884
0.102862
0.10284
0.102818
0.104091
0.104008
0.103929
0.103854
0.103784
0.103717
0.103654
0.103594
0.103537
0.103483
0.103431
0.103383
0.103336
0.103292
0.10325
0.10321
0.103172
0.103136
0.103102
0.103069
0.103038
0.103008
0.10298
0.102953
0.102927
0.102903
0.102879
0.102857
0.102835
0.102813
0.104085
0.104002
0.103923
0.103849
0.103778
0.103712
0.103648
0.103588
0.103531
0.103477
0.103426
0.103377
0.103331
0.103287
0.103245
0.103205
0.103167
0.103131
0.103097
0.103064
0.103033
0.103003
0.102975
0.102948
0.102922
0.102897
0.102874
0.102851
0.102829
0.102808
0.10408
0.103996
0.103918
0.103843
0.103773
0.103706
0.103643
0.103583
0.103526
0.103472
0.10342
0.103372
0.103325
0.103281
0.103239
0.103199
0.103161
0.103125
0.103091
0.103058
0.103027
0.102997
0.102969
0.102942
0.102916
0.102892
0.102868
0.102846
0.102824
0.102802
0.104074
0.103991
0.103912
0.103837
0.103767
0.1037
0.103637
0.103577
0.10352
0.103466
0.103415
0.103366
0.103319
0.103275
0.103233
0.103194
0.103156
0.10312
0.103085
0.103052
0.103021
0.102992
0.102963
0.102936
0.10291
0.102886
0.102862
0.10284
0.102818
0.102797
0.104068
0.103985
0.103906
0.103831
0.103761
0.103694
0.103631
0.103571
0.103514
0.10346
0.103409
0.10336
0.103313
0.103269
0.103228
0.103188
0.10315
0.103114
0.103079
0.103047
0.103015
0.102986
0.102957
0.10293
0.102905
0.10288
0.102857
0.102834
0.102812
0.102791
0.104061
0.103978
0.1039
0.103825
0.103755
0.103688
0.103625
0.103565
0.103508
0.103454
0.103402
0.103354
0.103307
0.103263
0.103221
0.103182
0.103144
0.103108
0.103073
0.10304
0.103009
0.10298
0.102951
0.102924
0.102898
0.102874
0.10285
0.102828
0.102806
0.102785
0.104055
0.103972
0.103893
0.103819
0.103748
0.103682
0.103618
0.103558
0.103501
0.103447
0.103396
0.103347
0.103301
0.103257
0.103215
0.103175
0.103137
0.103101
0.103067
0.103034
0.103003
0.102973
0.102945
0.102918
0.102892
0.102867
0.102844
0.102821
0.1028
0.102778
0.00278072
0.00282912
0.00293201
0.00314633
0.00355972
0.00425853
0.00537064
0.00683625
0.00846354
0.0101908
0.0119698
0.0137911
0.0156711
0.01767
0.0198736
0.0223676
0.0252192
0.0284906
0.0322727
0.0366919
0.0413587
0.0456998
0.0495611
0.0528628
0.0556092
0.0578652
0.0597349
0.0613366
0.062796
0.0642526
0.0658724
0.0678688
0.0705189
0.0741019
0.0785755
0.0826192
0.0829657
0.0753343
0.0563658
0.0215347
0.00750018
0.00746856
0.00745893
0.00746178
0.00746569
0.00745588
0.00740603
0.00734899
0.00738941
0.00766094
0.00830547
0.0094474
0.010971
0.0128594
0.015082
0.0176073
0.0204411
0.0236445
0.0273309
0.0316476
0.0362367
0.0405536
0.0444587
0.0478726
0.0507895
0.0532442
0.0553222
0.0571274
0.0587758
0.0603941
0.062124
0.0641358
0.0666532
0.069971
0.0741436
0.0783425
0.0801464
0.0759799
0.0630285
0.0408008
0.0184058
0.0182423
0.0180758
0.0179043
0.0177242
0.0175256
0.0172757
0.0169315
0.0164557
0.0158342
0.0151023
0.0143588
0.0138275
0.0137072
0.0141676
0.0152558
0.0170215
0.0194797
0.0226375
0.0265447
0.0308158
0.0349242
0.0387408
0.0421741
0.0451841
0.0477926
0.0500554
0.0520484
0.0538738
0.0556408
0.0574571
0.059471
0.0618762
0.0648835
0.0685886
0.0725564
0.0752827
0.074311
0.0676944
0.0558895
0.0314138
0.0311559
0.0308787
0.0305812
0.0302624
0.0299217
0.0295512
0.0291323
0.0286342
0.0280121
0.0272114
0.0261784
0.0249211
0.0235118
0.0220879
0.0209153
0.0202695
0.0203818
0.0214465
0.0236362
0.0266775
0.0299959
0.0333236
0.0364823
0.0393716
0.0419637
0.0442781
0.046369
0.048303
0.0501614
0.052044
0.0540575
0.0563333
0.0590123
0.0621754
0.0656241
0.0685631
0.0695892
0.0675121
0.0625723
0.0446061
0.0442625
0.0438915
0.0434918
0.0430627
0.042604
0.0421145
0.0415892
0.0410168
0.0403756
0.0396293
0.0387259
0.0376072
0.03622
0.0345287
0.0325743
0.0304976
0.0285375
0.027013
0.0263299
0.0267909
0.0281706
0.0301198
0.0323408
0.0346187
0.0368278
0.0389148
0.0408784
0.0427466
0.0445668
0.0464025
0.0483236
0.0504082
0.0527343
0.0553459
0.0581544
0.0607898
0.0625716
0.062863
0.0616196
0.0570467
0.056639
0.0561985
0.0557235
0.0552128
0.0546655
0.0540812
0.0534588
0.0527949
0.0520815
0.0513033
0.0504334
0.0494319
0.0482444
0.0468029
0.0450429
0.0429264
0.040468
0.0377623
0.0350527
0.0329704
0.0318851
0.0316864
0.0321698
0.0331103
0.0343203
0.0356704
0.0370872
0.0385397
0.0400266
0.0415662
0.0431868
0.0449213
0.0467987
0.0488286
0.0509623
0.0530367
0.0547601
0.0558379
0.0561713
0.0681596
0.0677198
0.0672437
0.0667292
0.0661745
0.0655783
0.0649395
0.0642571
0.0635301
0.0627556
0.0619277
0.0610354
0.0600592
0.0589669
0.0577109
0.0562277
0.0544407
0.0522677
0.0496309
0.0465018
0.0433369
0.0406955
0.0387135
0.0374127
0.036716
0.0364997
0.0366405
0.0370392
0.0376271
0.0383631
0.0392266
0.0402101
0.0413121
0.0425302
0.0438523
0.0452435
0.0466285
0.0478891
0.0489034
0.0496078
0.0776006
0.0771649
0.0766914
0.0761777
0.0756216
0.075021
0.074374
0.0736792
0.0729353
0.0721406
0.0712928
0.0703872
0.0694154
0.0683618
0.0672002
0.0658897
0.0643704
0.062559
0.0603426
0.0575877
0.0545309
0.0516026
0.0489571
0.0467103
0.0449078
0.0435322
0.0425288
0.0418322
0.0413831
0.0411354
0.0410572
0.0411281
0.0413348
0.0416664
0.0421087
0.0426393
0.0432224
0.0438096
0.044351
0.0448136
0.0852315
0.0848316
0.0843949
0.0839186
0.0834
0.0828364
0.0822253
0.0815645
0.0808517
0.0800852
0.0792629
0.0783821
0.0774389
0.0764259
0.07533
0.0741285
0.0727843
0.0712384
0.0693993
0.0671375
0.0645819
0.0620147
0.0595228
0.0571966
0.0551005
0.0532616
0.0516734
0.0503097
0.049137
0.048124
0.0472463
0.0464885
0.0458427
0.0453065
0.044879
0.0445573
0.0443328
0.0441904
0.044111
0.0440765
0.0910943
0.0907523
0.0903765
0.0899639
0.0895116
0.0890165
0.0884755
0.0878855
0.0872437
0.0865473
0.0857937
0.0849801
0.0841036
0.0831599
0.082142
0.0810377
0.0798258
0.0784697
0.0769077
0.0750454
0.0729774
0.0708941
0.0688294
0.0668289
0.0649335
0.0631678
0.0615372
0.0600324
0.0586358
0.0573282
0.0560932
0.0549209
0.0538086
0.0527611
0.0517881
0.0509017
0.0501117
0.049423
0.0488346
0.0483384
0.09537
0.0950958
0.0947924
0.0944569
0.0940863
0.0936772
0.0932263
0.09273
0.0921847
0.0915871
0.0909335
0.0902205
0.0894448
0.0886024
0.0876884
0.0866954
0.0856108
0.0844128
0.0830626
0.0814993
0.0798107
0.0781388
0.0764905
0.0748822
0.0733316
0.0718505
0.0704417
0.0690999
0.0678145
0.0665731
0.0653651
0.0641834
0.0630267
0.0618998
0.060813
0.0597802
0.0588154
0.0579304
0.0571316
0.0564178
0.0983252
0.0981178
0.0978867
0.0976292
0.0973423
0.0970228
0.0966674
0.0962722
0.0958335
0.0953472
0.0948093
0.0942154
0.0935615
0.092843
0.0920552
0.0911922
0.0902451
0.0892001
0.0880329
0.086706
0.0853057
0.083948
0.0826302
0.0813543
0.0801245
0.0789432
0.0778094
0.076718
0.0756619
0.0746332
0.0736251
0.0726333
0.0716569
0.0706988
0.0697657
0.0688667
0.0680119
0.0672104
0.0664682
0.0657852
0.100258
0.100109
0.099941
0.0997529
0.0995416
0.0993042
0.0990375
0.098738
0.0984019
0.098025
0.097603
0.0971312
0.0966047
0.0960187
0.0953677
0.0946457
0.0938453
0.0929562
0.0919621
0.0908396
0.0896708
0.0885554
0.0874893
0.0864693
0.0854939
0.0845612
0.0836678
0.082809
0.0819796
0.0811745
0.0803897
0.0796226
0.0788728
0.0781416
0.0774323
0.0767497
0.0760988
0.0754841
0.0749089
0.0743719
0.101452
0.101348
0.101231
0.101099
0.100949
0.100779
0.100587
0.100369
0.100122
0.0998412
0.0995235
0.0991638
0.0987571
0.0982981
0.097781
0.0971994
0.0965462
0.0958124
0.0949855
0.0940498
0.0930795
0.092161
0.091292
0.0904688
0.0896885
0.0889479
0.0882432
0.0875706
0.0869262
0.0863066
0.0857092
0.0851326
0.0845762
0.0840404
0.0835263
0.0830358
0.0825706
0.0821322
0.0817215
0.0813363
0.102149
0.102077
0.101997
0.101905
0.101801
0.101682
0.101547
0.101392
0.101215
0.101012
0.10078
0.100514
0.10021
0.0998624
0.0994652
0.0990123
0.0984963
0.0979087
0.0972391
0.0964755
0.0956814
0.0949305
0.0942232
0.0935568
0.092929
0.0923371
0.0917778
0.0912484
0.0907459
0.0902682
0.0898135
0.0893805
0.0889687
0.0885778
0.0882077
0.0878585
0.0875304
0.0872233
0.0869367
0.0866682
0.102532
0.102482
0.102425
0.102361
0.102288
0.102204
0.102109
0.101999
0.101873
0.101728
0.101561
0.101368
0.101144
0.100887
0.100589
0.100245
0.0998474
0.0993891
0.0988601
0.0982508
0.0976127
0.0970072
0.0964366
0.0958998
0.0953954
0.0949217
0.0944765
0.094058
0.0936641
0.0932934
0.0929445
0.0926165
0.0923086
0.09202
0.0917501
0.0914982
0.0912639
0.0910463
0.0908444
0.0906559
0.10273
0.102693
0.102651
0.102604
0.102551
0.10249
0.10242
0.10234
0.102248
0.102143
0.102021
0.101879
0.101716
0.101525
0.101303
0.101045
0.100744
0.100392
0.0999819
0.0995046
0.0990006
0.0985198
0.0980653
0.0976371
0.0972348
0.0968576
0.0965042
0.0961735
0.0958643
0.0955755
0.0953062
0.0950554
0.0948223
0.0946061
0.0944058
0.0942206
0.0940497
0.093892
0.0937465
0.0936112
0.102826
0.102797
0.102763
0.102726
0.102684
0.102636
0.102582
0.102521
0.10245
0.10237
0.102277
0.102171
0.102047
0.101903
0.101736
0.10154
0.101311
0.101043
0.100727
0.100357
0.0999631
0.0995857
0.0992279
0.09889
0.0985722
0.0982742
0.0979956
0.0977356
0.0974935
0.0972687
0.0970604
0.0968677
0.0966899
0.096526
0.0963753
0.0962368
0.0961097
0.0959931
0.0958858
0.0957862
0.10287
0.102844
0.102815
0.102783
0.102747
0.102707
0.102662
0.10261
0.102553
0.102487
0.102412
0.102327
0.102229
0.102116
0.101985
0.101832
0.101654
0.101446
0.1012
0.100912
0.100605
0.10031
0.10003
0.099765
0.0995158
0.0992821
0.0990638
0.0988606
0.0986721
0.0984976
0.0983367
0.0981885
0.0980523
0.0979275
0.0978131
0.0977084
0.0976126
0.097525
0.0974445
0.0973698
0.102888
0.102864
0.102838
0.102808
0.102775
0.102739
0.102698
0.102652
0.102601
0.102544
0.102479
0.102406
0.102323
0.102229
0.10212
0.101996
0.101852
0.101684
0.101488
0.101259
0.101016
0.100783
0.100563
0.100355
0.100159
0.0999762
0.0998057
0.0996473
0.0995007
0.0993656
0.0992413
0.0991273
0.0990229
0.0989273
0.0988401
0.0987603
0.0986876
0.098621
0.09856
0.0985032
0.102894
0.102871
0.102846
0.102817
0.102786
0.102751
0.102713
0.10267
0.102622
0.102569
0.10251
0.102444
0.102369
0.102285
0.10219
0.102082
0.101959
0.101817
0.101654
0.101466
0.101268
0.10108
0.100903
0.100737
0.100582
0.100437
0.100303
0.100179
0.100065
0.0999594
0.099863
0.0997748
0.0996942
0.0996207
0.0995536
0.0994925
0.0994367
0.0993858
0.0993389
0.0992953
0.102896
0.102873
0.102848
0.10282
0.102789
0.102755
0.102718
0.102676
0.10263
0.102579
0.102523
0.10246
0.102389
0.102311
0.102224
0.102125
0.102014
0.101888
0.101745
0.101583
0.101415
0.101258
0.101111
0.100975
0.100849
0.100732
0.100624
0.100525
0.100434
0.100351
0.100275
0.100206
0.100143
0.100086
0.100033
0.0999858
0.0999424
0.0999028
0.0998664
0.0998323
0.102895
0.102872
0.102847
0.10282
0.102789
0.102756
0.102719
0.102678
0.102632
0.102582
0.102527
0.102466
0.102398
0.102322
0.102238
0.102145
0.102041
0.101924
0.101793
0.101646
0.101497
0.101359
0.101233
0.101116
0.10101
0.100912
0.100823
0.100741
0.100667
0.100599
0.100538
0.100482
0.100432
0.100386
0.100344
0.100306
0.100271
0.10024
0.100211
0.100184
0.102893
0.102871
0.102846
0.102818
0.102788
0.102755
0.102718
0.102677
0.102632
0.102582
0.102527
0.102467
0.1024
0.102326
0.102244
0.102153
0.102052
0.10194
0.101816
0.101678
0.10154
0.101414
0.1013
0.101196
0.101102
0.101017
0.10094
0.10087
0.100807
0.10075
0.100698
0.100651
0.100609
0.100571
0.100536
0.100505
0.100476
0.10045
0.100426
0.100404
0.102891
0.102869
0.102844
0.102817
0.102786
0.102753
0.102716
0.102675
0.102631
0.102581
0.102526
0.102466
0.102399
0.102326
0.102245
0.102155
0.102056
0.101947
0.101826
0.101693
0.101562
0.101442
0.101335
0.101239
0.101153
0.101075
0.101006
0.100943
0.100887
0.100836
0.100791
0.10075
0.100713
0.100679
0.100649
0.100622
0.100598
0.100575
0.100554
0.100535
0.102889
0.102867
0.102842
0.102815
0.102784
0.102751
0.102714
0.102673
0.102629
0.102579
0.102525
0.102464
0.102398
0.102325
0.102244
0.102155
0.102057
0.101948
0.101829
0.101699
0.101571
0.101455
0.101352
0.101261
0.101179
0.101106
0.10104
0.100982
0.10093
0.100883
0.100841
0.100804
0.10077
0.100739
0.100712
0.100687
0.100665
0.100645
0.100626
0.100609
0.102887
0.102865
0.10284
0.102812
0.102782
0.102749
0.102712
0.102671
0.102627
0.102577
0.102522
0.102462
0.102396
0.102323
0.102242
0.102153
0.102056
0.101948
0.101829
0.101701
0.101574
0.10146
0.101359
0.10127
0.101191
0.10112
0.101057
0.101001
0.100951
0.100906
0.100866
0.100831
0.100799
0.10077
0.100744
0.100721
0.1007
0.100681
0.100663
0.100647
0.102885
0.102862
0.102838
0.10281
0.10278
0.102747
0.10271
0.102669
0.102624
0.102575
0.10252
0.10246
0.102394
0.102321
0.10224
0.102151
0.102054
0.101946
0.101828
0.1017
0.101574
0.101461
0.101362
0.101273
0.101195
0.101126
0.101064
0.101009
0.10096
0.100916
0.100877
0.100843
0.100811
0.100783
0.100758
0.100736
0.100715
0.100697
0.10068
0.100664
0.102882
0.10286
0.102835
0.102808
0.102778
0.102744
0.102707
0.102667
0.102622
0.102573
0.102518
0.102458
0.102392
0.102318
0.102238
0.102149
0.102052
0.101944
0.101826
0.101698
0.101573
0.10146
0.101361
0.101273
0.101196
0.101127
0.101065
0.101011
0.100962
0.100919
0.100881
0.100846
0.100815
0.100788
0.100763
0.10074
0.10072
0.100702
0.100685
0.100669
0.10288
0.102858
0.102833
0.102805
0.102775
0.102742
0.102705
0.102664
0.10262
0.10257
0.102516
0.102455
0.102389
0.102316
0.102236
0.102147
0.102049
0.101942
0.101824
0.101696
0.101571
0.101459
0.101359
0.101272
0.101194
0.101125
0.101064
0.10101
0.100962
0.100918
0.10088
0.100845
0.100815
0.100787
0.100762
0.10074
0.10072
0.100701
0.100685
0.100669
0.102878
0.102855
0.10283
0.102803
0.102773
0.102739
0.102703
0.102662
0.102617
0.102568
0.102513
0.102453
0.102387
0.102314
0.102233
0.102145
0.102047
0.10194
0.101822
0.101694
0.101569
0.101456
0.101357
0.10127
0.101192
0.101123
0.101062
0.101008
0.100959
0.100916
0.100877
0.100843
0.100812
0.100784
0.100759
0.100737
0.100717
0.100698
0.100682
0.100666
0.102875
0.102853
0.102828
0.1028
0.10277
0.102737
0.1027
0.102659
0.102615
0.102565
0.102511
0.10245
0.102384
0.102311
0.102231
0.102142
0.102044
0.101937
0.101819
0.101692
0.101566
0.101454
0.101355
0.101267
0.10119
0.101121
0.101059
0.101005
0.100956
0.100913
0.100874
0.100839
0.100808
0.10078
0.100755
0.100733
0.100712
0.100694
0.100677
0.100661
0.102872
0.10285
0.102825
0.102798
0.102767
0.102734
0.102697
0.102657
0.102612
0.102562
0.102508
0.102448
0.102382
0.102309
0.102228
0.102139
0.102042
0.101935
0.101817
0.101689
0.101563
0.101451
0.101352
0.101264
0.101187
0.101118
0.101056
0.101002
0.100953
0.100909
0.10087
0.100836
0.100804
0.100776
0.100751
0.100728
0.100708
0.100689
0.100672
0.100656
0.10287
0.102847
0.102822
0.102795
0.102765
0.102731
0.102695
0.102654
0.102609
0.10256
0.102505
0.102445
0.102379
0.102306
0.102225
0.102137
0.102039
0.101932
0.101814
0.101686
0.101561
0.101449
0.101349
0.101262
0.101184
0.101115
0.101053
0.100998
0.100949
0.100906
0.100867
0.100832
0.1008
0.100772
0.100747
0.100724
0.100703
0.100685
0.100668
0.100651
0.102867
0.102844
0.102819
0.102792
0.102762
0.102729
0.102692
0.102651
0.102606
0.102557
0.102502
0.102442
0.102376
0.102303
0.102223
0.102134
0.102036
0.101929
0.101811
0.101684
0.101558
0.101446
0.101346
0.101259
0.101181
0.101111
0.10105
0.100995
0.100946
0.100902
0.100863
0.100828
0.100796
0.100768
0.100742
0.10072
0.100699
0.10068
0.100663
0.100647
0.102864
0.102841
0.102817
0.102789
0.102759
0.102726
0.102689
0.102648
0.102603
0.102554
0.1025
0.102439
0.102373
0.1023
0.10222
0.102131
0.102034
0.101926
0.101808
0.101681
0.101555
0.101443
0.101344
0.101256
0.101178
0.101108
0.101047
0.100992
0.100942
0.100898
0.100859
0.100824
0.100792
0.100764
0.100738
0.100715
0.100695
0.100676
0.100658
0.100642
0.102861
0.102838
0.102814
0.102786
0.102756
0.102723
0.102686
0.102645
0.1026
0.102551
0.102497
0.102437
0.10237
0.102297
0.102217
0.102128
0.102031
0.101923
0.101805
0.101678
0.101552
0.10144
0.10134
0.101252
0.101174
0.101105
0.101043
0.100988
0.100939
0.100895
0.100855
0.10082
0.100788
0.10076
0.100734
0.100711
0.10069
0.100671
0.100654
0.100638
0.102858
0.102835
0.10281
0.102783
0.102753
0.10272
0.102683
0.102642
0.102597
0.102548
0.102494
0.102433
0.102367
0.102294
0.102214
0.102125
0.102028
0.10192
0.101802
0.101675
0.101549
0.101437
0.101337
0.101249
0.101171
0.101102
0.10104
0.100984
0.100935
0.100891
0.100851
0.100816
0.100784
0.100756
0.10073
0.100707
0.100686
0.100667
0.10065
0.100633
0.102854
0.102832
0.102807
0.10278
0.10275
0.102716
0.10268
0.102639
0.102594
0.102545
0.10249
0.10243
0.102364
0.102291
0.102211
0.102122
0.102024
0.101917
0.101799
0.101672
0.101546
0.101433
0.101334
0.101246
0.101168
0.101098
0.101036
0.100981
0.100931
0.100887
0.100848
0.100812
0.10078
0.100752
0.100726
0.100703
0.100682
0.100663
0.100645
0.100629
0.102851
0.102829
0.102804
0.102777
0.102746
0.102713
0.102676
0.102636
0.102591
0.102542
0.102487
0.102427
0.102361
0.102288
0.102207
0.102119
0.102021
0.101914
0.101796
0.101668
0.101543
0.10143
0.101331
0.101243
0.101164
0.101095
0.101033
0.100977
0.100928
0.100883
0.100844
0.100808
0.100776
0.100747
0.100722
0.100698
0.100677
0.100658
0.100641
0.100624
0.102848
0.102825
0.1028
0.102773
0.102743
0.10271
0.102673
0.102632
0.102587
0.102538
0.102484
0.102424
0.102357
0.102284
0.102204
0.102115
0.102018
0.10191
0.101793
0.101665
0.101539
0.101427
0.101327
0.101239
0.101161
0.101091
0.101029
0.100973
0.100924
0.10088
0.10084
0.100804
0.100772
0.100743
0.100717
0.100694
0.100673
0.100654
0.100637
0.10062
0.102844
0.102822
0.102797
0.10277
0.102739
0.102706
0.102669
0.102629
0.102584
0.102535
0.10248
0.10242
0.102354
0.102281
0.1022
0.102112
0.102014
0.101907
0.101789
0.101661
0.101536
0.101423
0.101324
0.101235
0.101157
0.101087
0.101025
0.10097
0.10092
0.100876
0.100836
0.1008
0.100768
0.100739
0.100713
0.10069
0.100669
0.10065
0.100632
0.100616
0.102841
0.102818
0.102793
0.102766
0.102736
0.102702
0.102666
0.102625
0.10258
0.102531
0.102476
0.102416
0.10235
0.102277
0.102197
0.102108
0.102011
0.101903
0.101786
0.101658
0.101532
0.10142
0.10132
0.101232
0.101153
0.101083
0.101021
0.100966
0.100916
0.100872
0.100832
0.100796
0.100764
0.100735
0.100709
0.100686
0.100665
0.100646
0.100628
0.100611
0.102837
0.102814
0.10279
0.102762
0.102732
0.102699
0.102662
0.102621
0.102577
0.102527
0.102473
0.102413
0.102346
0.102273
0.102193
0.102104
0.102007
0.1019
0.101782
0.101654
0.101528
0.101416
0.101316
0.101228
0.101149
0.10108
0.101017
0.100962
0.100912
0.100867
0.100828
0.100792
0.10076
0.100731
0.100705
0.100681
0.10066
0.100641
0.100623
0.100607
0.102833
0.10281
0.102786
0.102758
0.102728
0.102695
0.102658
0.102617
0.102573
0.102523
0.102469
0.102409
0.102343
0.10227
0.102189
0.102101
0.102003
0.101896
0.101778
0.10165
0.101524
0.101412
0.101312
0.101224
0.101145
0.101075
0.101013
0.100958
0.100908
0.100863
0.100823
0.100787
0.100755
0.100726
0.1007
0.100677
0.100656
0.100637
0.100619
0.100602
0.102829
0.102806
0.102782
0.102754
0.102724
0.102691
0.102654
0.102613
0.102569
0.102519
0.102465
0.102405
0.102339
0.102266
0.102185
0.102097
0.101999
0.101892
0.101774
0.101646
0.10152
0.101408
0.101308
0.10122
0.101141
0.101071
0.101009
0.100953
0.100903
0.100859
0.100819
0.100783
0.100751
0.100722
0.100696
0.100672
0.100651
0.100632
0.100614
0.100598
0.102825
0.102802
0.102777
0.10275
0.10272
0.102687
0.10265
0.102609
0.102565
0.102515
0.102461
0.102401
0.102334
0.102261
0.102181
0.102093
0.101995
0.101888
0.10177
0.101642
0.101516
0.101404
0.101304
0.101216
0.101137
0.101067
0.101005
0.100949
0.100899
0.100854
0.100814
0.100779
0.100746
0.100717
0.100691
0.100668
0.100647
0.100627
0.10061
0.100593
0.10282
0.102798
0.102773
0.102746
0.102716
0.102682
0.102646
0.102605
0.10256
0.102511
0.102456
0.102396
0.10233
0.102257
0.102177
0.102088
0.101991
0.101883
0.101766
0.101638
0.101512
0.101399
0.1013
0.101211
0.101133
0.101063
0.101
0.100944
0.100895
0.10085
0.10081
0.100774
0.100742
0.100713
0.100687
0.100663
0.100642
0.100623
0.100605
0.100588
0.102816
0.102793
0.102769
0.102741
0.102711
0.102678
0.102641
0.102601
0.102556
0.102506
0.102452
0.102392
0.102326
0.102253
0.102172
0.102084
0.101986
0.101879
0.101761
0.101633
0.101508
0.101395
0.101295
0.101207
0.101128
0.101058
0.100996
0.10094
0.10089
0.100845
0.100805
0.100769
0.100737
0.100708
0.100682
0.100658
0.100637
0.100618
0.1006
0.100583
0.102811
0.102789
0.102764
0.102737
0.102707
0.102673
0.102637
0.102596
0.102551
0.102502
0.102447
0.102387
0.102321
0.102248
0.102168
0.102079
0.101982
0.101875
0.101757
0.101629
0.101503
0.10139
0.101291
0.101202
0.101123
0.101053
0.100991
0.100935
0.100885
0.100841
0.1008
0.100764
0.100732
0.100703
0.100677
0.100653
0.100632
0.100613
0.100595
0.100578
0.102807
0.102784
0.102759
0.102732
0.102702
0.102669
0.102632
0.102591
0.102547
0.102497
0.102443
0.102383
0.102317
0.102244
0.102163
0.102075
0.101977
0.10187
0.101752
0.101624
0.101498
0.101386
0.101286
0.101197
0.101119
0.101049
0.100986
0.10093
0.10088
0.100836
0.100796
0.10076
0.100727
0.100698
0.100672
0.100648
0.100627
0.100608
0.10059
0.100573
0.102802
0.102779
0.102755
0.102727
0.102697
0.102664
0.102627
0.102586
0.102542
0.102492
0.102438
0.102378
0.102312
0.102239
0.102158
0.10207
0.101972
0.101865
0.101747
0.101619
0.101493
0.101381
0.101281
0.101192
0.101114
0.101044
0.100981
0.100925
0.100875
0.100831
0.10079
0.100754
0.100722
0.100693
0.100667
0.100643
0.100622
0.100603
0.100585
0.100568
0.102797
0.102774
0.102749
0.102722
0.102692
0.102659
0.102622
0.102581
0.102537
0.102487
0.102433
0.102373
0.102307
0.102234
0.102153
0.102065
0.101967
0.10186
0.101742
0.101614
0.101488
0.101376
0.101276
0.101187
0.101109
0.101039
0.100976
0.10092
0.10087
0.100825
0.100785
0.100749
0.100717
0.100688
0.100662
0.100638
0.100617
0.100598
0.10058
0.100563
0.102791
0.102769
0.102744
0.102717
0.102687
0.102653
0.102617
0.102576
0.102531
0.102482
0.102428
0.102368
0.102302
0.102229
0.102148
0.10206
0.101962
0.101855
0.101737
0.101609
0.101483
0.101371
0.101271
0.101182
0.101103
0.101033
0.100971
0.100915
0.100865
0.10082
0.10078
0.100744
0.100712
0.100682
0.100656
0.100633
0.100611
0.100592
0.100574
0.100558
0.102786
0.102764
0.102739
0.102712
0.102681
0.102648
0.102611
0.102571
0.102526
0.102477
0.102422
0.102362
0.102296
0.102223
0.102143
0.102054
0.101957
0.10185
0.101732
0.101604
0.101478
0.101365
0.101265
0.101177
0.101098
0.101028
0.100965
0.10091
0.10086
0.100815
0.100775
0.100739
0.100706
0.100677
0.100651
0.100627
0.100606
0.100587
0.100569
0.100552
0.102781
0.102758
0.102733
0.102706
0.102676
0.102643
0.102606
0.102565
0.102521
0.102471
0.102417
0.102357
0.102291
0.102218
0.102137
0.102049
0.101951
0.101844
0.101726
0.101598
0.101473
0.10136
0.10126
0.101171
0.101093
0.101023
0.10096
0.100904
0.100854
0.100809
0.100769
0.100733
0.100701
0.100671
0.100645
0.100622
0.1006
0.100581
0.100563
0.100546
0.102775
0.102752
0.102728
0.1027
0.10267
0.102637
0.1026
0.10256
0.102515
0.102466
0.102411
0.102351
0.102285
0.102212
0.102132
0.102043
0.101946
0.101838
0.101721
0.101593
0.101467
0.101354
0.101254
0.101166
0.101087
0.101017
0.100954
0.100898
0.100848
0.100803
0.100763
0.100727
0.100695
0.100666
0.100639
0.100616
0.100594
0.100575
0.100557
0.100541
0.102769
0.102747
0.102722
0.102694
0.102664
0.102631
0.102594
0.102554
0.102509
0.10246
0.102405
0.102345
0.102279
0.102206
0.102126
0.102037
0.10194
0.101833
0.101715
0.101587
0.101461
0.101348
0.101248
0.10116
0.101081
0.101011
0.100948
0.100892
0.100842
0.100798
0.100757
0.100721
0.100689
0.10066
0.100633
0.10061
0.100589
0.100569
0.100551
0.100535
0.102763
0.10274
0.102716
0.102688
0.102658
0.102625
0.102588
0.102548
0.102503
0.102454
0.102399
0.102339
0.102273
0.1022
0.10212
0.102031
0.101934
0.101827
0.101709
0.101581
0.101455
0.101342
0.101242
0.101154
0.101075
0.101005
0.100942
0.100886
0.100836
0.100791
0.100751
0.100715
0.100683
0.100654
0.100627
0.100604
0.100582
0.100563
0.100545
0.100528
0.102756
0.102734
0.102709
0.102682
0.102652
0.102618
0.102582
0.102541
0.102497
0.102447
0.102393
0.102333
0.102267
0.102194
0.102113
0.102025
0.101927
0.10182
0.101702
0.101574
0.101449
0.101336
0.101236
0.101147
0.101069
0.100998
0.100936
0.10088
0.10083
0.100785
0.100745
0.100709
0.100676
0.100647
0.100621
0.100597
0.100576
0.100557
0.100539
0.100522
0.00731343
0.00659283
0.00596308
0.00543875
0.00501422
0.00467661
0.00441622
0.0042164
0.00405948
0.00393267
0.00382698
0.00373619
0.00365606
0.00358372
0.00351717
0.00345502
0.00339631
0.00334041
0.00328686
0.00323536
0.00318569
0.00313772
0.00309132
0.00304639
0.00300287
0.00296068
0.00291976
0.00288002
0.00284147
0.00280366
0.0273653
0.0232938
0.021414
0.0204919
0.020051
0.0198622
0.0197523
0.019657
0.0195849
0.0195208
0.0194499
0.0193628
0.0192546
0.0191226
0.0189666
0.0187876
0.0185877
0.0183697
0.0181362
0.0178899
0.0176332
0.0173681
0.0170964
0.0168195
0.0165387
0.0162551
0.0159697
0.0156822
0.0153974
0.0151048
0.046639
0.041134
0.0375985
0.0352581
0.0336678
0.0325595
0.0317676
0.0311869
0.0307184
0.0303329
0.0300182
0.0297508
0.0295134
0.0292925
0.029079
0.0288659
0.0286483
0.0284236
0.0281899
0.0279464
0.027693
0.0274295
0.0271563
0.0268739
0.0265832
0.0262848
0.0259796
0.0256671
0.0253538
0.0250348
0.0573728
0.0530048
0.0495317
0.0468266
0.0447197
0.0430602
0.041735
0.0406624
0.0397792
0.0390323
0.0383791
0.0378124
0.0373185
0.0368823
0.0364909
0.0361338
0.0358022
0.0354891
0.0351882
0.0348959
0.0346086
0.0343238
0.0340392
0.0337537
0.0334664
0.0331763
0.0328836
0.0325867
0.0322925
0.0320024
0.0595568
0.0572493
0.0549985
0.0529431
0.0511278
0.0495468
0.0481762
0.0469878
0.0459541
0.0450497
0.0442515
0.0435323
0.0428804
0.0422931
0.0417624
0.0412803
0.0408395
0.0404335
0.0400564
0.0397032
0.0393694
0.0390511
0.0387451
0.0384494
0.0381611
0.0378785
0.0376007
0.0373255
0.0370594
0.0368079
0.0559292
0.0553002
0.054437
0.0534575
0.0524442
0.0514468
0.0504925
0.0495946
0.0487582
0.0479836
0.0472683
0.0466074
0.0459954
0.0454212
0.0448846
0.0443859
0.0439235
0.0434946
0.0430961
0.0427253
0.042379
0.0420544
0.0417488
0.0414598
0.0411852
0.0409229
0.0406716
0.0404293
0.0402017
0.0399969
0.0500508
0.0502718
0.0503014
0.0501769
0.0499373
0.0496165
0.0492416
0.0488332
0.0484065
0.0479727
0.0475401
0.0471142
0.046699
0.0462964
0.0459069
0.0455284
0.0451634
0.0448139
0.0444821
0.0441687
0.0438734
0.0435961
0.0433358
0.0430918
0.042863
0.0426483
0.042447
0.0422576
0.0420856
0.0419376
0.0452118
0.0455507
0.0458241
0.0460292
0.046169
0.046249
0.0462761
0.0462574
0.0461996
0.046109
0.0459914
0.045852
0.0456958
0.045527
0.0453491
0.0451651
0.0449772
0.0447853
0.0445922
0.0444007
0.044214
0.0440346
0.0438639
0.0437028
0.0435523
0.0434125
0.0432841
0.0431666
0.0430649
0.0429836
0.0440671
0.0440793
0.0441105
0.0441559
0.0442103
0.0442688
0.0443269
0.0443807
0.0444271
0.0444636
0.0444886
0.0445011
0.0445006
0.0444876
0.0444628
0.0444272
0.0443823
0.0443292
0.0442693
0.0442025
0.0441299
0.0440541
0.0439781
0.0439043
0.0438351
0.0437718
0.043716
0.0436681
0.0436322
0.0436102
0.0478842
0.0474594
0.0470717
0.0467257
0.0464232
0.0461637
0.0459446
0.045762
0.0456112
0.0454874
0.0453855
0.045301
0.0452298
0.0451681
0.0451132
0.0450626
0.0450147
0.0449683
0.0449227
0.0448772
0.0448316
0.0447861
0.0447391
0.044692
0.0446467
0.0446053
0.0445703
0.0445428
0.0445256
0.0445187
0.0557262
0.0550363
0.0543579
0.0537013
0.0530751
0.0524854
0.0519361
0.051429
0.0509641
0.0505399
0.0501539
0.0498031
0.0494842
0.0491935
0.0489279
0.0486841
0.0484593
0.0482512
0.0480576
0.0478769
0.0477077
0.0475489
0.0473996
0.047259
0.0471271
0.0470042
0.0468895
0.0467844
0.0466912
0.0466116
0.0651036
0.0643995
0.0636787
0.0629493
0.0622195
0.0614972
0.060789
0.0601004
0.0594352
0.0587962
0.0581847
0.0576011
0.0570449
0.0565153
0.0560107
0.0555299
0.055071
0.0546325
0.054213
0.0538113
0.0534263
0.053057
0.0527029
0.0523633
0.0520379
0.0517267
0.0514295
0.0511464
0.0508782
0.0506319
0.0738281
0.0732556
0.0726554
0.0720313
0.0713877
0.0707295
0.0700617
0.0693893
0.0687159
0.0680456
0.0673812
0.0667249
0.0660782
0.065442
0.0648169
0.064203
0.0636
0.0630078
0.0624259
0.061854
0.0612918
0.0607392
0.060196
0.0596624
0.0591387
0.0586252
0.0581225
0.057631
0.057152
0.0567031
0.0809444
0.0805285
0.0800874
0.0796218
0.079133
0.0786229
0.0780936
0.0775478
0.0769878
0.0764167
0.0758353
0.0752456
0.0746497
0.0740492
0.0734448
0.0728374
0.0722271
0.0716143
0.0709989
0.070381
0.0697605
0.0691376
0.0685122
0.0678847
0.0672553
0.0666247
0.0659935
0.0653625
0.0647338
0.0641362
0.0863956
0.0861061
0.085798
0.0854709
0.0851246
0.0847594
0.0843756
0.0839739
0.0835553
0.0831206
0.0826704
0.0822063
0.0817285
0.0812381
0.0807355
0.0802211
0.0796952
0.0791579
0.0786091
0.0780487
0.0774765
0.0768921
0.0762955
0.0756863
0.0750646
0.0744303
0.0737835
0.0731248
0.0724564
0.0718145
0.0904656
0.0902642
0.0900502
0.089823
0.089582
0.0893268
0.0890573
0.0887732
0.0884746
0.0881614
0.0878338
0.0874919
0.0871358
0.0867658
0.0863819
0.0859839
0.0855718
0.0851454
0.0847043
0.0842481
0.0837764
0.0832886
0.0827841
0.0822622
0.0817222
0.0811636
0.0805858
0.0799886
0.0793739
0.0787803
0.0934753
0.0933324
0.093181
0.0930207
0.0928509
0.0926712
0.0924813
0.0922807
0.0920692
0.0918464
0.0916122
0.0913663
0.0911084
0.0908385
0.0905562
0.0902613
0.0899534
0.0896321
0.0892969
0.0889474
0.0885828
0.0882024
0.0878054
0.087391
0.0869582
0.086506
0.0860334
0.0855396
0.0850265
0.0845311
0.0956869
0.0955828
0.095473
0.095357
0.0952345
0.0951051
0.0949685
0.0948243
0.0946722
0.0945118
0.0943429
0.0941651
0.0939782
0.0937819
0.0935757
0.0933594
0.0931326
0.0928948
0.0926455
0.0923842
0.0921103
0.091823
0.0915216
0.0912052
0.0908729
0.0905235
0.090156
0.0897695
0.0893657
0.0889789
0.0972957
0.0972183
0.0971368
0.097051
0.0969605
0.0968651
0.0967644
0.0966583
0.0965465
0.0964286
0.0963043
0.0961735
0.0960358
0.0958909
0.0957385
0.0955783
0.09541
0.0952332
0.0950474
0.0948521
0.094647
0.0944313
0.0942044
0.0939656
0.0937141
0.093449
0.0931693
0.0928741
0.0925657
0.0922748
0.0984471
0.0983888
0.0983273
0.0982627
0.0981946
0.0981229
0.0980473
0.0979676
0.0978836
0.0977951
0.0977018
0.0976035
0.0974999
0.0973909
0.0972762
0.0971554
0.0970283
0.0968947
0.0967541
0.0966063
0.0964508
0.0962871
0.0961149
0.0959334
0.0957422
0.0955404
0.0953274
0.0951026
0.0948684
0.094653
0.0992524
0.0992078
0.0991609
0.0991116
0.0990596
0.0990048
0.0989472
0.0988863
0.0988222
0.0987546
0.0986832
0.098608
0.0985287
0.0984452
0.0983571
0.0982643
0.0981666
0.0980636
0.0979553
0.0978413
0.0977212
0.0975949
0.0974618
0.0973216
0.0971739
0.0970181
0.0968537
0.0966804
0.0965008
0.096341
0.099799
0.0997644
0.0997281
0.0996899
0.0996496
0.0996072
0.0995625
0.0995153
0.0994655
0.099413
0.0993576
0.0992991
0.0992373
0.0991721
0.0991033
0.0990307
0.0989542
0.0988735
0.0987884
0.0986988
0.0986044
0.0985049
0.0984
0.0982896
0.0981732
0.0980504
0.097921
0.0977848
0.0976446
0.0975248
0.100157
0.10013
0.100101
0.100071
0.100039
0.100005
0.0999697
0.0999323
0.0998929
0.0998513
0.0998073
0.0997609
0.0997119
0.09966
0.0996053
0.0995474
0.0994864
0.0994219
0.0993538
0.099282
0.0992063
0.0991264
0.0990422
0.0989534
0.0988597
0.098761
0.098657
0.0985476
0.0984358
0.0983446
0.100382
0.100359
0.100336
0.100311
0.100285
0.100257
0.100229
0.100198
0.100166
0.100132
0.100096
0.100058
0.100018
0.0999762
0.0999316
0.0998844
0.0998345
0.0997818
0.0997262
0.0996674
0.0996053
0.0995398
0.0994707
0.0993977
0.0993208
0.0992397
0.0991542
0.0990644
0.0989732
0.0989028
0.100516
0.100497
0.100477
0.100456
0.100433
0.10041
0.100386
0.10036
0.100332
0.100304
0.100274
0.100242
0.100208
0.100172
0.100135
0.100095
0.100053
0.100009
0.099962
0.0999126
0.0998604
0.0998053
0.0997471
0.0996857
0.099621
0.0995527
0.0994807
0.0994052
0.0993292
0.0992738
0.100592
0.100574
0.100556
0.100537
0.100518
0.100497
0.100475
0.100452
0.100428
0.100403
0.100376
0.100348
0.100319
0.100287
0.100255
0.10022
0.100183
0.100145
0.100104
0.100061
0.100016
0.0999681
0.0999177
0.0998646
0.0998085
0.0997495
0.0996873
0.0996221
0.099557
0.0995124
0.100631
0.100615
0.100598
0.10058
0.100562
0.100542
0.100522
0.100501
0.100479
0.100456
0.100431
0.100406
0.100379
0.10035
0.10032
0.100289
0.100256
0.100221
0.100184
0.100146
0.100105
0.100062
0.100017
0.0999696
0.0999196
0.099867
0.0998116
0.0997537
0.0996963
0.0996594
0.100648
0.100633
0.100617
0.1006
0.100582
0.100563
0.100544
0.100524
0.100503
0.100481
0.100457
0.100433
0.100408
0.100381
0.100353
0.100323
0.100292
0.10026
0.100226
0.10019
0.100152
0.100112
0.100071
0.100027
0.0999807
0.0999323
0.0998816
0.0998286
0.0997765
0.0997448
0.100654
0.100639
0.100623
0.100606
0.100589
0.100571
0.100552
0.100532
0.100511
0.10049
0.100467
0.100443
0.100419
0.100393
0.100366
0.100337
0.100307
0.100276
0.100243
0.100209
0.100173
0.100135
0.100096
0.100054
0.100011
0.0999649
0.0999171
0.0998674
0.0998187
0.0997904
0.100654
0.100638
0.100623
0.100606
0.100589
0.100571
0.100552
0.100532
0.100512
0.10049
0.100468
0.100444
0.10042
0.100394
0.100368
0.10034
0.100311
0.10028
0.100248
0.100215
0.100179
0.100143
0.100104
0.100064
0.100022
0.099978
0.099932
0.0998842
0.0998376
0.0998116
0.10065
0.100635
0.100619
0.100602
0.100585
0.100567
0.100548
0.100528
0.100508
0.100487
0.100464
0.100441
0.100417
0.100391
0.100365
0.100337
0.100308
0.100277
0.100246
0.100213
0.100178
0.100142
0.100104
0.100065
0.100023
0.0999803
0.0999352
0.0998886
0.0998432
0.0998185
0.100646
0.10063
0.100614
0.100598
0.10058
0.100562
0.100543
0.100523
0.100503
0.100481
0.100459
0.100435
0.100411
0.100386
0.100359
0.100331
0.100302
0.100272
0.10024
0.100208
0.100173
0.100137
0.1001
0.100061
0.10002
0.0999769
0.0999324
0.0998864
0.0998417
0.0998176
0.100641
0.100625
0.100609
0.100592
0.100575
0.100557
0.100538
0.100518
0.100497
0.100475
0.100453
0.100429
0.100405
0.100379
0.100353
0.100325
0.100296
0.100266
0.100234
0.100201
0.100167
0.100131
0.100093
0.100054
0.100014
0.099971
0.0999268
0.099881
0.0998368
0.099813
0.100636
0.10062
0.100604
0.100587
0.10057
0.100551
0.100532
0.100512
0.100491
0.100469
0.100447
0.100423
0.100399
0.100373
0.100346
0.100318
0.100289
0.100259
0.100227
0.100194
0.10016
0.100124
0.100086
0.100047
0.100007
0.0999643
0.0999201
0.0998745
0.0998304
0.0998068
0.100631
0.100616
0.100599
0.100582
0.100564
0.100546
0.100527
0.100506
0.100486
0.100464
0.100441
0.100417
0.100392
0.100367
0.10034
0.100312
0.100283
0.100252
0.10022
0.100187
0.100153
0.100117
0.10008
0.10004
0.0999998
0.0999574
0.0999133
0.0998677
0.0998237
0.0998002
0.100626
0.100611
0.100594
0.100577
0.100559
0.100541
0.100521
0.100501
0.10048
0.100458
0.100435
0.100412
0.100387
0.100361
0.100334
0.100306
0.100277
0.100246
0.100214
0.100181
0.100146
0.10011
0.100073
0.100034
0.0999931
0.0999507
0.0999066
0.0998611
0.0998171
0.0997936
0.100622
0.100606
0.10059
0.100572
0.100555
0.100536
0.100516
0.100496
0.100475
0.100453
0.10043
0.100406
0.100381
0.100355
0.100328
0.1003
0.100271
0.10024
0.100208
0.100175
0.10014
0.100104
0.100067
0.100028
0.0999868
0.0999444
0.0999002
0.0998547
0.0998107
0.0997873
0.100617
0.100602
0.100585
0.100568
0.10055
0.100531
0.100512
0.100491
0.10047
0.100448
0.100425
0.100401
0.100376
0.10035
0.100323
0.100295
0.100265
0.100234
0.100202
0.100169
0.100134
0.100098
0.100061
0.100022
0.0999808
0.0999383
0.0998942
0.0998486
0.0998047
0.0997813
0.100613
0.100597
0.10058
0.100563
0.100545
0.100526
0.100507
0.100486
0.100465
0.100443
0.10042
0.100396
0.100371
0.100345
0.100318
0.100289
0.10026
0.100229
0.100197
0.100164
0.100129
0.100093
0.100055
0.100016
0.099975
0.0999325
0.0998884
0.0998428
0.0997988
0.0997755
0.100609
0.100593
0.100576
0.100559
0.100541
0.100522
0.100502
0.100482
0.10046
0.100438
0.100415
0.100391
0.100366
0.10034
0.100312
0.100284
0.100255
0.100224
0.100192
0.100158
0.100123
0.100087
0.10005
0.10001
0.0999694
0.0999269
0.0998827
0.0998372
0.0997932
0.0997698
0.100604
0.100588
0.100572
0.100554
0.100536
0.100517
0.100498
0.100477
0.100456
0.100434
0.10041
0.100386
0.100361
0.100335
0.100307
0.100279
0.100249
0.100219
0.100186
0.100153
0.100118
0.100082
0.100044
0.100005
0.099964
0.0999215
0.0998773
0.0998317
0.0997877
0.0997644
0.1006
0.100584
0.100567
0.10055
0.100532
0.100513
0.100493
0.100472
0.100451
0.100429
0.100406
0.100381
0.100356
0.10033
0.100303
0.100274
0.100244
0.100213
0.100181
0.100148
0.100113
0.100077
0.100039
0.0999996
0.0999586
0.0999161
0.0998719
0.0998263
0.0997823
0.099759
0.100595
0.100579
0.100563
0.100545
0.100527
0.100508
0.100488
0.100468
0.100446
0.100424
0.100401
0.100377
0.100351
0.100325
0.100298
0.100269
0.100239
0.100208
0.100176
0.100143
0.100108
0.100071
0.100034
0.0999943
0.0999533
0.0999108
0.0998665
0.0998209
0.099777
0.0997536
0.100591
0.100575
0.100558
0.100541
0.100523
0.100504
0.100484
0.100463
0.100442
0.100419
0.100396
0.100372
0.100347
0.10032
0.100293
0.100264
0.100234
0.100203
0.100171
0.100138
0.100103
0.100066
0.100028
0.099989
0.099948
0.0999054
0.0998612
0.0998156
0.0997716
0.0997482
0.100586
0.10057
0.100554
0.100536
0.100518
0.100499
0.100479
0.100459
0.100437
0.100415
0.100391
0.100367
0.100342
0.100315
0.100288
0.100259
0.100229
0.100198
0.100166
0.100132
0.100097
0.100061
0.100023
0.0999838
0.0999427
0.0999001
0.0998558
0.0998102
0.0997662
0.0997429
0.100582
0.100566
0.100549
0.100531
0.100513
0.100494
0.100474
0.100454
0.100432
0.10041
0.100386
0.100362
0.100337
0.10031
0.100283
0.100254
0.100224
0.100193
0.100161
0.100127
0.100092
0.100056
0.100018
0.0999784
0.0999374
0.0998947
0.0998504
0.0998048
0.0997608
0.0997374
0.100577
0.100561
0.100544
0.100527
0.100508
0.100489
0.10047
0.100449
0.100427
0.100405
0.100382
0.100357
0.100332
0.100305
0.100278
0.100249
0.100219
0.100188
0.100156
0.100122
0.100087
0.100051
0.100013
0.0999731
0.099932
0.0998893
0.099845
0.0997993
0.0997552
0.0997319
0.100572
0.100556
0.100539
0.100522
0.100504
0.100485
0.100465
0.100444
0.100422
0.1004
0.100377
0.100352
0.100327
0.1003
0.100273
0.100244
0.100214
0.100183
0.100151
0.100117
0.100082
0.100045
0.100007
0.0999676
0.0999265
0.0998838
0.0998394
0.0997937
0.0997496
0.0997262
0.100568
0.100551
0.100535
0.100517
0.100499
0.10048
0.10046
0.100439
0.100417
0.100395
0.100371
0.100347
0.100322
0.100295
0.100268
0.100239
0.100209
0.100178
0.100145
0.100111
0.100076
0.10004
0.100002
0.0999621
0.099921
0.0998782
0.0998338
0.099788
0.0997439
0.0997205
0.100563
0.100546
0.10053
0.100512
0.100494
0.100475
0.100455
0.100434
0.100412
0.10039
0.100366
0.100342
0.100316
0.10029
0.100262
0.100233
0.100204
0.100172
0.10014
0.100106
0.100071
0.100034
0.0999961
0.0999565
0.0999153
0.0998725
0.099828
0.0997822
0.0997381
0.0997146
0.100557
0.100541
0.100524
0.100507
0.100489
0.100469
0.100449
0.100429
0.100407
0.100385
0.100361
0.100337
0.100311
0.100285
0.100257
0.100228
0.100198
0.100167
0.100134
0.1001
0.100065
0.100029
0.0999904
0.0999508
0.0999095
0.0998666
0.0998221
0.0997763
0.0997321
0.0997087
0.100552
0.100536
0.100519
0.100502
0.100483
0.100464
0.100444
0.100423
0.100402
0.100379
0.100356
0.100331
0.100306
0.100279
0.100251
0.100223
0.100193
0.100161
0.100129
0.100095
0.10006
0.100023
0.0999847
0.0999449
0.0999036
0.0998607
0.0998161
0.0997702
0.099726
0.0997026
0.100547
0.100531
0.100514
0.100496
0.100478
0.100459
0.100439
0.100418
0.100396
0.100374
0.10035
0.100326
0.1003
0.100274
0.100246
0.100217
0.100187
0.100156
0.100123
0.100089
0.100054
0.100017
0.0999788
0.099939
0.0998976
0.0998547
0.09981
0.0997641
0.0997198
0.0996963
0.100542
0.100525
0.100508
0.100491
0.100472
0.100453
0.100433
0.100412
0.100391
0.100368
0.100345
0.10032
0.100295
0.100268
0.10024
0.100211
0.100181
0.10015
0.100117
0.100083
0.100048
0.100011
0.0999728
0.0999329
0.0998915
0.0998485
0.0998038
0.0997578
0.0997135
0.09969
0.100536
0.10052
0.100503
0.100485
0.100467
0.100448
0.100428
0.100407
0.100385
0.100363
0.100339
0.100314
0.100289
0.100262
0.100234
0.100205
0.100175
0.100144
0.100111
0.100077
0.100042
0.100005
0.0999667
0.0999268
0.0998853
0.0998422
0.0997975
0.0997514
0.099707
0.0996835
0.10053
0.100514
0.100497
0.100479
0.100461
0.100442
0.100422
0.100401
0.100379
0.100357
0.100333
0.100309
0.100283
0.100256
0.100228
0.100199
0.100169
0.100138
0.100105
0.100071
0.100036
0.0999988
0.0999604
0.0999205
0.099879
0.0998358
0.099791
0.0997449
0.0997004
0.0996768
0.100524
0.100508
0.100491
0.100474
0.100455
0.100436
0.100416
0.100395
0.100373
0.100351
0.100327
0.100303
0.100277
0.10025
0.100222
0.100193
0.100163
0.100132
0.100099
0.100065
0.100029
0.0999926
0.0999541
0.0999141
0.0998726
0.0998293
0.0997845
0.0997383
0.0996938
0.0996702
0.100518
0.100502
0.100485
0.100468
0.100449
0.10043
0.10041
0.100389
0.100367
0.100345
0.100321
0.100297
0.100271
0.100244
0.100216
0.100187
0.100157
0.100126
0.100093
0.100059
0.100023
0.0999862
0.0999477
0.0999077
0.099866
0.0998228
0.0997778
0.0997316
0.0996872
0.0996637
0.100512
0.100496
0.100479
0.100461
0.100443
0.100424
0.100404
0.100383
0.100361
0.100338
0.100315
0.10029
0.100265
0.100238
0.10021
0.100181
0.100151
0.100119
0.100086
0.100052
0.100017
0.0999797
0.0999412
0.0999011
0.0998594
0.0998161
0.0997712
0.099725
0.0996807
0.0996574
0.100506
0.10049
0.100473
0.100455
0.100437
0.100417
0.100397
0.100376
0.100355
0.100332
0.100308
0.100284
0.100258
0.100231
0.100203
0.100174
0.100144
0.100113
0.10008
0.100046
0.10001
0.0999731
0.0999346
0.0998945
0.0998528
0.0998095
0.0997646
0.0997184
0.0996743
0.0996508
)
;

boundaryField
{
    inlet
    {
        type            calculated;
        value           nonuniform List<scalar> 
60
(
0.104276
0.104275
0.104274
0.104273
0.104272
0.10427
0.104269
0.104268
0.104267
0.104266
0.104264
0.104263
0.104261
0.10426
0.104258
0.104257
0.104255
0.104253
0.104252
0.10425
0.104248
0.104246
0.104244
0.104242
0.10424
0.104238
0.104236
0.104233
0.104231
0.104228
0.104226
0.104223
0.104221
0.104218
0.104215
0.104212
0.104209
0.104206
0.104202
0.104199
0.104195
0.104192
0.104188
0.104184
0.10418
0.104176
0.104172
0.104167
0.104163
0.104158
0.104153
0.104148
0.104143
0.104138
0.104132
0.104127
0.104121
0.104115
0.104108
0.104102
)
;
    }
    outlet
    {
        type            calculated;
        value           nonuniform List<scalar> 
60
(
0.00280366
0.0151048
0.0250348
0.0320024
0.0368079
0.0399969
0.0419376
0.0429836
0.0436102
0.0445187
0.0466116
0.0506319
0.0567031
0.0641362
0.0718145
0.0787803
0.0845311
0.0889789
0.0922748
0.094653
0.096341
0.0975248
0.0983447
0.0989028
0.0992738
0.0995124
0.0996594
0.0997448
0.0997904
0.0998116
0.0998184
0.0998176
0.099813
0.0998068
0.0998002
0.0997936
0.0997873
0.0997813
0.0997755
0.0997698
0.0997644
0.099759
0.0997536
0.0997482
0.0997428
0.0997374
0.0997319
0.0997262
0.0997205
0.0997146
0.0997087
0.0997026
0.0996963
0.09969
0.0996835
0.0996768
0.0996702
0.0996637
0.0996574
0.0996508
)
;
    }
    top
    {
        type            symmetryPlane;
    }
    ground
    {
        type            mutkWallFunction;
        Cmu             0.09;
        kappa           0.41;
        E               9.8;
        value           nonuniform List<scalar> 
40
(
0
0
0
0
0
1.11005e-06
2.13949e-06
3.02408e-06
3.7822e-06
4.42516e-06
4.9604e-06
5.39067e-06
5.77124e-06
6.08399e-06
6.35855e-06
6.5616e-06
6.89566e-06
7.06778e-06
7.30173e-06
7.48656e-06
9.54833e-06
1.77275e-05
5.51415e-05
7.58112e-05
8.6006e-05
9.47533e-05
0.000100905
0.00010573
0.000109522
0.000112366
0.000113793
0.000113814
0.000112389
0.000109439
0.00010484
9.84025e-05
8.98304e-05
7.8696e-05
6.41685e-05
3.4254e-05
)
;
    }
    sides
    {
        type            empty;
    }
    walls
    {
        type            mutkWallFunction;
        Cmu             0.09;
        kappa           0.41;
        E               9.8;
        value           nonuniform List<scalar> 
140
(
0
0
0
0
0
0
6.56872e-07
1.40145e-06
2.10183e-06
2.85793e-06
3.82791e-06
5.21202e-06
7.18375e-06
9.82655e-06
1.31441e-05
1.71099e-05
2.17008e-05
2.69074e-05
3.27401e-05
3.92285e-05
4.64264e-05
5.38804e-05
6.10955e-05
6.79941e-05
7.41264e-05
7.93238e-05
8.34838e-05
8.67015e-05
8.90963e-05
9.0592e-05
9.14737e-05
9.17815e-05
9.16236e-05
9.10888e-05
9.02542e-05
8.92428e-05
8.8149e-05
8.75001e-05
8.86167e-05
0.000125805
3.42538e-05
5.88095e-05
7.2498e-05
8.29326e-05
9.1792e-05
9.97323e-05
0.000107092
0.000114062
0.00012076
0.00012726
0.000133622
0.000139894
0.000146132
0.000152406
0.000158818
0.00016552
0.000172736
0.000180784
0.000190091
0.000201191
0.000214725
0.000230072
0.000246073
0.000262697
0.000279976
0.000297983
0.000316823
0.000336647
0.000357706
0.00038038
0.000404307
0.000429577
0.000456286
0.000484588
0.000514742
0.000547214
0.000583004
0.000625265
0.000690249
0.000764802
0.000383083
0.00037695
0.000371512
0.000366639
0.000362247
0.000358269
0.000354652
0.000351353
0.000348338
0.000345575
0.000343037
0.000340702
0.000338549
0.000336561
0.000334721
0.000333016
0.000331434
0.000329963
0.000328593
0.000327316
0.000326123
0.000325008
0.000323964
0.000322985
0.000322065
0.0003212
0.000320383
0.00031961
0.000318871
0.000318106
0.000778579
0.000708298
0.000646269
0.000594137
0.000551566
0.000517455
0.000490981
0.000470558
0.000454451
0.00044139
0.000430471
0.000421066
0.000412747
0.00040522
0.000398283
0.000391792
0.000385649
0.00037979
0.000374168
0.000368751
0.00036352
0.000358459
0.000353556
0.000348801
0.000344188
0.00033971
0.000335361
0.00033113
0.000327021
0.000322985
)
;
    }
}


// ************************************************************************* //
