/*--------------------------------*- C++ -*----------------------------------*\
| =========                 |                                                 |
| \\      /  F ield         | OpenFOAM: The Open Source CFD Toolbox           |
|  \\    /   O peration     | Version:  2.2.0                                 |
|   \\  /    A nd           | Web:      www.OpenFOAM.org                      |
|    \\/     M anipulation  |                                                 |
\*---------------------------------------------------------------------------*/
FoamFile
{
    version     2.0;
    format      ascii;
    class       labelList;
    note        "nPoints: 15602 nCells: 7600 nFaces: 30600 nInternalFaces: 15000";
    location    "constant/polyMesh";
    object      neighbour;
}
// * * * * * * * * * * * * * * * * * * * * * * * * * * * * * * * * * * * * * //


15000
(
1
40
2
41
3
42
4
43
5
44
6
45
7
46
8
47
9
48
10
49
11
50
12
51
13
52
14
53
15
54
16
55
17
56
18
57
19
58
20
59
21
60
22
61
23
62
24
63
25
64
26
65
27
66
28
67
29
68
30
69
31
70
32
71
33
72
34
73
35
74
36
75
37
76
38
77
39
78
79
41
80
42
81
43
82
44
83
45
84
46
85
47
86
48
87
49
88
50
89
51
90
52
91
53
92
54
93
55
94
56
95
57
96
58
97
59
98
60
99
61
100
62
101
63
102
64
103
65
104
66
105
67
106
68
107
69
108
70
109
71
110
72
111
73
112
74
113
75
114
76
115
77
116
78
117
79
118
119
81
120
82
121
83
122
84
123
85
124
86
125
87
126
88
127
89
128
90
129
91
130
92
131
93
132
94
133
95
134
96
135
97
136
98
137
99
138
100
139
101
140
102
141
103
142
104
143
105
144
106
145
107
146
108
147
109
148
110
149
111
150
112
151
113
152
114
153
115
154
116
155
117
156
118
157
119
158
159
121
160
122
161
123
162
124
163
125
164
126
165
127
166
128
167
129
168
130
169
131
170
132
171
133
172
134
173
135
174
136
175
137
176
138
177
139
178
140
179
141
180
142
181
143
182
144
183
145
184
146
185
147
186
148
187
149
188
150
189
151
190
152
191
153
192
154
193
155
194
156
195
157
196
158
197
159
198
199
161
200
162
201
163
202
164
203
165
204
166
205
167
206
168
207
169
208
170
209
171
210
172
211
173
212
174
213
175
214
176
215
177
216
178
217
179
218
180
219
181
220
182
221
183
222
184
223
185
224
186
225
187
226
188
227
189
228
190
229
191
230
192
231
193
232
194
233
195
234
196
235
197
236
198
237
199
238
239
201
240
202
241
203
242
204
243
205
244
206
245
207
246
208
247
209
248
210
249
211
250
212
251
213
252
214
253
215
254
216
255
217
256
218
257
219
258
220
259
221
260
222
261
223
262
224
263
225
264
226
265
227
266
228
267
229
268
230
269
231
270
232
271
233
272
234
273
235
274
236
275
237
276
238
277
239
278
279
241
280
242
281
243
282
244
283
245
284
246
285
247
286
248
287
249
288
250
289
251
290
252
291
253
292
254
293
255
294
256
295
257
296
258
297
259
298
260
299
261
300
262
301
263
302
264
303
265
304
266
305
267
306
268
307
269
308
270
309
271
310
272
311
273
312
274
313
275
314
276
315
277
316
278
317
279
318
319
281
320
282
321
283
322
284
323
285
324
286
325
287
326
288
327
289
328
290
329
291
330
292
331
293
332
294
333
295
334
296
335
297
336
298
337
299
338
300
339
301
340
302
341
303
342
304
343
305
344
306
345
307
346
308
347
309
348
310
349
311
350
312
351
313
352
314
353
315
354
316
355
317
356
318
357
319
358
359
321
360
322
361
323
362
324
363
325
364
326
365
327
366
328
367
329
368
330
369
331
370
332
371
333
372
334
373
335
374
336
375
337
376
338
377
339
378
340
379
341
380
342
381
343
382
344
383
345
384
346
385
347
386
348
387
349
388
350
389
351
390
352
391
353
392
354
393
355
394
356
395
357
396
358
397
359
398
399
361
400
362
401
363
402
364
403
365
404
366
405
367
406
368
407
369
408
370
409
371
410
372
411
373
412
374
413
375
414
376
415
377
416
378
417
379
418
380
419
381
420
382
421
383
422
384
423
385
424
386
425
387
426
388
427
389
428
390
429
391
430
392
431
393
432
394
433
395
434
396
435
397
436
398
437
399
438
439
401
440
402
441
403
442
404
443
405
444
406
445
407
446
408
447
409
448
410
449
411
450
412
451
413
452
414
453
415
454
416
455
417
456
418
457
419
458
420
459
421
460
422
461
423
462
424
463
425
464
426
465
427
466
428
467
429
468
430
469
431
470
432
471
433
472
434
473
435
474
436
475
437
476
438
477
439
478
479
441
480
442
481
443
482
444
483
445
484
446
485
447
486
448
487
449
488
450
489
451
490
452
491
453
492
454
493
455
494
456
495
457
496
458
497
459
498
460
499
461
500
462
501
463
502
464
503
465
504
466
505
467
506
468
507
469
508
470
509
471
510
472
511
473
512
474
513
475
514
476
515
477
516
478
517
479
518
519
481
520
482
521
483
522
484
523
485
524
486
525
487
526
488
527
489
528
490
529
491
530
492
531
493
532
494
533
495
534
496
535
497
536
498
537
499
538
500
539
501
540
502
541
503
542
504
543
505
544
506
545
507
546
508
547
509
548
510
549
511
550
512
551
513
552
514
553
515
554
516
555
517
556
518
557
519
558
559
521
560
522
561
523
562
524
563
525
564
526
565
527
566
528
567
529
568
530
569
531
570
532
571
533
572
534
573
535
574
536
575
537
576
538
577
539
578
540
579
541
580
542
581
543
582
544
583
545
584
546
585
547
586
548
587
549
588
550
589
551
590
552
591
553
592
554
593
555
594
556
595
557
596
558
597
559
598
599
561
600
562
601
563
602
564
603
565
604
566
605
567
606
568
607
569
608
570
609
571
610
572
611
573
612
574
613
575
614
576
615
577
616
578
617
579
618
580
619
581
620
582
621
583
622
584
623
585
624
586
625
587
626
588
627
589
628
590
629
591
630
592
631
593
632
594
633
595
634
596
635
597
636
598
637
599
638
639
601
640
602
641
603
642
604
643
605
644
606
645
607
646
608
647
609
648
610
649
611
650
612
651
613
652
614
653
615
654
616
655
617
656
618
657
619
658
620
659
621
660
622
661
623
662
624
663
625
664
626
665
627
666
628
667
629
668
630
669
631
670
632
671
633
672
634
673
635
674
636
675
637
676
638
677
639
678
679
641
680
642
681
643
682
644
683
645
684
646
685
647
686
648
687
649
688
650
689
651
690
652
691
653
692
654
693
655
694
656
695
657
696
658
697
659
698
660
699
661
700
662
701
663
702
664
703
665
704
666
705
667
706
668
707
669
708
670
709
671
710
672
711
673
712
674
713
675
714
676
715
677
716
678
717
679
718
719
681
720
682
721
683
722
684
723
685
724
686
725
687
726
688
727
689
728
690
729
691
730
692
731
693
732
694
733
695
734
696
735
697
736
698
737
699
738
700
739
701
740
702
741
703
742
704
743
705
744
706
745
707
746
708
747
709
748
710
749
711
750
712
751
713
752
714
753
715
754
716
755
717
756
718
757
719
758
759
721
760
722
761
723
762
724
763
725
764
726
765
727
766
728
767
729
768
730
769
731
770
732
771
733
772
734
773
735
774
736
775
737
776
738
777
739
778
740
779
741
780
742
781
743
782
744
783
745
784
746
785
747
786
748
787
749
788
750
789
751
790
752
791
753
792
754
793
755
794
756
795
757
796
758
797
759
798
799
761
800
762
801
763
802
764
803
765
804
766
805
767
806
768
807
769
808
770
809
771
810
772
811
773
812
774
813
775
814
776
815
777
816
778
817
779
818
780
819
781
820
782
821
783
822
784
823
785
824
786
825
787
826
788
827
789
828
790
829
791
830
792
831
793
832
794
833
795
834
796
835
797
836
798
837
799
838
839
801
840
802
841
803
842
804
843
805
844
806
845
807
846
808
847
809
848
810
849
811
850
812
851
813
852
814
853
815
854
816
855
817
856
818
857
819
858
820
859
821
860
822
861
823
862
824
863
825
864
826
865
827
866
828
867
829
868
830
869
831
870
832
871
833
872
834
873
835
874
836
875
837
876
838
877
839
878
879
841
880
842
881
843
882
844
883
845
884
846
885
847
886
848
887
849
888
850
889
851
890
852
891
853
892
854
893
855
894
856
895
857
896
858
897
859
898
860
899
861
900
862
901
863
902
864
903
865
904
866
905
867
906
868
907
869
908
870
909
871
910
872
911
873
912
874
913
875
914
876
915
877
916
878
917
879
918
919
881
920
882
921
883
922
884
923
885
924
886
925
887
926
888
927
889
928
890
929
891
930
892
931
893
932
894
933
895
934
896
935
897
936
898
937
899
938
900
939
901
940
902
941
903
942
904
943
905
944
906
945
907
946
908
947
909
948
910
949
911
950
912
951
913
952
914
953
915
954
916
955
917
956
918
957
919
958
959
921
960
922
961
923
962
924
963
925
964
926
965
927
966
928
967
929
968
930
969
931
970
932
971
933
972
934
973
935
974
936
975
937
976
938
977
939
978
940
979
941
980
942
981
943
982
944
983
945
984
946
985
947
986
948
987
949
988
950
989
951
990
952
991
953
992
954
993
955
994
956
995
957
996
958
997
959
998
999
961
1000
962
1001
963
1002
964
1003
965
1004
966
1005
967
1006
968
1007
969
1008
970
1009
971
1010
972
1011
973
1012
974
1013
975
1014
976
1015
977
1016
978
1017
979
1018
980
1019
981
1020
982
1021
983
1022
984
1023
985
1024
986
1025
987
1026
988
1027
989
1028
990
1029
991
1030
992
1031
993
1032
994
1033
995
1034
996
1035
997
1036
998
1037
999
1038
1039
1001
1040
1002
1041
1003
1042
1004
1043
1005
1044
1006
1045
1007
1046
1008
1047
1009
1048
1010
1049
1011
1050
1012
1051
1013
1052
1014
1053
1015
1054
1016
1055
1017
1056
1018
1057
1019
1058
1020
1059
1021
1060
1022
1061
1023
1062
1024
1063
1025
1064
1026
1065
1027
1066
1028
1067
1029
1068
1030
1069
1031
1070
1032
1071
1033
1072
1034
1073
1035
1074
1036
1075
1037
1076
1038
1077
1039
1078
1079
1041
1080
1042
1081
1043
1082
1044
1083
1045
1084
1046
1085
1047
1086
1048
1087
1049
1088
1050
1089
1051
1090
1052
1091
1053
1092
1054
1093
1055
1094
1056
1095
1057
1096
1058
1097
1059
1098
1060
1099
1061
1100
1062
1101
1063
1102
1064
1103
1065
1104
1066
1105
1067
1106
1068
1107
1069
1108
1070
1109
1071
1110
1072
1111
1073
1112
1074
1113
1075
1114
1076
1115
1077
1116
1078
1117
1079
1118
1119
1081
1120
1082
1121
1083
1122
1084
1123
1085
1124
1086
1125
1087
1126
1088
1127
1089
1128
1090
1129
1091
1130
1092
1131
1093
1132
1094
1133
1095
1134
1096
1135
1097
1136
1098
1137
1099
1138
1100
1139
1101
1140
1102
1141
1103
1142
1104
1143
1105
1144
1106
1145
1107
1146
1108
1147
1109
1148
1110
1149
1111
1150
1112
1151
1113
1152
1114
1153
1115
1154
1116
1155
1117
1156
1118
1157
1119
1158
1159
1121
1160
1122
1161
1123
1162
1124
1163
1125
1164
1126
1165
1127
1166
1128
1167
1129
1168
1130
1169
1131
1170
1132
1171
1133
1172
1134
1173
1135
1174
1136
1175
1137
1176
1138
1177
1139
1178
1140
1179
1141
1180
1142
1181
1143
1182
1144
1183
1145
1184
1146
1185
1147
1186
1148
1187
1149
1188
1150
1189
1151
1190
1152
1191
1153
1192
1154
1193
1155
1194
1156
1195
1157
1196
1158
1197
1159
1198
1199
1161
1200
1162
1201
1163
1202
1164
1203
1165
1204
1166
1205
1167
1206
1168
1207
1169
1208
1170
1209
1171
1210
1172
1211
1173
1212
1174
1213
1175
1214
1176
1215
1177
1216
1178
1217
1179
1218
1180
1219
1181
1220
1182
1221
1183
1222
1184
1223
1185
1224
1186
1225
1187
1226
1188
1227
1189
1228
1190
1229
1191
1230
1192
1231
1193
1232
1194
1233
1195
1234
1196
1235
1197
1236
1198
1237
1199
1238
1239
1201
1240
1202
1241
1203
1242
1204
1243
1205
1244
1206
1245
1207
1246
1208
1247
1209
1248
1210
1249
1211
1250
1212
1251
1213
1252
1214
1253
1215
1254
1216
1255
1217
1256
1218
1257
1219
1258
1220
1259
1221
1260
1222
1261
1223
1262
1224
1263
1225
1264
1226
1265
1227
1266
1228
1267
1229
1268
1230
1269
1231
1270
1232
1271
1233
1272
1234
1273
1235
1274
1236
1275
1237
1276
1238
1277
1239
1278
1279
1241
1280
1242
1281
1243
1282
1244
1283
1245
1284
1246
1285
1247
1286
1248
1287
1249
1288
1250
1289
1251
1290
1252
1291
1253
1292
1254
1293
1255
1294
1256
1295
1257
1296
1258
1297
1259
1298
1260
1299
1261
1300
1262
1301
1263
1302
1264
1303
1265
1304
1266
1305
1267
1306
1268
1307
1269
1308
1270
1309
1271
1310
1272
1311
1273
1312
1274
1313
1275
1314
1276
1315
1277
1316
1278
1317
1279
1318
1319
1281
1320
1282
1321
1283
1322
1284
1323
1285
1324
1286
1325
1287
1326
1288
1327
1289
1328
1290
1329
1291
1330
1292
1331
1293
1332
1294
1333
1295
1334
1296
1335
1297
1336
1298
1337
1299
1338
1300
1339
1301
1340
1302
1341
1303
1342
1304
1343
1305
1344
1306
1345
1307
1346
1308
1347
1309
1348
1310
1349
1311
1350
1312
1351
1313
1352
1314
1353
1315
1354
1316
1355
1317
1356
1318
1357
1319
1358
1359
1321
1360
1322
1361
1323
1362
1324
1363
1325
1364
1326
1365
1327
1366
1328
1367
1329
1368
1330
1369
1331
1370
1332
1371
1333
1372
1334
1373
1335
1374
1336
1375
1337
1376
1338
1377
1339
1378
1340
1379
1341
1380
1342
1381
1343
1382
1344
1383
1345
1384
1346
1385
1347
1386
1348
1387
1349
1388
1350
1389
1351
1390
1352
1391
1353
1392
1354
1393
1355
1394
1356
1395
1357
1396
1358
1397
1359
1398
1399
1361
1400
1362
1401
1363
1402
1364
1403
1365
1404
1366
1405
1367
1406
1368
1407
1369
1408
1370
1409
1371
1410
1372
1411
1373
1412
1374
1413
1375
1414
1376
1415
1377
1416
1378
1417
1379
1418
1380
1419
1381
1420
1382
1421
1383
1422
1384
1423
1385
1424
1386
1425
1387
1426
1388
1427
1389
1428
1390
1429
1391
1430
1392
1431
1393
1432
1394
1433
1395
1434
1396
1435
1397
1436
1398
1437
1399
1438
1439
1401
1440
1402
1441
1403
1442
1404
1443
1405
1444
1406
1445
1407
1446
1408
1447
1409
1448
1410
1449
1411
1450
1412
1451
1413
1452
1414
1453
1415
1454
1416
1455
1417
1456
1418
1457
1419
1458
1420
1459
1421
1460
1422
1461
1423
1462
1424
1463
1425
1464
1426
1465
1427
1466
1428
1467
1429
1468
1430
1469
1431
1470
1432
1471
1433
1472
1434
1473
1435
1474
1436
1475
1437
1476
1438
1477
1439
1478
1479
1441
1480
1442
1481
1443
1482
1444
1483
1445
1484
1446
1485
1447
1486
1448
1487
1449
1488
1450
1489
1451
1490
1452
1491
1453
1492
1454
1493
1455
1494
1456
1495
1457
1496
1458
1497
1459
1498
1460
1499
1461
1500
1462
1501
1463
1502
1464
1503
1465
1504
1466
1505
1467
1506
1468
1507
1469
1508
1470
1509
1471
1510
1472
1511
1473
1512
1474
1513
1475
1514
1476
1515
1477
1516
1478
1517
1479
1518
1519
1481
1520
1482
1521
1483
1522
1484
1523
1485
1524
1486
1525
1487
1526
1488
1527
1489
1528
1490
1529
1491
1530
1492
1531
1493
1532
1494
1533
1495
1534
1496
1535
1497
1536
1498
1537
1499
1538
1500
1539
1501
1540
1502
1541
1503
1542
1504
1543
1505
1544
1506
1545
1507
1546
1508
1547
1509
1548
1510
1549
1511
1550
1512
1551
1513
1552
1514
1553
1515
1554
1516
1555
1517
1556
1518
1557
1519
1558
1559
1521
1560
1522
1561
1523
1562
1524
1563
1525
1564
1526
1565
1527
1566
1528
1567
1529
1568
1530
1569
1531
1570
1532
1571
1533
1572
1534
1573
1535
1574
1536
1575
1537
1576
1538
1577
1539
1578
1540
1579
1541
1580
1542
1581
1543
1582
1544
1583
1545
1584
1546
1585
1547
1586
1548
1587
1549
1588
1550
1589
1551
1590
1552
1591
1553
1592
1554
1593
1555
1594
1556
1595
1557
1596
1558
1597
1559
1598
1599
1561
3400
1562
3401
1563
3402
1564
3403
1565
3404
1566
3405
1567
3406
1568
3407
1569
3408
1570
3409
1571
3410
1572
3411
1573
3412
1574
3413
1575
3414
1576
3415
1577
3416
1578
3417
1579
3418
1580
3419
1581
3420
1582
3421
1583
3422
1584
3423
1585
3424
1586
3425
1587
3426
1588
3427
1589
3428
1590
3429
1591
3430
1592
3431
1593
3432
1594
3433
1595
3434
1596
3435
1597
3436
1598
3437
1599
3438
3439
1601
1630
1602
1631
1603
1632
1604
1633
1605
1634
1606
1635
1607
1636
1608
1637
1609
1638
1610
1639
1611
1640
1612
1641
1613
1642
1614
1643
1615
1644
1616
1645
1617
1646
1618
1647
1619
1648
1620
1649
1621
1650
1622
1651
1623
1652
1624
1653
1625
1654
1626
1655
1627
1656
1628
1657
1629
1658
1659
3400
1631
1660
1632
1661
1633
1662
1634
1663
1635
1664
1636
1665
1637
1666
1638
1667
1639
1668
1640
1669
1641
1670
1642
1671
1643
1672
1644
1673
1645
1674
1646
1675
1647
1676
1648
1677
1649
1678
1650
1679
1651
1680
1652
1681
1653
1682
1654
1683
1655
1684
1656
1685
1657
1686
1658
1687
1659
1688
1689
3440
1661
1690
1662
1691
1663
1692
1664
1693
1665
1694
1666
1695
1667
1696
1668
1697
1669
1698
1670
1699
1671
1700
1672
1701
1673
1702
1674
1703
1675
1704
1676
1705
1677
1706
1678
1707
1679
1708
1680
1709
1681
1710
1682
1711
1683
1712
1684
1713
1685
1714
1686
1715
1687
1716
1688
1717
1689
1718
1719
3480
1691
1720
1692
1721
1693
1722
1694
1723
1695
1724
1696
1725
1697
1726
1698
1727
1699
1728
1700
1729
1701
1730
1702
1731
1703
1732
1704
1733
1705
1734
1706
1735
1707
1736
1708
1737
1709
1738
1710
1739
1711
1740
1712
1741
1713
1742
1714
1743
1715
1744
1716
1745
1717
1746
1718
1747
1719
1748
1749
3520
1721
1750
1722
1751
1723
1752
1724
1753
1725
1754
1726
1755
1727
1756
1728
1757
1729
1758
1730
1759
1731
1760
1732
1761
1733
1762
1734
1763
1735
1764
1736
1765
1737
1766
1738
1767
1739
1768
1740
1769
1741
1770
1742
1771
1743
1772
1744
1773
1745
1774
1746
1775
1747
1776
1748
1777
1749
1778
1779
3560
1751
1780
1752
1781
1753
1782
1754
1783
1755
1784
1756
1785
1757
1786
1758
1787
1759
1788
1760
1789
1761
1790
1762
1791
1763
1792
1764
1793
1765
1794
1766
1795
1767
1796
1768
1797
1769
1798
1770
1799
1771
1800
1772
1801
1773
1802
1774
1803
1775
1804
1776
1805
1777
1806
1778
1807
1779
1808
1809
3600
1781
1810
1782
1811
1783
1812
1784
1813
1785
1814
1786
1815
1787
1816
1788
1817
1789
1818
1790
1819
1791
1820
1792
1821
1793
1822
1794
1823
1795
1824
1796
1825
1797
1826
1798
1827
1799
1828
1800
1829
1801
1830
1802
1831
1803
1832
1804
1833
1805
1834
1806
1835
1807
1836
1808
1837
1809
1838
1839
3640
1811
1840
1812
1841
1813
1842
1814
1843
1815
1844
1816
1845
1817
1846
1818
1847
1819
1848
1820
1849
1821
1850
1822
1851
1823
1852
1824
1853
1825
1854
1826
1855
1827
1856
1828
1857
1829
1858
1830
1859
1831
1860
1832
1861
1833
1862
1834
1863
1835
1864
1836
1865
1837
1866
1838
1867
1839
1868
1869
3680
1841
1870
1842
1871
1843
1872
1844
1873
1845
1874
1846
1875
1847
1876
1848
1877
1849
1878
1850
1879
1851
1880
1852
1881
1853
1882
1854
1883
1855
1884
1856
1885
1857
1886
1858
1887
1859
1888
1860
1889
1861
1890
1862
1891
1863
1892
1864
1893
1865
1894
1866
1895
1867
1896
1868
1897
1869
1898
1899
3720
1871
1900
1872
1901
1873
1902
1874
1903
1875
1904
1876
1905
1877
1906
1878
1907
1879
1908
1880
1909
1881
1910
1882
1911
1883
1912
1884
1913
1885
1914
1886
1915
1887
1916
1888
1917
1889
1918
1890
1919
1891
1920
1892
1921
1893
1922
1894
1923
1895
1924
1896
1925
1897
1926
1898
1927
1899
1928
1929
3760
1901
1930
1902
1931
1903
1932
1904
1933
1905
1934
1906
1935
1907
1936
1908
1937
1909
1938
1910
1939
1911
1940
1912
1941
1913
1942
1914
1943
1915
1944
1916
1945
1917
1946
1918
1947
1919
1948
1920
1949
1921
1950
1922
1951
1923
1952
1924
1953
1925
1954
1926
1955
1927
1956
1928
1957
1929
1958
1959
3800
1931
1960
1932
1961
1933
1962
1934
1963
1935
1964
1936
1965
1937
1966
1938
1967
1939
1968
1940
1969
1941
1970
1942
1971
1943
1972
1944
1973
1945
1974
1946
1975
1947
1976
1948
1977
1949
1978
1950
1979
1951
1980
1952
1981
1953
1982
1954
1983
1955
1984
1956
1985
1957
1986
1958
1987
1959
1988
1989
3840
1961
1990
1962
1991
1963
1992
1964
1993
1965
1994
1966
1995
1967
1996
1968
1997
1969
1998
1970
1999
1971
2000
1972
2001
1973
2002
1974
2003
1975
2004
1976
2005
1977
2006
1978
2007
1979
2008
1980
2009
1981
2010
1982
2011
1983
2012
1984
2013
1985
2014
1986
2015
1987
2016
1988
2017
1989
2018
2019
3880
1991
2020
1992
2021
1993
2022
1994
2023
1995
2024
1996
2025
1997
2026
1998
2027
1999
2028
2000
2029
2001
2030
2002
2031
2003
2032
2004
2033
2005
2034
2006
2035
2007
2036
2008
2037
2009
2038
2010
2039
2011
2040
2012
2041
2013
2042
2014
2043
2015
2044
2016
2045
2017
2046
2018
2047
2019
2048
2049
3920
2021
2050
2022
2051
2023
2052
2024
2053
2025
2054
2026
2055
2027
2056
2028
2057
2029
2058
2030
2059
2031
2060
2032
2061
2033
2062
2034
2063
2035
2064
2036
2065
2037
2066
2038
2067
2039
2068
2040
2069
2041
2070
2042
2071
2043
2072
2044
2073
2045
2074
2046
2075
2047
2076
2048
2077
2049
2078
2079
3960
2051
2080
2052
2081
2053
2082
2054
2083
2055
2084
2056
2085
2057
2086
2058
2087
2059
2088
2060
2089
2061
2090
2062
2091
2063
2092
2064
2093
2065
2094
2066
2095
2067
2096
2068
2097
2069
2098
2070
2099
2071
2100
2072
2101
2073
2102
2074
2103
2075
2104
2076
2105
2077
2106
2078
2107
2079
2108
2109
4000
2081
2110
2082
2111
2083
2112
2084
2113
2085
2114
2086
2115
2087
2116
2088
2117
2089
2118
2090
2119
2091
2120
2092
2121
2093
2122
2094
2123
2095
2124
2096
2125
2097
2126
2098
2127
2099
2128
2100
2129
2101
2130
2102
2131
2103
2132
2104
2133
2105
2134
2106
2135
2107
2136
2108
2137
2109
2138
2139
4040
2111
2140
2112
2141
2113
2142
2114
2143
2115
2144
2116
2145
2117
2146
2118
2147
2119
2148
2120
2149
2121
2150
2122
2151
2123
2152
2124
2153
2125
2154
2126
2155
2127
2156
2128
2157
2129
2158
2130
2159
2131
2160
2132
2161
2133
2162
2134
2163
2135
2164
2136
2165
2137
2166
2138
2167
2139
2168
2169
4080
2141
2170
2142
2171
2143
2172
2144
2173
2145
2174
2146
2175
2147
2176
2148
2177
2149
2178
2150
2179
2151
2180
2152
2181
2153
2182
2154
2183
2155
2184
2156
2185
2157
2186
2158
2187
2159
2188
2160
2189
2161
2190
2162
2191
2163
2192
2164
2193
2165
2194
2166
2195
2167
2196
2168
2197
2169
2198
2199
4120
2171
2200
2172
2201
2173
2202
2174
2203
2175
2204
2176
2205
2177
2206
2178
2207
2179
2208
2180
2209
2181
2210
2182
2211
2183
2212
2184
2213
2185
2214
2186
2215
2187
2216
2188
2217
2189
2218
2190
2219
2191
2220
2192
2221
2193
2222
2194
2223
2195
2224
2196
2225
2197
2226
2198
2227
2199
2228
2229
4160
2201
2230
2202
2231
2203
2232
2204
2233
2205
2234
2206
2235
2207
2236
2208
2237
2209
2238
2210
2239
2211
2240
2212
2241
2213
2242
2214
2243
2215
2244
2216
2245
2217
2246
2218
2247
2219
2248
2220
2249
2221
2250
2222
2251
2223
2252
2224
2253
2225
2254
2226
2255
2227
2256
2228
2257
2229
2258
2259
4200
2231
2260
2232
2261
2233
2262
2234
2263
2235
2264
2236
2265
2237
2266
2238
2267
2239
2268
2240
2269
2241
2270
2242
2271
2243
2272
2244
2273
2245
2274
2246
2275
2247
2276
2248
2277
2249
2278
2250
2279
2251
2280
2252
2281
2253
2282
2254
2283
2255
2284
2256
2285
2257
2286
2258
2287
2259
2288
2289
4240
2261
2290
2262
2291
2263
2292
2264
2293
2265
2294
2266
2295
2267
2296
2268
2297
2269
2298
2270
2299
2271
2300
2272
2301
2273
2302
2274
2303
2275
2304
2276
2305
2277
2306
2278
2307
2279
2308
2280
2309
2281
2310
2282
2311
2283
2312
2284
2313
2285
2314
2286
2315
2287
2316
2288
2317
2289
2318
2319
4280
2291
2320
2292
2321
2293
2322
2294
2323
2295
2324
2296
2325
2297
2326
2298
2327
2299
2328
2300
2329
2301
2330
2302
2331
2303
2332
2304
2333
2305
2334
2306
2335
2307
2336
2308
2337
2309
2338
2310
2339
2311
2340
2312
2341
2313
2342
2314
2343
2315
2344
2316
2345
2317
2346
2318
2347
2319
2348
2349
4320
2321
2350
2322
2351
2323
2352
2324
2353
2325
2354
2326
2355
2327
2356
2328
2357
2329
2358
2330
2359
2331
2360
2332
2361
2333
2362
2334
2363
2335
2364
2336
2365
2337
2366
2338
2367
2339
2368
2340
2369
2341
2370
2342
2371
2343
2372
2344
2373
2345
2374
2346
2375
2347
2376
2348
2377
2349
2378
2379
4360
2351
2380
2352
2381
2353
2382
2354
2383
2355
2384
2356
2385
2357
2386
2358
2387
2359
2388
2360
2389
2361
2390
2362
2391
2363
2392
2364
2393
2365
2394
2366
2395
2367
2396
2368
2397
2369
2398
2370
2399
2371
2400
2372
2401
2373
2402
2374
2403
2375
2404
2376
2405
2377
2406
2378
2407
2379
2408
2409
4400
2381
2410
2382
2411
2383
2412
2384
2413
2385
2414
2386
2415
2387
2416
2388
2417
2389
2418
2390
2419
2391
2420
2392
2421
2393
2422
2394
2423
2395
2424
2396
2425
2397
2426
2398
2427
2399
2428
2400
2429
2401
2430
2402
2431
2403
2432
2404
2433
2405
2434
2406
2435
2407
2436
2408
2437
2409
2438
2439
4440
2411
2440
2412
2441
2413
2442
2414
2443
2415
2444
2416
2445
2417
2446
2418
2447
2419
2448
2420
2449
2421
2450
2422
2451
2423
2452
2424
2453
2425
2454
2426
2455
2427
2456
2428
2457
2429
2458
2430
2459
2431
2460
2432
2461
2433
2462
2434
2463
2435
2464
2436
2465
2437
2466
2438
2467
2439
2468
2469
4480
2441
2470
2442
2471
2443
2472
2444
2473
2445
2474
2446
2475
2447
2476
2448
2477
2449
2478
2450
2479
2451
2480
2452
2481
2453
2482
2454
2483
2455
2484
2456
2485
2457
2486
2458
2487
2459
2488
2460
2489
2461
2490
2462
2491
2463
2492
2464
2493
2465
2494
2466
2495
2467
2496
2468
2497
2469
2498
2499
4520
2471
2500
2472
2501
2473
2502
2474
2503
2475
2504
2476
2505
2477
2506
2478
2507
2479
2508
2480
2509
2481
2510
2482
2511
2483
2512
2484
2513
2485
2514
2486
2515
2487
2516
2488
2517
2489
2518
2490
2519
2491
2520
2492
2521
2493
2522
2494
2523
2495
2524
2496
2525
2497
2526
2498
2527
2499
2528
2529
4560
2501
2530
2502
2531
2503
2532
2504
2533
2505
2534
2506
2535
2507
2536
2508
2537
2509
2538
2510
2539
2511
2540
2512
2541
2513
2542
2514
2543
2515
2544
2516
2545
2517
2546
2518
2547
2519
2548
2520
2549
2521
2550
2522
2551
2523
2552
2524
2553
2525
2554
2526
2555
2527
2556
2528
2557
2529
2558
2559
4600
2531
2560
2532
2561
2533
2562
2534
2563
2535
2564
2536
2565
2537
2566
2538
2567
2539
2568
2540
2569
2541
2570
2542
2571
2543
2572
2544
2573
2545
2574
2546
2575
2547
2576
2548
2577
2549
2578
2550
2579
2551
2580
2552
2581
2553
2582
2554
2583
2555
2584
2556
2585
2557
2586
2558
2587
2559
2588
2589
4640
2561
2590
2562
2591
2563
2592
2564
2593
2565
2594
2566
2595
2567
2596
2568
2597
2569
2598
2570
2599
2571
2600
2572
2601
2573
2602
2574
2603
2575
2604
2576
2605
2577
2606
2578
2607
2579
2608
2580
2609
2581
2610
2582
2611
2583
2612
2584
2613
2585
2614
2586
2615
2587
2616
2588
2617
2589
2618
2619
4680
2591
2620
2592
2621
2593
2622
2594
2623
2595
2624
2596
2625
2597
2626
2598
2627
2599
2628
2600
2629
2601
2630
2602
2631
2603
2632
2604
2633
2605
2634
2606
2635
2607
2636
2608
2637
2609
2638
2610
2639
2611
2640
2612
2641
2613
2642
2614
2643
2615
2644
2616
2645
2617
2646
2618
2647
2619
2648
2649
4720
2621
2650
2622
2651
2623
2652
2624
2653
2625
2654
2626
2655
2627
2656
2628
2657
2629
2658
2630
2659
2631
2660
2632
2661
2633
2662
2634
2663
2635
2664
2636
2665
2637
2666
2638
2667
2639
2668
2640
2669
2641
2670
2642
2671
2643
2672
2644
2673
2645
2674
2646
2675
2647
2676
2648
2677
2649
2678
2679
4760
2651
2680
2652
2681
2653
2682
2654
2683
2655
2684
2656
2685
2657
2686
2658
2687
2659
2688
2660
2689
2661
2690
2662
2691
2663
2692
2664
2693
2665
2694
2666
2695
2667
2696
2668
2697
2669
2698
2670
2699
2671
2700
2672
2701
2673
2702
2674
2703
2675
2704
2676
2705
2677
2706
2678
2707
2679
2708
2709
4800
2681
2710
2682
2711
2683
2712
2684
2713
2685
2714
2686
2715
2687
2716
2688
2717
2689
2718
2690
2719
2691
2720
2692
2721
2693
2722
2694
2723
2695
2724
2696
2725
2697
2726
2698
2727
2699
2728
2700
2729
2701
2730
2702
2731
2703
2732
2704
2733
2705
2734
2706
2735
2707
2736
2708
2737
2709
2738
2739
4840
2711
2740
2712
2741
2713
2742
2714
2743
2715
2744
2716
2745
2717
2746
2718
2747
2719
2748
2720
2749
2721
2750
2722
2751
2723
2752
2724
2753
2725
2754
2726
2755
2727
2756
2728
2757
2729
2758
2730
2759
2731
2760
2732
2761
2733
2762
2734
2763
2735
2764
2736
2765
2737
2766
2738
2767
2739
2768
2769
4880
2741
2770
2742
2771
2743
2772
2744
2773
2745
2774
2746
2775
2747
2776
2748
2777
2749
2778
2750
2779
2751
2780
2752
2781
2753
2782
2754
2783
2755
2784
2756
2785
2757
2786
2758
2787
2759
2788
2760
2789
2761
2790
2762
2791
2763
2792
2764
2793
2765
2794
2766
2795
2767
2796
2768
2797
2769
2798
2799
4920
2771
2800
2772
2801
2773
2802
2774
2803
2775
2804
2776
2805
2777
2806
2778
2807
2779
2808
2780
2809
2781
2810
2782
2811
2783
2812
2784
2813
2785
2814
2786
2815
2787
2816
2788
2817
2789
2818
2790
2819
2791
2820
2792
2821
2793
2822
2794
2823
2795
2824
2796
2825
2797
2826
2798
2827
2799
2828
2829
4960
2801
2830
2802
2831
2803
2832
2804
2833
2805
2834
2806
2835
2807
2836
2808
2837
2809
2838
2810
2839
2811
2840
2812
2841
2813
2842
2814
2843
2815
2844
2816
2845
2817
2846
2818
2847
2819
2848
2820
2849
2821
2850
2822
2851
2823
2852
2824
2853
2825
2854
2826
2855
2827
2856
2828
2857
2829
2858
2859
5000
2831
2860
2832
2861
2833
2862
2834
2863
2835
2864
2836
2865
2837
2866
2838
2867
2839
2868
2840
2869
2841
2870
2842
2871
2843
2872
2844
2873
2845
2874
2846
2875
2847
2876
2848
2877
2849
2878
2850
2879
2851
2880
2852
2881
2853
2882
2854
2883
2855
2884
2856
2885
2857
2886
2858
2887
2859
2888
2889
5040
2861
2890
2862
2891
2863
2892
2864
2893
2865
2894
2866
2895
2867
2896
2868
2897
2869
2898
2870
2899
2871
2900
2872
2901
2873
2902
2874
2903
2875
2904
2876
2905
2877
2906
2878
2907
2879
2908
2880
2909
2881
2910
2882
2911
2883
2912
2884
2913
2885
2914
2886
2915
2887
2916
2888
2917
2889
2918
2919
5080
2891
2920
2892
2921
2893
2922
2894
2923
2895
2924
2896
2925
2897
2926
2898
2927
2899
2928
2900
2929
2901
2930
2902
2931
2903
2932
2904
2933
2905
2934
2906
2935
2907
2936
2908
2937
2909
2938
2910
2939
2911
2940
2912
2941
2913
2942
2914
2943
2915
2944
2916
2945
2917
2946
2918
2947
2919
2948
2949
5120
2921
2950
2922
2951
2923
2952
2924
2953
2925
2954
2926
2955
2927
2956
2928
2957
2929
2958
2930
2959
2931
2960
2932
2961
2933
2962
2934
2963
2935
2964
2936
2965
2937
2966
2938
2967
2939
2968
2940
2969
2941
2970
2942
2971
2943
2972
2944
2973
2945
2974
2946
2975
2947
2976
2948
2977
2949
2978
2979
5160
2951
2980
2952
2981
2953
2982
2954
2983
2955
2984
2956
2985
2957
2986
2958
2987
2959
2988
2960
2989
2961
2990
2962
2991
2963
2992
2964
2993
2965
2994
2966
2995
2967
2996
2968
2997
2969
2998
2970
2999
2971
3000
2972
3001
2973
3002
2974
3003
2975
3004
2976
3005
2977
3006
2978
3007
2979
3008
3009
5200
2981
3010
2982
3011
2983
3012
2984
3013
2985
3014
2986
3015
2987
3016
2988
3017
2989
3018
2990
3019
2991
3020
2992
3021
2993
3022
2994
3023
2995
3024
2996
3025
2997
3026
2998
3027
2999
3028
3000
3029
3001
3030
3002
3031
3003
3032
3004
3033
3005
3034
3006
3035
3007
3036
3008
3037
3009
3038
3039
5240
3011
3040
3012
3041
3013
3042
3014
3043
3015
3044
3016
3045
3017
3046
3018
3047
3019
3048
3020
3049
3021
3050
3022
3051
3023
3052
3024
3053
3025
3054
3026
3055
3027
3056
3028
3057
3029
3058
3030
3059
3031
3060
3032
3061
3033
3062
3034
3063
3035
3064
3036
3065
3037
3066
3038
3067
3039
3068
3069
5280
3041
3070
3042
3071
3043
3072
3044
3073
3045
3074
3046
3075
3047
3076
3048
3077
3049
3078
3050
3079
3051
3080
3052
3081
3053
3082
3054
3083
3055
3084
3056
3085
3057
3086
3058
3087
3059
3088
3060
3089
3061
3090
3062
3091
3063
3092
3064
3093
3065
3094
3066
3095
3067
3096
3068
3097
3069
3098
3099
5320
3071
3100
3072
3101
3073
3102
3074
3103
3075
3104
3076
3105
3077
3106
3078
3107
3079
3108
3080
3109
3081
3110
3082
3111
3083
3112
3084
3113
3085
3114
3086
3115
3087
3116
3088
3117
3089
3118
3090
3119
3091
3120
3092
3121
3093
3122
3094
3123
3095
3124
3096
3125
3097
3126
3098
3127
3099
3128
3129
5360
3101
3130
3102
3131
3103
3132
3104
3133
3105
3134
3106
3135
3107
3136
3108
3137
3109
3138
3110
3139
3111
3140
3112
3141
3113
3142
3114
3143
3115
3144
3116
3145
3117
3146
3118
3147
3119
3148
3120
3149
3121
3150
3122
3151
3123
3152
3124
3153
3125
3154
3126
3155
3127
3156
3128
3157
3129
3158
3159
5400
3131
3160
3132
3161
3133
3162
3134
3163
3135
3164
3136
3165
3137
3166
3138
3167
3139
3168
3140
3169
3141
3170
3142
3171
3143
3172
3144
3173
3145
3174
3146
3175
3147
3176
3148
3177
3149
3178
3150
3179
3151
3180
3152
3181
3153
3182
3154
3183
3155
3184
3156
3185
3157
3186
3158
3187
3159
3188
3189
5440
3161
3190
3162
3191
3163
3192
3164
3193
3165
3194
3166
3195
3167
3196
3168
3197
3169
3198
3170
3199
3171
3200
3172
3201
3173
3202
3174
3203
3175
3204
3176
3205
3177
3206
3178
3207
3179
3208
3180
3209
3181
3210
3182
3211
3183
3212
3184
3213
3185
3214
3186
3215
3187
3216
3188
3217
3189
3218
3219
5480
3191
3220
3192
3221
3193
3222
3194
3223
3195
3224
3196
3225
3197
3226
3198
3227
3199
3228
3200
3229
3201
3230
3202
3231
3203
3232
3204
3233
3205
3234
3206
3235
3207
3236
3208
3237
3209
3238
3210
3239
3211
3240
3212
3241
3213
3242
3214
3243
3215
3244
3216
3245
3217
3246
3218
3247
3219
3248
3249
5520
3221
3250
3222
3251
3223
3252
3224
3253
3225
3254
3226
3255
3227
3256
3228
3257
3229
3258
3230
3259
3231
3260
3232
3261
3233
3262
3234
3263
3235
3264
3236
3265
3237
3266
3238
3267
3239
3268
3240
3269
3241
3270
3242
3271
3243
3272
3244
3273
3245
3274
3246
3275
3247
3276
3248
3277
3249
3278
3279
5560
3251
3280
3252
3281
3253
3282
3254
3283
3255
3284
3256
3285
3257
3286
3258
3287
3259
3288
3260
3289
3261
3290
3262
3291
3263
3292
3264
3293
3265
3294
3266
3295
3267
3296
3268
3297
3269
3298
3270
3299
3271
3300
3272
3301
3273
3302
3274
3303
3275
3304
3276
3305
3277
3306
3278
3307
3279
3308
3309
5600
3281
3310
3282
3311
3283
3312
3284
3313
3285
3314
3286
3315
3287
3316
3288
3317
3289
3318
3290
3319
3291
3320
3292
3321
3293
3322
3294
3323
3295
3324
3296
3325
3297
3326
3298
3327
3299
3328
3300
3329
3301
3330
3302
3331
3303
3332
3304
3333
3305
3334
3306
3335
3307
3336
3308
3337
3309
3338
3339
5640
3311
3340
3312
3341
3313
3342
3314
3343
3315
3344
3316
3345
3317
3346
3318
3347
3319
3348
3320
3349
3321
3350
3322
3351
3323
3352
3324
3353
3325
3354
3326
3355
3327
3356
3328
3357
3329
3358
3330
3359
3331
3360
3332
3361
3333
3362
3334
3363
3335
3364
3336
3365
3337
3366
3338
3367
3339
3368
3369
5680
3341
3370
3342
3371
3343
3372
3344
3373
3345
3374
3346
3375
3347
3376
3348
3377
3349
3378
3350
3379
3351
3380
3352
3381
3353
3382
3354
3383
3355
3384
3356
3385
3357
3386
3358
3387
3359
3388
3360
3389
3361
3390
3362
3391
3363
3392
3364
3393
3365
3394
3366
3395
3367
3396
3368
3397
3369
3398
3399
5720
3371
3372
3373
3374
3375
3376
3377
3378
3379
3380
3381
3382
3383
3384
3385
3386
3387
3388
3389
3390
3391
3392
3393
3394
3395
3396
3397
3398
3399
5760
3401
3440
3402
3441
3403
3442
3404
3443
3405
3444
3406
3445
3407
3446
3408
3447
3409
3448
3410
3449
3411
3450
3412
3451
3413
3452
3414
3453
3415
3454
3416
3455
3417
3456
3418
3457
3419
3458
3420
3459
3421
3460
3422
3461
3423
3462
3424
3463
3425
3464
3426
3465
3427
3466
3428
3467
3429
3468
3430
3469
3431
3470
3432
3471
3433
3472
3434
3473
3435
3474
3436
3475
3437
3476
3438
3477
3439
3478
3479
5800
3441
3480
3442
3481
3443
3482
3444
3483
3445
3484
3446
3485
3447
3486
3448
3487
3449
3488
3450
3489
3451
3490
3452
3491
3453
3492
3454
3493
3455
3494
3456
3495
3457
3496
3458
3497
3459
3498
3460
3499
3461
3500
3462
3501
3463
3502
3464
3503
3465
3504
3466
3505
3467
3506
3468
3507
3469
3508
3470
3509
3471
3510
3472
3511
3473
3512
3474
3513
3475
3514
3476
3515
3477
3516
3478
3517
3479
3518
3519
5830
3481
3520
3482
3521
3483
3522
3484
3523
3485
3524
3486
3525
3487
3526
3488
3527
3489
3528
3490
3529
3491
3530
3492
3531
3493
3532
3494
3533
3495
3534
3496
3535
3497
3536
3498
3537
3499
3538
3500
3539
3501
3540
3502
3541
3503
3542
3504
3543
3505
3544
3506
3545
3507
3546
3508
3547
3509
3548
3510
3549
3511
3550
3512
3551
3513
3552
3514
3553
3515
3554
3516
3555
3517
3556
3518
3557
3519
3558
3559
5860
3521
3560
3522
3561
3523
3562
3524
3563
3525
3564
3526
3565
3527
3566
3528
3567
3529
3568
3530
3569
3531
3570
3532
3571
3533
3572
3534
3573
3535
3574
3536
3575
3537
3576
3538
3577
3539
3578
3540
3579
3541
3580
3542
3581
3543
3582
3544
3583
3545
3584
3546
3585
3547
3586
3548
3587
3549
3588
3550
3589
3551
3590
3552
3591
3553
3592
3554
3593
3555
3594
3556
3595
3557
3596
3558
3597
3559
3598
3599
5890
3561
3600
3562
3601
3563
3602
3564
3603
3565
3604
3566
3605
3567
3606
3568
3607
3569
3608
3570
3609
3571
3610
3572
3611
3573
3612
3574
3613
3575
3614
3576
3615
3577
3616
3578
3617
3579
3618
3580
3619
3581
3620
3582
3621
3583
3622
3584
3623
3585
3624
3586
3625
3587
3626
3588
3627
3589
3628
3590
3629
3591
3630
3592
3631
3593
3632
3594
3633
3595
3634
3596
3635
3597
3636
3598
3637
3599
3638
3639
5920
3601
3640
3602
3641
3603
3642
3604
3643
3605
3644
3606
3645
3607
3646
3608
3647
3609
3648
3610
3649
3611
3650
3612
3651
3613
3652
3614
3653
3615
3654
3616
3655
3617
3656
3618
3657
3619
3658
3620
3659
3621
3660
3622
3661
3623
3662
3624
3663
3625
3664
3626
3665
3627
3666
3628
3667
3629
3668
3630
3669
3631
3670
3632
3671
3633
3672
3634
3673
3635
3674
3636
3675
3637
3676
3638
3677
3639
3678
3679
5950
3641
3680
3642
3681
3643
3682
3644
3683
3645
3684
3646
3685
3647
3686
3648
3687
3649
3688
3650
3689
3651
3690
3652
3691
3653
3692
3654
3693
3655
3694
3656
3695
3657
3696
3658
3697
3659
3698
3660
3699
3661
3700
3662
3701
3663
3702
3664
3703
3665
3704
3666
3705
3667
3706
3668
3707
3669
3708
3670
3709
3671
3710
3672
3711
3673
3712
3674
3713
3675
3714
3676
3715
3677
3716
3678
3717
3679
3718
3719
5980
3681
3720
3682
3721
3683
3722
3684
3723
3685
3724
3686
3725
3687
3726
3688
3727
3689
3728
3690
3729
3691
3730
3692
3731
3693
3732
3694
3733
3695
3734
3696
3735
3697
3736
3698
3737
3699
3738
3700
3739
3701
3740
3702
3741
3703
3742
3704
3743
3705
3744
3706
3745
3707
3746
3708
3747
3709
3748
3710
3749
3711
3750
3712
3751
3713
3752
3714
3753
3715
3754
3716
3755
3717
3756
3718
3757
3719
3758
3759
6010
3721
3760
3722
3761
3723
3762
3724
3763
3725
3764
3726
3765
3727
3766
3728
3767
3729
3768
3730
3769
3731
3770
3732
3771
3733
3772
3734
3773
3735
3774
3736
3775
3737
3776
3738
3777
3739
3778
3740
3779
3741
3780
3742
3781
3743
3782
3744
3783
3745
3784
3746
3785
3747
3786
3748
3787
3749
3788
3750
3789
3751
3790
3752
3791
3753
3792
3754
3793
3755
3794
3756
3795
3757
3796
3758
3797
3759
3798
3799
6040
3761
3800
3762
3801
3763
3802
3764
3803
3765
3804
3766
3805
3767
3806
3768
3807
3769
3808
3770
3809
3771
3810
3772
3811
3773
3812
3774
3813
3775
3814
3776
3815
3777
3816
3778
3817
3779
3818
3780
3819
3781
3820
3782
3821
3783
3822
3784
3823
3785
3824
3786
3825
3787
3826
3788
3827
3789
3828
3790
3829
3791
3830
3792
3831
3793
3832
3794
3833
3795
3834
3796
3835
3797
3836
3798
3837
3799
3838
3839
6070
3801
3840
3802
3841
3803
3842
3804
3843
3805
3844
3806
3845
3807
3846
3808
3847
3809
3848
3810
3849
3811
3850
3812
3851
3813
3852
3814
3853
3815
3854
3816
3855
3817
3856
3818
3857
3819
3858
3820
3859
3821
3860
3822
3861
3823
3862
3824
3863
3825
3864
3826
3865
3827
3866
3828
3867
3829
3868
3830
3869
3831
3870
3832
3871
3833
3872
3834
3873
3835
3874
3836
3875
3837
3876
3838
3877
3839
3878
3879
6100
3841
3880
3842
3881
3843
3882
3844
3883
3845
3884
3846
3885
3847
3886
3848
3887
3849
3888
3850
3889
3851
3890
3852
3891
3853
3892
3854
3893
3855
3894
3856
3895
3857
3896
3858
3897
3859
3898
3860
3899
3861
3900
3862
3901
3863
3902
3864
3903
3865
3904
3866
3905
3867
3906
3868
3907
3869
3908
3870
3909
3871
3910
3872
3911
3873
3912
3874
3913
3875
3914
3876
3915
3877
3916
3878
3917
3879
3918
3919
6130
3881
3920
3882
3921
3883
3922
3884
3923
3885
3924
3886
3925
3887
3926
3888
3927
3889
3928
3890
3929
3891
3930
3892
3931
3893
3932
3894
3933
3895
3934
3896
3935
3897
3936
3898
3937
3899
3938
3900
3939
3901
3940
3902
3941
3903
3942
3904
3943
3905
3944
3906
3945
3907
3946
3908
3947
3909
3948
3910
3949
3911
3950
3912
3951
3913
3952
3914
3953
3915
3954
3916
3955
3917
3956
3918
3957
3919
3958
3959
6160
3921
3960
3922
3961
3923
3962
3924
3963
3925
3964
3926
3965
3927
3966
3928
3967
3929
3968
3930
3969
3931
3970
3932
3971
3933
3972
3934
3973
3935
3974
3936
3975
3937
3976
3938
3977
3939
3978
3940
3979
3941
3980
3942
3981
3943
3982
3944
3983
3945
3984
3946
3985
3947
3986
3948
3987
3949
3988
3950
3989
3951
3990
3952
3991
3953
3992
3954
3993
3955
3994
3956
3995
3957
3996
3958
3997
3959
3998
3999
6190
3961
4000
3962
4001
3963
4002
3964
4003
3965
4004
3966
4005
3967
4006
3968
4007
3969
4008
3970
4009
3971
4010
3972
4011
3973
4012
3974
4013
3975
4014
3976
4015
3977
4016
3978
4017
3979
4018
3980
4019
3981
4020
3982
4021
3983
4022
3984
4023
3985
4024
3986
4025
3987
4026
3988
4027
3989
4028
3990
4029
3991
4030
3992
4031
3993
4032
3994
4033
3995
4034
3996
4035
3997
4036
3998
4037
3999
4038
4039
6220
4001
4040
4002
4041
4003
4042
4004
4043
4005
4044
4006
4045
4007
4046
4008
4047
4009
4048
4010
4049
4011
4050
4012
4051
4013
4052
4014
4053
4015
4054
4016
4055
4017
4056
4018
4057
4019
4058
4020
4059
4021
4060
4022
4061
4023
4062
4024
4063
4025
4064
4026
4065
4027
4066
4028
4067
4029
4068
4030
4069
4031
4070
4032
4071
4033
4072
4034
4073
4035
4074
4036
4075
4037
4076
4038
4077
4039
4078
4079
6250
4041
4080
4042
4081
4043
4082
4044
4083
4045
4084
4046
4085
4047
4086
4048
4087
4049
4088
4050
4089
4051
4090
4052
4091
4053
4092
4054
4093
4055
4094
4056
4095
4057
4096
4058
4097
4059
4098
4060
4099
4061
4100
4062
4101
4063
4102
4064
4103
4065
4104
4066
4105
4067
4106
4068
4107
4069
4108
4070
4109
4071
4110
4072
4111
4073
4112
4074
4113
4075
4114
4076
4115
4077
4116
4078
4117
4079
4118
4119
6280
4081
4120
4082
4121
4083
4122
4084
4123
4085
4124
4086
4125
4087
4126
4088
4127
4089
4128
4090
4129
4091
4130
4092
4131
4093
4132
4094
4133
4095
4134
4096
4135
4097
4136
4098
4137
4099
4138
4100
4139
4101
4140
4102
4141
4103
4142
4104
4143
4105
4144
4106
4145
4107
4146
4108
4147
4109
4148
4110
4149
4111
4150
4112
4151
4113
4152
4114
4153
4115
4154
4116
4155
4117
4156
4118
4157
4119
4158
4159
6310
4121
4160
4122
4161
4123
4162
4124
4163
4125
4164
4126
4165
4127
4166
4128
4167
4129
4168
4130
4169
4131
4170
4132
4171
4133
4172
4134
4173
4135
4174
4136
4175
4137
4176
4138
4177
4139
4178
4140
4179
4141
4180
4142
4181
4143
4182
4144
4183
4145
4184
4146
4185
4147
4186
4148
4187
4149
4188
4150
4189
4151
4190
4152
4191
4153
4192
4154
4193
4155
4194
4156
4195
4157
4196
4158
4197
4159
4198
4199
6340
4161
4200
4162
4201
4163
4202
4164
4203
4165
4204
4166
4205
4167
4206
4168
4207
4169
4208
4170
4209
4171
4210
4172
4211
4173
4212
4174
4213
4175
4214
4176
4215
4177
4216
4178
4217
4179
4218
4180
4219
4181
4220
4182
4221
4183
4222
4184
4223
4185
4224
4186
4225
4187
4226
4188
4227
4189
4228
4190
4229
4191
4230
4192
4231
4193
4232
4194
4233
4195
4234
4196
4235
4197
4236
4198
4237
4199
4238
4239
6370
4201
4240
4202
4241
4203
4242
4204
4243
4205
4244
4206
4245
4207
4246
4208
4247
4209
4248
4210
4249
4211
4250
4212
4251
4213
4252
4214
4253
4215
4254
4216
4255
4217
4256
4218
4257
4219
4258
4220
4259
4221
4260
4222
4261
4223
4262
4224
4263
4225
4264
4226
4265
4227
4266
4228
4267
4229
4268
4230
4269
4231
4270
4232
4271
4233
4272
4234
4273
4235
4274
4236
4275
4237
4276
4238
4277
4239
4278
4279
6400
4241
4280
4242
4281
4243
4282
4244
4283
4245
4284
4246
4285
4247
4286
4248
4287
4249
4288
4250
4289
4251
4290
4252
4291
4253
4292
4254
4293
4255
4294
4256
4295
4257
4296
4258
4297
4259
4298
4260
4299
4261
4300
4262
4301
4263
4302
4264
4303
4265
4304
4266
4305
4267
4306
4268
4307
4269
4308
4270
4309
4271
4310
4272
4311
4273
4312
4274
4313
4275
4314
4276
4315
4277
4316
4278
4317
4279
4318
4319
6430
4281
4320
4282
4321
4283
4322
4284
4323
4285
4324
4286
4325
4287
4326
4288
4327
4289
4328
4290
4329
4291
4330
4292
4331
4293
4332
4294
4333
4295
4334
4296
4335
4297
4336
4298
4337
4299
4338
4300
4339
4301
4340
4302
4341
4303
4342
4304
4343
4305
4344
4306
4345
4307
4346
4308
4347
4309
4348
4310
4349
4311
4350
4312
4351
4313
4352
4314
4353
4315
4354
4316
4355
4317
4356
4318
4357
4319
4358
4359
6460
4321
4360
4322
4361
4323
4362
4324
4363
4325
4364
4326
4365
4327
4366
4328
4367
4329
4368
4330
4369
4331
4370
4332
4371
4333
4372
4334
4373
4335
4374
4336
4375
4337
4376
4338
4377
4339
4378
4340
4379
4341
4380
4342
4381
4343
4382
4344
4383
4345
4384
4346
4385
4347
4386
4348
4387
4349
4388
4350
4389
4351
4390
4352
4391
4353
4392
4354
4393
4355
4394
4356
4395
4357
4396
4358
4397
4359
4398
4399
6490
4361
4400
4362
4401
4363
4402
4364
4403
4365
4404
4366
4405
4367
4406
4368
4407
4369
4408
4370
4409
4371
4410
4372
4411
4373
4412
4374
4413
4375
4414
4376
4415
4377
4416
4378
4417
4379
4418
4380
4419
4381
4420
4382
4421
4383
4422
4384
4423
4385
4424
4386
4425
4387
4426
4388
4427
4389
4428
4390
4429
4391
4430
4392
4431
4393
4432
4394
4433
4395
4434
4396
4435
4397
4436
4398
4437
4399
4438
4439
6520
4401
4440
4402
4441
4403
4442
4404
4443
4405
4444
4406
4445
4407
4446
4408
4447
4409
4448
4410
4449
4411
4450
4412
4451
4413
4452
4414
4453
4415
4454
4416
4455
4417
4456
4418
4457
4419
4458
4420
4459
4421
4460
4422
4461
4423
4462
4424
4463
4425
4464
4426
4465
4427
4466
4428
4467
4429
4468
4430
4469
4431
4470
4432
4471
4433
4472
4434
4473
4435
4474
4436
4475
4437
4476
4438
4477
4439
4478
4479
6550
4441
4480
4442
4481
4443
4482
4444
4483
4445
4484
4446
4485
4447
4486
4448
4487
4449
4488
4450
4489
4451
4490
4452
4491
4453
4492
4454
4493
4455
4494
4456
4495
4457
4496
4458
4497
4459
4498
4460
4499
4461
4500
4462
4501
4463
4502
4464
4503
4465
4504
4466
4505
4467
4506
4468
4507
4469
4508
4470
4509
4471
4510
4472
4511
4473
4512
4474
4513
4475
4514
4476
4515
4477
4516
4478
4517
4479
4518
4519
6580
4481
4520
4482
4521
4483
4522
4484
4523
4485
4524
4486
4525
4487
4526
4488
4527
4489
4528
4490
4529
4491
4530
4492
4531
4493
4532
4494
4533
4495
4534
4496
4535
4497
4536
4498
4537
4499
4538
4500
4539
4501
4540
4502
4541
4503
4542
4504
4543
4505
4544
4506
4545
4507
4546
4508
4547
4509
4548
4510
4549
4511
4550
4512
4551
4513
4552
4514
4553
4515
4554
4516
4555
4517
4556
4518
4557
4519
4558
4559
6610
4521
4560
4522
4561
4523
4562
4524
4563
4525
4564
4526
4565
4527
4566
4528
4567
4529
4568
4530
4569
4531
4570
4532
4571
4533
4572
4534
4573
4535
4574
4536
4575
4537
4576
4538
4577
4539
4578
4540
4579
4541
4580
4542
4581
4543
4582
4544
4583
4545
4584
4546
4585
4547
4586
4548
4587
4549
4588
4550
4589
4551
4590
4552
4591
4553
4592
4554
4593
4555
4594
4556
4595
4557
4596
4558
4597
4559
4598
4599
6640
4561
4600
4562
4601
4563
4602
4564
4603
4565
4604
4566
4605
4567
4606
4568
4607
4569
4608
4570
4609
4571
4610
4572
4611
4573
4612
4574
4613
4575
4614
4576
4615
4577
4616
4578
4617
4579
4618
4580
4619
4581
4620
4582
4621
4583
4622
4584
4623
4585
4624
4586
4625
4587
4626
4588
4627
4589
4628
4590
4629
4591
4630
4592
4631
4593
4632
4594
4633
4595
4634
4596
4635
4597
4636
4598
4637
4599
4638
4639
6670
4601
4640
4602
4641
4603
4642
4604
4643
4605
4644
4606
4645
4607
4646
4608
4647
4609
4648
4610
4649
4611
4650
4612
4651
4613
4652
4614
4653
4615
4654
4616
4655
4617
4656
4618
4657
4619
4658
4620
4659
4621
4660
4622
4661
4623
4662
4624
4663
4625
4664
4626
4665
4627
4666
4628
4667
4629
4668
4630
4669
4631
4670
4632
4671
4633
4672
4634
4673
4635
4674
4636
4675
4637
4676
4638
4677
4639
4678
4679
6700
4641
4680
4642
4681
4643
4682
4644
4683
4645
4684
4646
4685
4647
4686
4648
4687
4649
4688
4650
4689
4651
4690
4652
4691
4653
4692
4654
4693
4655
4694
4656
4695
4657
4696
4658
4697
4659
4698
4660
4699
4661
4700
4662
4701
4663
4702
4664
4703
4665
4704
4666
4705
4667
4706
4668
4707
4669
4708
4670
4709
4671
4710
4672
4711
4673
4712
4674
4713
4675
4714
4676
4715
4677
4716
4678
4717
4679
4718
4719
6730
4681
4720
4682
4721
4683
4722
4684
4723
4685
4724
4686
4725
4687
4726
4688
4727
4689
4728
4690
4729
4691
4730
4692
4731
4693
4732
4694
4733
4695
4734
4696
4735
4697
4736
4698
4737
4699
4738
4700
4739
4701
4740
4702
4741
4703
4742
4704
4743
4705
4744
4706
4745
4707
4746
4708
4747
4709
4748
4710
4749
4711
4750
4712
4751
4713
4752
4714
4753
4715
4754
4716
4755
4717
4756
4718
4757
4719
4758
4759
6760
4721
4760
4722
4761
4723
4762
4724
4763
4725
4764
4726
4765
4727
4766
4728
4767
4729
4768
4730
4769
4731
4770
4732
4771
4733
4772
4734
4773
4735
4774
4736
4775
4737
4776
4738
4777
4739
4778
4740
4779
4741
4780
4742
4781
4743
4782
4744
4783
4745
4784
4746
4785
4747
4786
4748
4787
4749
4788
4750
4789
4751
4790
4752
4791
4753
4792
4754
4793
4755
4794
4756
4795
4757
4796
4758
4797
4759
4798
4799
6790
4761
4800
4762
4801
4763
4802
4764
4803
4765
4804
4766
4805
4767
4806
4768
4807
4769
4808
4770
4809
4771
4810
4772
4811
4773
4812
4774
4813
4775
4814
4776
4815
4777
4816
4778
4817
4779
4818
4780
4819
4781
4820
4782
4821
4783
4822
4784
4823
4785
4824
4786
4825
4787
4826
4788
4827
4789
4828
4790
4829
4791
4830
4792
4831
4793
4832
4794
4833
4795
4834
4796
4835
4797
4836
4798
4837
4799
4838
4839
6820
4801
4840
4802
4841
4803
4842
4804
4843
4805
4844
4806
4845
4807
4846
4808
4847
4809
4848
4810
4849
4811
4850
4812
4851
4813
4852
4814
4853
4815
4854
4816
4855
4817
4856
4818
4857
4819
4858
4820
4859
4821
4860
4822
4861
4823
4862
4824
4863
4825
4864
4826
4865
4827
4866
4828
4867
4829
4868
4830
4869
4831
4870
4832
4871
4833
4872
4834
4873
4835
4874
4836
4875
4837
4876
4838
4877
4839
4878
4879
6850
4841
4880
4842
4881
4843
4882
4844
4883
4845
4884
4846
4885
4847
4886
4848
4887
4849
4888
4850
4889
4851
4890
4852
4891
4853
4892
4854
4893
4855
4894
4856
4895
4857
4896
4858
4897
4859
4898
4860
4899
4861
4900
4862
4901
4863
4902
4864
4903
4865
4904
4866
4905
4867
4906
4868
4907
4869
4908
4870
4909
4871
4910
4872
4911
4873
4912
4874
4913
4875
4914
4876
4915
4877
4916
4878
4917
4879
4918
4919
6880
4881
4920
4882
4921
4883
4922
4884
4923
4885
4924
4886
4925
4887
4926
4888
4927
4889
4928
4890
4929
4891
4930
4892
4931
4893
4932
4894
4933
4895
4934
4896
4935
4897
4936
4898
4937
4899
4938
4900
4939
4901
4940
4902
4941
4903
4942
4904
4943
4905
4944
4906
4945
4907
4946
4908
4947
4909
4948
4910
4949
4911
4950
4912
4951
4913
4952
4914
4953
4915
4954
4916
4955
4917
4956
4918
4957
4919
4958
4959
6910
4921
4960
4922
4961
4923
4962
4924
4963
4925
4964
4926
4965
4927
4966
4928
4967
4929
4968
4930
4969
4931
4970
4932
4971
4933
4972
4934
4973
4935
4974
4936
4975
4937
4976
4938
4977
4939
4978
4940
4979
4941
4980
4942
4981
4943
4982
4944
4983
4945
4984
4946
4985
4947
4986
4948
4987
4949
4988
4950
4989
4951
4990
4952
4991
4953
4992
4954
4993
4955
4994
4956
4995
4957
4996
4958
4997
4959
4998
4999
6940
4961
5000
4962
5001
4963
5002
4964
5003
4965
5004
4966
5005
4967
5006
4968
5007
4969
5008
4970
5009
4971
5010
4972
5011
4973
5012
4974
5013
4975
5014
4976
5015
4977
5016
4978
5017
4979
5018
4980
5019
4981
5020
4982
5021
4983
5022
4984
5023
4985
5024
4986
5025
4987
5026
4988
5027
4989
5028
4990
5029
4991
5030
4992
5031
4993
5032
4994
5033
4995
5034
4996
5035
4997
5036
4998
5037
4999
5038
5039
6970
5001
5040
5002
5041
5003
5042
5004
5043
5005
5044
5006
5045
5007
5046
5008
5047
5009
5048
5010
5049
5011
5050
5012
5051
5013
5052
5014
5053
5015
5054
5016
5055
5017
5056
5018
5057
5019
5058
5020
5059
5021
5060
5022
5061
5023
5062
5024
5063
5025
5064
5026
5065
5027
5066
5028
5067
5029
5068
5030
5069
5031
5070
5032
5071
5033
5072
5034
5073
5035
5074
5036
5075
5037
5076
5038
5077
5039
5078
5079
7000
5041
5080
5042
5081
5043
5082
5044
5083
5045
5084
5046
5085
5047
5086
5048
5087
5049
5088
5050
5089
5051
5090
5052
5091
5053
5092
5054
5093
5055
5094
5056
5095
5057
5096
5058
5097
5059
5098
5060
5099
5061
5100
5062
5101
5063
5102
5064
5103
5065
5104
5066
5105
5067
5106
5068
5107
5069
5108
5070
5109
5071
5110
5072
5111
5073
5112
5074
5113
5075
5114
5076
5115
5077
5116
5078
5117
5079
5118
5119
7030
5081
5120
5082
5121
5083
5122
5084
5123
5085
5124
5086
5125
5087
5126
5088
5127
5089
5128
5090
5129
5091
5130
5092
5131
5093
5132
5094
5133
5095
5134
5096
5135
5097
5136
5098
5137
5099
5138
5100
5139
5101
5140
5102
5141
5103
5142
5104
5143
5105
5144
5106
5145
5107
5146
5108
5147
5109
5148
5110
5149
5111
5150
5112
5151
5113
5152
5114
5153
5115
5154
5116
5155
5117
5156
5118
5157
5119
5158
5159
7060
5121
5160
5122
5161
5123
5162
5124
5163
5125
5164
5126
5165
5127
5166
5128
5167
5129
5168
5130
5169
5131
5170
5132
5171
5133
5172
5134
5173
5135
5174
5136
5175
5137
5176
5138
5177
5139
5178
5140
5179
5141
5180
5142
5181
5143
5182
5144
5183
5145
5184
5146
5185
5147
5186
5148
5187
5149
5188
5150
5189
5151
5190
5152
5191
5153
5192
5154
5193
5155
5194
5156
5195
5157
5196
5158
5197
5159
5198
5199
7090
5161
5200
5162
5201
5163
5202
5164
5203
5165
5204
5166
5205
5167
5206
5168
5207
5169
5208
5170
5209
5171
5210
5172
5211
5173
5212
5174
5213
5175
5214
5176
5215
5177
5216
5178
5217
5179
5218
5180
5219
5181
5220
5182
5221
5183
5222
5184
5223
5185
5224
5186
5225
5187
5226
5188
5227
5189
5228
5190
5229
5191
5230
5192
5231
5193
5232
5194
5233
5195
5234
5196
5235
5197
5236
5198
5237
5199
5238
5239
7120
5201
5240
5202
5241
5203
5242
5204
5243
5205
5244
5206
5245
5207
5246
5208
5247
5209
5248
5210
5249
5211
5250
5212
5251
5213
5252
5214
5253
5215
5254
5216
5255
5217
5256
5218
5257
5219
5258
5220
5259
5221
5260
5222
5261
5223
5262
5224
5263
5225
5264
5226
5265
5227
5266
5228
5267
5229
5268
5230
5269
5231
5270
5232
5271
5233
5272
5234
5273
5235
5274
5236
5275
5237
5276
5238
5277
5239
5278
5279
7150
5241
5280
5242
5281
5243
5282
5244
5283
5245
5284
5246
5285
5247
5286
5248
5287
5249
5288
5250
5289
5251
5290
5252
5291
5253
5292
5254
5293
5255
5294
5256
5295
5257
5296
5258
5297
5259
5298
5260
5299
5261
5300
5262
5301
5263
5302
5264
5303
5265
5304
5266
5305
5267
5306
5268
5307
5269
5308
5270
5309
5271
5310
5272
5311
5273
5312
5274
5313
5275
5314
5276
5315
5277
5316
5278
5317
5279
5318
5319
7180
5281
5320
5282
5321
5283
5322
5284
5323
5285
5324
5286
5325
5287
5326
5288
5327
5289
5328
5290
5329
5291
5330
5292
5331
5293
5332
5294
5333
5295
5334
5296
5335
5297
5336
5298
5337
5299
5338
5300
5339
5301
5340
5302
5341
5303
5342
5304
5343
5305
5344
5306
5345
5307
5346
5308
5347
5309
5348
5310
5349
5311
5350
5312
5351
5313
5352
5314
5353
5315
5354
5316
5355
5317
5356
5318
5357
5319
5358
5359
7210
5321
5360
5322
5361
5323
5362
5324
5363
5325
5364
5326
5365
5327
5366
5328
5367
5329
5368
5330
5369
5331
5370
5332
5371
5333
5372
5334
5373
5335
5374
5336
5375
5337
5376
5338
5377
5339
5378
5340
5379
5341
5380
5342
5381
5343
5382
5344
5383
5345
5384
5346
5385
5347
5386
5348
5387
5349
5388
5350
5389
5351
5390
5352
5391
5353
5392
5354
5393
5355
5394
5356
5395
5357
5396
5358
5397
5359
5398
5399
7240
5361
5400
5362
5401
5363
5402
5364
5403
5365
5404
5366
5405
5367
5406
5368
5407
5369
5408
5370
5409
5371
5410
5372
5411
5373
5412
5374
5413
5375
5414
5376
5415
5377
5416
5378
5417
5379
5418
5380
5419
5381
5420
5382
5421
5383
5422
5384
5423
5385
5424
5386
5425
5387
5426
5388
5427
5389
5428
5390
5429
5391
5430
5392
5431
5393
5432
5394
5433
5395
5434
5396
5435
5397
5436
5398
5437
5399
5438
5439
7270
5401
5440
5402
5441
5403
5442
5404
5443
5405
5444
5406
5445
5407
5446
5408
5447
5409
5448
5410
5449
5411
5450
5412
5451
5413
5452
5414
5453
5415
5454
5416
5455
5417
5456
5418
5457
5419
5458
5420
5459
5421
5460
5422
5461
5423
5462
5424
5463
5425
5464
5426
5465
5427
5466
5428
5467
5429
5468
5430
5469
5431
5470
5432
5471
5433
5472
5434
5473
5435
5474
5436
5475
5437
5476
5438
5477
5439
5478
5479
7300
5441
5480
5442
5481
5443
5482
5444
5483
5445
5484
5446
5485
5447
5486
5448
5487
5449
5488
5450
5489
5451
5490
5452
5491
5453
5492
5454
5493
5455
5494
5456
5495
5457
5496
5458
5497
5459
5498
5460
5499
5461
5500
5462
5501
5463
5502
5464
5503
5465
5504
5466
5505
5467
5506
5468
5507
5469
5508
5470
5509
5471
5510
5472
5511
5473
5512
5474
5513
5475
5514
5476
5515
5477
5516
5478
5517
5479
5518
5519
7330
5481
5520
5482
5521
5483
5522
5484
5523
5485
5524
5486
5525
5487
5526
5488
5527
5489
5528
5490
5529
5491
5530
5492
5531
5493
5532
5494
5533
5495
5534
5496
5535
5497
5536
5498
5537
5499
5538
5500
5539
5501
5540
5502
5541
5503
5542
5504
5543
5505
5544
5506
5545
5507
5546
5508
5547
5509
5548
5510
5549
5511
5550
5512
5551
5513
5552
5514
5553
5515
5554
5516
5555
5517
5556
5518
5557
5519
5558
5559
7360
5521
5560
5522
5561
5523
5562
5524
5563
5525
5564
5526
5565
5527
5566
5528
5567
5529
5568
5530
5569
5531
5570
5532
5571
5533
5572
5534
5573
5535
5574
5536
5575
5537
5576
5538
5577
5539
5578
5540
5579
5541
5580
5542
5581
5543
5582
5544
5583
5545
5584
5546
5585
5547
5586
5548
5587
5549
5588
5550
5589
5551
5590
5552
5591
5553
5592
5554
5593
5555
5594
5556
5595
5557
5596
5558
5597
5559
5598
5599
7390
5561
5600
5562
5601
5563
5602
5564
5603
5565
5604
5566
5605
5567
5606
5568
5607
5569
5608
5570
5609
5571
5610
5572
5611
5573
5612
5574
5613
5575
5614
5576
5615
5577
5616
5578
5617
5579
5618
5580
5619
5581
5620
5582
5621
5583
5622
5584
5623
5585
5624
5586
5625
5587
5626
5588
5627
5589
5628
5590
5629
5591
5630
5592
5631
5593
5632
5594
5633
5595
5634
5596
5635
5597
5636
5598
5637
5599
5638
5639
7420
5601
5640
5602
5641
5603
5642
5604
5643
5605
5644
5606
5645
5607
5646
5608
5647
5609
5648
5610
5649
5611
5650
5612
5651
5613
5652
5614
5653
5615
5654
5616
5655
5617
5656
5618
5657
5619
5658
5620
5659
5621
5660
5622
5661
5623
5662
5624
5663
5625
5664
5626
5665
5627
5666
5628
5667
5629
5668
5630
5669
5631
5670
5632
5671
5633
5672
5634
5673
5635
5674
5636
5675
5637
5676
5638
5677
5639
5678
5679
7450
5641
5680
5642
5681
5643
5682
5644
5683
5645
5684
5646
5685
5647
5686
5648
5687
5649
5688
5650
5689
5651
5690
5652
5691
5653
5692
5654
5693
5655
5694
5656
5695
5657
5696
5658
5697
5659
5698
5660
5699
5661
5700
5662
5701
5663
5702
5664
5703
5665
5704
5666
5705
5667
5706
5668
5707
5669
5708
5670
5709
5671
5710
5672
5711
5673
5712
5674
5713
5675
5714
5676
5715
5677
5716
5678
5717
5679
5718
5719
7480
5681
5720
5682
5721
5683
5722
5684
5723
5685
5724
5686
5725
5687
5726
5688
5727
5689
5728
5690
5729
5691
5730
5692
5731
5693
5732
5694
5733
5695
5734
5696
5735
5697
5736
5698
5737
5699
5738
5700
5739
5701
5740
5702
5741
5703
5742
5704
5743
5705
5744
5706
5745
5707
5746
5708
5747
5709
5748
5710
5749
5711
5750
5712
5751
5713
5752
5714
5753
5715
5754
5716
5755
5717
5756
5718
5757
5719
5758
5759
7510
5721
5760
5722
5761
5723
5762
5724
5763
5725
5764
5726
5765
5727
5766
5728
5767
5729
5768
5730
5769
5731
5770
5732
5771
5733
5772
5734
5773
5735
5774
5736
5775
5737
5776
5738
5777
5739
5778
5740
5779
5741
5780
5742
5781
5743
5782
5744
5783
5745
5784
5746
5785
5747
5786
5748
5787
5749
5788
5750
5789
5751
5790
5752
5791
5753
5792
5754
5793
5755
5794
5756
5795
5757
5796
5758
5797
5759
5798
5799
7540
5761
5762
5763
5764
5765
5766
5767
5768
5769
5770
5771
5772
5773
5774
5775
5776
5777
5778
5779
5780
5781
5782
5783
5784
5785
5786
5787
5788
5789
5790
5791
5792
5793
5794
5795
5796
5797
5798
5799
7570
5801
5830
5802
5831
5803
5832
5804
5833
5805
5834
5806
5835
5807
5836
5808
5837
5809
5838
5810
5839
5811
5840
5812
5841
5813
5842
5814
5843
5815
5844
5816
5845
5817
5846
5818
5847
5819
5848
5820
5849
5821
5850
5822
5851
5823
5852
5824
5853
5825
5854
5826
5855
5827
5856
5828
5857
5829
5858
5859
5831
5860
5832
5861
5833
5862
5834
5863
5835
5864
5836
5865
5837
5866
5838
5867
5839
5868
5840
5869
5841
5870
5842
5871
5843
5872
5844
5873
5845
5874
5846
5875
5847
5876
5848
5877
5849
5878
5850
5879
5851
5880
5852
5881
5853
5882
5854
5883
5855
5884
5856
5885
5857
5886
5858
5887
5859
5888
5889
5861
5890
5862
5891
5863
5892
5864
5893
5865
5894
5866
5895
5867
5896
5868
5897
5869
5898
5870
5899
5871
5900
5872
5901
5873
5902
5874
5903
5875
5904
5876
5905
5877
5906
5878
5907
5879
5908
5880
5909
5881
5910
5882
5911
5883
5912
5884
5913
5885
5914
5886
5915
5887
5916
5888
5917
5889
5918
5919
5891
5920
5892
5921
5893
5922
5894
5923
5895
5924
5896
5925
5897
5926
5898
5927
5899
5928
5900
5929
5901
5930
5902
5931
5903
5932
5904
5933
5905
5934
5906
5935
5907
5936
5908
5937
5909
5938
5910
5939
5911
5940
5912
5941
5913
5942
5914
5943
5915
5944
5916
5945
5917
5946
5918
5947
5919
5948
5949
5921
5950
5922
5951
5923
5952
5924
5953
5925
5954
5926
5955
5927
5956
5928
5957
5929
5958
5930
5959
5931
5960
5932
5961
5933
5962
5934
5963
5935
5964
5936
5965
5937
5966
5938
5967
5939
5968
5940
5969
5941
5970
5942
5971
5943
5972
5944
5973
5945
5974
5946
5975
5947
5976
5948
5977
5949
5978
5979
5951
5980
5952
5981
5953
5982
5954
5983
5955
5984
5956
5985
5957
5986
5958
5987
5959
5988
5960
5989
5961
5990
5962
5991
5963
5992
5964
5993
5965
5994
5966
5995
5967
5996
5968
5997
5969
5998
5970
5999
5971
6000
5972
6001
5973
6002
5974
6003
5975
6004
5976
6005
5977
6006
5978
6007
5979
6008
6009
5981
6010
5982
6011
5983
6012
5984
6013
5985
6014
5986
6015
5987
6016
5988
6017
5989
6018
5990
6019
5991
6020
5992
6021
5993
6022
5994
6023
5995
6024
5996
6025
5997
6026
5998
6027
5999
6028
6000
6029
6001
6030
6002
6031
6003
6032
6004
6033
6005
6034
6006
6035
6007
6036
6008
6037
6009
6038
6039
6011
6040
6012
6041
6013
6042
6014
6043
6015
6044
6016
6045
6017
6046
6018
6047
6019
6048
6020
6049
6021
6050
6022
6051
6023
6052
6024
6053
6025
6054
6026
6055
6027
6056
6028
6057
6029
6058
6030
6059
6031
6060
6032
6061
6033
6062
6034
6063
6035
6064
6036
6065
6037
6066
6038
6067
6039
6068
6069
6041
6070
6042
6071
6043
6072
6044
6073
6045
6074
6046
6075
6047
6076
6048
6077
6049
6078
6050
6079
6051
6080
6052
6081
6053
6082
6054
6083
6055
6084
6056
6085
6057
6086
6058
6087
6059
6088
6060
6089
6061
6090
6062
6091
6063
6092
6064
6093
6065
6094
6066
6095
6067
6096
6068
6097
6069
6098
6099
6071
6100
6072
6101
6073
6102
6074
6103
6075
6104
6076
6105
6077
6106
6078
6107
6079
6108
6080
6109
6081
6110
6082
6111
6083
6112
6084
6113
6085
6114
6086
6115
6087
6116
6088
6117
6089
6118
6090
6119
6091
6120
6092
6121
6093
6122
6094
6123
6095
6124
6096
6125
6097
6126
6098
6127
6099
6128
6129
6101
6130
6102
6131
6103
6132
6104
6133
6105
6134
6106
6135
6107
6136
6108
6137
6109
6138
6110
6139
6111
6140
6112
6141
6113
6142
6114
6143
6115
6144
6116
6145
6117
6146
6118
6147
6119
6148
6120
6149
6121
6150
6122
6151
6123
6152
6124
6153
6125
6154
6126
6155
6127
6156
6128
6157
6129
6158
6159
6131
6160
6132
6161
6133
6162
6134
6163
6135
6164
6136
6165
6137
6166
6138
6167
6139
6168
6140
6169
6141
6170
6142
6171
6143
6172
6144
6173
6145
6174
6146
6175
6147
6176
6148
6177
6149
6178
6150
6179
6151
6180
6152
6181
6153
6182
6154
6183
6155
6184
6156
6185
6157
6186
6158
6187
6159
6188
6189
6161
6190
6162
6191
6163
6192
6164
6193
6165
6194
6166
6195
6167
6196
6168
6197
6169
6198
6170
6199
6171
6200
6172
6201
6173
6202
6174
6203
6175
6204
6176
6205
6177
6206
6178
6207
6179
6208
6180
6209
6181
6210
6182
6211
6183
6212
6184
6213
6185
6214
6186
6215
6187
6216
6188
6217
6189
6218
6219
6191
6220
6192
6221
6193
6222
6194
6223
6195
6224
6196
6225
6197
6226
6198
6227
6199
6228
6200
6229
6201
6230
6202
6231
6203
6232
6204
6233
6205
6234
6206
6235
6207
6236
6208
6237
6209
6238
6210
6239
6211
6240
6212
6241
6213
6242
6214
6243
6215
6244
6216
6245
6217
6246
6218
6247
6219
6248
6249
6221
6250
6222
6251
6223
6252
6224
6253
6225
6254
6226
6255
6227
6256
6228
6257
6229
6258
6230
6259
6231
6260
6232
6261
6233
6262
6234
6263
6235
6264
6236
6265
6237
6266
6238
6267
6239
6268
6240
6269
6241
6270
6242
6271
6243
6272
6244
6273
6245
6274
6246
6275
6247
6276
6248
6277
6249
6278
6279
6251
6280
6252
6281
6253
6282
6254
6283
6255
6284
6256
6285
6257
6286
6258
6287
6259
6288
6260
6289
6261
6290
6262
6291
6263
6292
6264
6293
6265
6294
6266
6295
6267
6296
6268
6297
6269
6298
6270
6299
6271
6300
6272
6301
6273
6302
6274
6303
6275
6304
6276
6305
6277
6306
6278
6307
6279
6308
6309
6281
6310
6282
6311
6283
6312
6284
6313
6285
6314
6286
6315
6287
6316
6288
6317
6289
6318
6290
6319
6291
6320
6292
6321
6293
6322
6294
6323
6295
6324
6296
6325
6297
6326
6298
6327
6299
6328
6300
6329
6301
6330
6302
6331
6303
6332
6304
6333
6305
6334
6306
6335
6307
6336
6308
6337
6309
6338
6339
6311
6340
6312
6341
6313
6342
6314
6343
6315
6344
6316
6345
6317
6346
6318
6347
6319
6348
6320
6349
6321
6350
6322
6351
6323
6352
6324
6353
6325
6354
6326
6355
6327
6356
6328
6357
6329
6358
6330
6359
6331
6360
6332
6361
6333
6362
6334
6363
6335
6364
6336
6365
6337
6366
6338
6367
6339
6368
6369
6341
6370
6342
6371
6343
6372
6344
6373
6345
6374
6346
6375
6347
6376
6348
6377
6349
6378
6350
6379
6351
6380
6352
6381
6353
6382
6354
6383
6355
6384
6356
6385
6357
6386
6358
6387
6359
6388
6360
6389
6361
6390
6362
6391
6363
6392
6364
6393
6365
6394
6366
6395
6367
6396
6368
6397
6369
6398
6399
6371
6400
6372
6401
6373
6402
6374
6403
6375
6404
6376
6405
6377
6406
6378
6407
6379
6408
6380
6409
6381
6410
6382
6411
6383
6412
6384
6413
6385
6414
6386
6415
6387
6416
6388
6417
6389
6418
6390
6419
6391
6420
6392
6421
6393
6422
6394
6423
6395
6424
6396
6425
6397
6426
6398
6427
6399
6428
6429
6401
6430
6402
6431
6403
6432
6404
6433
6405
6434
6406
6435
6407
6436
6408
6437
6409
6438
6410
6439
6411
6440
6412
6441
6413
6442
6414
6443
6415
6444
6416
6445
6417
6446
6418
6447
6419
6448
6420
6449
6421
6450
6422
6451
6423
6452
6424
6453
6425
6454
6426
6455
6427
6456
6428
6457
6429
6458
6459
6431
6460
6432
6461
6433
6462
6434
6463
6435
6464
6436
6465
6437
6466
6438
6467
6439
6468
6440
6469
6441
6470
6442
6471
6443
6472
6444
6473
6445
6474
6446
6475
6447
6476
6448
6477
6449
6478
6450
6479
6451
6480
6452
6481
6453
6482
6454
6483
6455
6484
6456
6485
6457
6486
6458
6487
6459
6488
6489
6461
6490
6462
6491
6463
6492
6464
6493
6465
6494
6466
6495
6467
6496
6468
6497
6469
6498
6470
6499
6471
6500
6472
6501
6473
6502
6474
6503
6475
6504
6476
6505
6477
6506
6478
6507
6479
6508
6480
6509
6481
6510
6482
6511
6483
6512
6484
6513
6485
6514
6486
6515
6487
6516
6488
6517
6489
6518
6519
6491
6520
6492
6521
6493
6522
6494
6523
6495
6524
6496
6525
6497
6526
6498
6527
6499
6528
6500
6529
6501
6530
6502
6531
6503
6532
6504
6533
6505
6534
6506
6535
6507
6536
6508
6537
6509
6538
6510
6539
6511
6540
6512
6541
6513
6542
6514
6543
6515
6544
6516
6545
6517
6546
6518
6547
6519
6548
6549
6521
6550
6522
6551
6523
6552
6524
6553
6525
6554
6526
6555
6527
6556
6528
6557
6529
6558
6530
6559
6531
6560
6532
6561
6533
6562
6534
6563
6535
6564
6536
6565
6537
6566
6538
6567
6539
6568
6540
6569
6541
6570
6542
6571
6543
6572
6544
6573
6545
6574
6546
6575
6547
6576
6548
6577
6549
6578
6579
6551
6580
6552
6581
6553
6582
6554
6583
6555
6584
6556
6585
6557
6586
6558
6587
6559
6588
6560
6589
6561
6590
6562
6591
6563
6592
6564
6593
6565
6594
6566
6595
6567
6596
6568
6597
6569
6598
6570
6599
6571
6600
6572
6601
6573
6602
6574
6603
6575
6604
6576
6605
6577
6606
6578
6607
6579
6608
6609
6581
6610
6582
6611
6583
6612
6584
6613
6585
6614
6586
6615
6587
6616
6588
6617
6589
6618
6590
6619
6591
6620
6592
6621
6593
6622
6594
6623
6595
6624
6596
6625
6597
6626
6598
6627
6599
6628
6600
6629
6601
6630
6602
6631
6603
6632
6604
6633
6605
6634
6606
6635
6607
6636
6608
6637
6609
6638
6639
6611
6640
6612
6641
6613
6642
6614
6643
6615
6644
6616
6645
6617
6646
6618
6647
6619
6648
6620
6649
6621
6650
6622
6651
6623
6652
6624
6653
6625
6654
6626
6655
6627
6656
6628
6657
6629
6658
6630
6659
6631
6660
6632
6661
6633
6662
6634
6663
6635
6664
6636
6665
6637
6666
6638
6667
6639
6668
6669
6641
6670
6642
6671
6643
6672
6644
6673
6645
6674
6646
6675
6647
6676
6648
6677
6649
6678
6650
6679
6651
6680
6652
6681
6653
6682
6654
6683
6655
6684
6656
6685
6657
6686
6658
6687
6659
6688
6660
6689
6661
6690
6662
6691
6663
6692
6664
6693
6665
6694
6666
6695
6667
6696
6668
6697
6669
6698
6699
6671
6700
6672
6701
6673
6702
6674
6703
6675
6704
6676
6705
6677
6706
6678
6707
6679
6708
6680
6709
6681
6710
6682
6711
6683
6712
6684
6713
6685
6714
6686
6715
6687
6716
6688
6717
6689
6718
6690
6719
6691
6720
6692
6721
6693
6722
6694
6723
6695
6724
6696
6725
6697
6726
6698
6727
6699
6728
6729
6701
6730
6702
6731
6703
6732
6704
6733
6705
6734
6706
6735
6707
6736
6708
6737
6709
6738
6710
6739
6711
6740
6712
6741
6713
6742
6714
6743
6715
6744
6716
6745
6717
6746
6718
6747
6719
6748
6720
6749
6721
6750
6722
6751
6723
6752
6724
6753
6725
6754
6726
6755
6727
6756
6728
6757
6729
6758
6759
6731
6760
6732
6761
6733
6762
6734
6763
6735
6764
6736
6765
6737
6766
6738
6767
6739
6768
6740
6769
6741
6770
6742
6771
6743
6772
6744
6773
6745
6774
6746
6775
6747
6776
6748
6777
6749
6778
6750
6779
6751
6780
6752
6781
6753
6782
6754
6783
6755
6784
6756
6785
6757
6786
6758
6787
6759
6788
6789
6761
6790
6762
6791
6763
6792
6764
6793
6765
6794
6766
6795
6767
6796
6768
6797
6769
6798
6770
6799
6771
6800
6772
6801
6773
6802
6774
6803
6775
6804
6776
6805
6777
6806
6778
6807
6779
6808
6780
6809
6781
6810
6782
6811
6783
6812
6784
6813
6785
6814
6786
6815
6787
6816
6788
6817
6789
6818
6819
6791
6820
6792
6821
6793
6822
6794
6823
6795
6824
6796
6825
6797
6826
6798
6827
6799
6828
6800
6829
6801
6830
6802
6831
6803
6832
6804
6833
6805
6834
6806
6835
6807
6836
6808
6837
6809
6838
6810
6839
6811
6840
6812
6841
6813
6842
6814
6843
6815
6844
6816
6845
6817
6846
6818
6847
6819
6848
6849
6821
6850
6822
6851
6823
6852
6824
6853
6825
6854
6826
6855
6827
6856
6828
6857
6829
6858
6830
6859
6831
6860
6832
6861
6833
6862
6834
6863
6835
6864
6836
6865
6837
6866
6838
6867
6839
6868
6840
6869
6841
6870
6842
6871
6843
6872
6844
6873
6845
6874
6846
6875
6847
6876
6848
6877
6849
6878
6879
6851
6880
6852
6881
6853
6882
6854
6883
6855
6884
6856
6885
6857
6886
6858
6887
6859
6888
6860
6889
6861
6890
6862
6891
6863
6892
6864
6893
6865
6894
6866
6895
6867
6896
6868
6897
6869
6898
6870
6899
6871
6900
6872
6901
6873
6902
6874
6903
6875
6904
6876
6905
6877
6906
6878
6907
6879
6908
6909
6881
6910
6882
6911
6883
6912
6884
6913
6885
6914
6886
6915
6887
6916
6888
6917
6889
6918
6890
6919
6891
6920
6892
6921
6893
6922
6894
6923
6895
6924
6896
6925
6897
6926
6898
6927
6899
6928
6900
6929
6901
6930
6902
6931
6903
6932
6904
6933
6905
6934
6906
6935
6907
6936
6908
6937
6909
6938
6939
6911
6940
6912
6941
6913
6942
6914
6943
6915
6944
6916
6945
6917
6946
6918
6947
6919
6948
6920
6949
6921
6950
6922
6951
6923
6952
6924
6953
6925
6954
6926
6955
6927
6956
6928
6957
6929
6958
6930
6959
6931
6960
6932
6961
6933
6962
6934
6963
6935
6964
6936
6965
6937
6966
6938
6967
6939
6968
6969
6941
6970
6942
6971
6943
6972
6944
6973
6945
6974
6946
6975
6947
6976
6948
6977
6949
6978
6950
6979
6951
6980
6952
6981
6953
6982
6954
6983
6955
6984
6956
6985
6957
6986
6958
6987
6959
6988
6960
6989
6961
6990
6962
6991
6963
6992
6964
6993
6965
6994
6966
6995
6967
6996
6968
6997
6969
6998
6999
6971
7000
6972
7001
6973
7002
6974
7003
6975
7004
6976
7005
6977
7006
6978
7007
6979
7008
6980
7009
6981
7010
6982
7011
6983
7012
6984
7013
6985
7014
6986
7015
6987
7016
6988
7017
6989
7018
6990
7019
6991
7020
6992
7021
6993
7022
6994
7023
6995
7024
6996
7025
6997
7026
6998
7027
6999
7028
7029
7001
7030
7002
7031
7003
7032
7004
7033
7005
7034
7006
7035
7007
7036
7008
7037
7009
7038
7010
7039
7011
7040
7012
7041
7013
7042
7014
7043
7015
7044
7016
7045
7017
7046
7018
7047
7019
7048
7020
7049
7021
7050
7022
7051
7023
7052
7024
7053
7025
7054
7026
7055
7027
7056
7028
7057
7029
7058
7059
7031
7060
7032
7061
7033
7062
7034
7063
7035
7064
7036
7065
7037
7066
7038
7067
7039
7068
7040
7069
7041
7070
7042
7071
7043
7072
7044
7073
7045
7074
7046
7075
7047
7076
7048
7077
7049
7078
7050
7079
7051
7080
7052
7081
7053
7082
7054
7083
7055
7084
7056
7085
7057
7086
7058
7087
7059
7088
7089
7061
7090
7062
7091
7063
7092
7064
7093
7065
7094
7066
7095
7067
7096
7068
7097
7069
7098
7070
7099
7071
7100
7072
7101
7073
7102
7074
7103
7075
7104
7076
7105
7077
7106
7078
7107
7079
7108
7080
7109
7081
7110
7082
7111
7083
7112
7084
7113
7085
7114
7086
7115
7087
7116
7088
7117
7089
7118
7119
7091
7120
7092
7121
7093
7122
7094
7123
7095
7124
7096
7125
7097
7126
7098
7127
7099
7128
7100
7129
7101
7130
7102
7131
7103
7132
7104
7133
7105
7134
7106
7135
7107
7136
7108
7137
7109
7138
7110
7139
7111
7140
7112
7141
7113
7142
7114
7143
7115
7144
7116
7145
7117
7146
7118
7147
7119
7148
7149
7121
7150
7122
7151
7123
7152
7124
7153
7125
7154
7126
7155
7127
7156
7128
7157
7129
7158
7130
7159
7131
7160
7132
7161
7133
7162
7134
7163
7135
7164
7136
7165
7137
7166
7138
7167
7139
7168
7140
7169
7141
7170
7142
7171
7143
7172
7144
7173
7145
7174
7146
7175
7147
7176
7148
7177
7149
7178
7179
7151
7180
7152
7181
7153
7182
7154
7183
7155
7184
7156
7185
7157
7186
7158
7187
7159
7188
7160
7189
7161
7190
7162
7191
7163
7192
7164
7193
7165
7194
7166
7195
7167
7196
7168
7197
7169
7198
7170
7199
7171
7200
7172
7201
7173
7202
7174
7203
7175
7204
7176
7205
7177
7206
7178
7207
7179
7208
7209
7181
7210
7182
7211
7183
7212
7184
7213
7185
7214
7186
7215
7187
7216
7188
7217
7189
7218
7190
7219
7191
7220
7192
7221
7193
7222
7194
7223
7195
7224
7196
7225
7197
7226
7198
7227
7199
7228
7200
7229
7201
7230
7202
7231
7203
7232
7204
7233
7205
7234
7206
7235
7207
7236
7208
7237
7209
7238
7239
7211
7240
7212
7241
7213
7242
7214
7243
7215
7244
7216
7245
7217
7246
7218
7247
7219
7248
7220
7249
7221
7250
7222
7251
7223
7252
7224
7253
7225
7254
7226
7255
7227
7256
7228
7257
7229
7258
7230
7259
7231
7260
7232
7261
7233
7262
7234
7263
7235
7264
7236
7265
7237
7266
7238
7267
7239
7268
7269
7241
7270
7242
7271
7243
7272
7244
7273
7245
7274
7246
7275
7247
7276
7248
7277
7249
7278
7250
7279
7251
7280
7252
7281
7253
7282
7254
7283
7255
7284
7256
7285
7257
7286
7258
7287
7259
7288
7260
7289
7261
7290
7262
7291
7263
7292
7264
7293
7265
7294
7266
7295
7267
7296
7268
7297
7269
7298
7299
7271
7300
7272
7301
7273
7302
7274
7303
7275
7304
7276
7305
7277
7306
7278
7307
7279
7308
7280
7309
7281
7310
7282
7311
7283
7312
7284
7313
7285
7314
7286
7315
7287
7316
7288
7317
7289
7318
7290
7319
7291
7320
7292
7321
7293
7322
7294
7323
7295
7324
7296
7325
7297
7326
7298
7327
7299
7328
7329
7301
7330
7302
7331
7303
7332
7304
7333
7305
7334
7306
7335
7307
7336
7308
7337
7309
7338
7310
7339
7311
7340
7312
7341
7313
7342
7314
7343
7315
7344
7316
7345
7317
7346
7318
7347
7319
7348
7320
7349
7321
7350
7322
7351
7323
7352
7324
7353
7325
7354
7326
7355
7327
7356
7328
7357
7329
7358
7359
7331
7360
7332
7361
7333
7362
7334
7363
7335
7364
7336
7365
7337
7366
7338
7367
7339
7368
7340
7369
7341
7370
7342
7371
7343
7372
7344
7373
7345
7374
7346
7375
7347
7376
7348
7377
7349
7378
7350
7379
7351
7380
7352
7381
7353
7382
7354
7383
7355
7384
7356
7385
7357
7386
7358
7387
7359
7388
7389
7361
7390
7362
7391
7363
7392
7364
7393
7365
7394
7366
7395
7367
7396
7368
7397
7369
7398
7370
7399
7371
7400
7372
7401
7373
7402
7374
7403
7375
7404
7376
7405
7377
7406
7378
7407
7379
7408
7380
7409
7381
7410
7382
7411
7383
7412
7384
7413
7385
7414
7386
7415
7387
7416
7388
7417
7389
7418
7419
7391
7420
7392
7421
7393
7422
7394
7423
7395
7424
7396
7425
7397
7426
7398
7427
7399
7428
7400
7429
7401
7430
7402
7431
7403
7432
7404
7433
7405
7434
7406
7435
7407
7436
7408
7437
7409
7438
7410
7439
7411
7440
7412
7441
7413
7442
7414
7443
7415
7444
7416
7445
7417
7446
7418
7447
7419
7448
7449
7421
7450
7422
7451
7423
7452
7424
7453
7425
7454
7426
7455
7427
7456
7428
7457
7429
7458
7430
7459
7431
7460
7432
7461
7433
7462
7434
7463
7435
7464
7436
7465
7437
7466
7438
7467
7439
7468
7440
7469
7441
7470
7442
7471
7443
7472
7444
7473
7445
7474
7446
7475
7447
7476
7448
7477
7449
7478
7479
7451
7480
7452
7481
7453
7482
7454
7483
7455
7484
7456
7485
7457
7486
7458
7487
7459
7488
7460
7489
7461
7490
7462
7491
7463
7492
7464
7493
7465
7494
7466
7495
7467
7496
7468
7497
7469
7498
7470
7499
7471
7500
7472
7501
7473
7502
7474
7503
7475
7504
7476
7505
7477
7506
7478
7507
7479
7508
7509
7481
7510
7482
7511
7483
7512
7484
7513
7485
7514
7486
7515
7487
7516
7488
7517
7489
7518
7490
7519
7491
7520
7492
7521
7493
7522
7494
7523
7495
7524
7496
7525
7497
7526
7498
7527
7499
7528
7500
7529
7501
7530
7502
7531
7503
7532
7504
7533
7505
7534
7506
7535
7507
7536
7508
7537
7509
7538
7539
7511
7540
7512
7541
7513
7542
7514
7543
7515
7544
7516
7545
7517
7546
7518
7547
7519
7548
7520
7549
7521
7550
7522
7551
7523
7552
7524
7553
7525
7554
7526
7555
7527
7556
7528
7557
7529
7558
7530
7559
7531
7560
7532
7561
7533
7562
7534
7563
7535
7564
7536
7565
7537
7566
7538
7567
7539
7568
7569
7541
7570
7542
7571
7543
7572
7544
7573
7545
7574
7546
7575
7547
7576
7548
7577
7549
7578
7550
7579
7551
7580
7552
7581
7553
7582
7554
7583
7555
7584
7556
7585
7557
7586
7558
7587
7559
7588
7560
7589
7561
7590
7562
7591
7563
7592
7564
7593
7565
7594
7566
7595
7567
7596
7568
7597
7569
7598
7599
7571
7572
7573
7574
7575
7576
7577
7578
7579
7580
7581
7582
7583
7584
7585
7586
7587
7588
7589
7590
7591
7592
7593
7594
7595
7596
7597
7598
7599
)


// ************************************************************************* //
