/*--------------------------------*- C++ -*----------------------------------*\
| =========                 |                                                 |
| \\      /  F ield         | OpenFOAM: The Open Source CFD Toolbox           |
|  \\    /   O peration     | Version:  2.2.0                                 |
|   \\  /    A nd           | Web:      www.OpenFOAM.org                      |
|    \\/     M anipulation  |                                                 |
\*---------------------------------------------------------------------------*/
FoamFile
{
    version     2.0;
    format      ascii;
    class       volScalarField;
    location    "1000";
    object      alphat;
}
// * * * * * * * * * * * * * * * * * * * * * * * * * * * * * * * * * * * * * //

dimensions      [1 -1 -1 0 0 0 0];

internalField   nonuniform List<scalar> 
7600
(
0.00034964
0.000342356
0.000353283
0.000458902
0.000554089
0.000632273
0.000701765
0.00076571
0.000825537
0.000882002
0.000935532
0.000986391
0.00103474
0.00108068
0.00112426
0.00116551
0.00120445
0.0012411
0.00127548
0.00130762
0.00133757
0.00136306
0.00138309
0.00139846
0.00140913
0.00141519
0.00141643
0.00141233
0.00140211
0.0013848
0.00135926
0.00132421
0.00127823
0.00121984
0.0011474
0.00105913
0.000952901
0.00082675
0.000676139
0.000395308
0.00044482
0.00153957
0.00154058
0.00157707
0.00174498
0.00189536
0.00203319
0.00217113
0.00231627
0.00247358
0.00264636
0.00283695
0.00304717
0.00327854
0.00353253
0.00381078
0.00411541
0.00444958
0.00481823
0.00523015
0.00570154
0.00620388
0.00668663
0.00713026
0.00756182
0.00797066
0.0083399
0.00864723
0.00886592
0.0089663
0.0089178
0.00869152
0.0082634
0.007618
0.00675304
0.00568442
0.00445051
0.00311419
0.00176507
0.000579582
0.000570674
0.00240598
0.00269386
0.00289324
0.00321812
0.00357047
0.00394112
0.00433854
0.00476915
0.0052368
0.00574261
0.00628572
0.0068639
0.00747413
0.00811295
0.00877684
0.0094626
0.010168
0.010893
0.0116416
0.0124249
0.0131804
0.0138354
0.0143896
0.0148658
0.0152444
0.0154971
0.0155902
0.0154874
0.015154
0.0145612
0.0136898
0.012535
0.0111103
0.00945168
0.00762183
0.00571257
0.00384433
0.00213863
0.000723403
0.000695404
0.00339242
0.00410591
0.00450312
0.00502062
0.00562707
0.00629829
0.00702665
0.00780592
0.00862838
0.00948472
0.0103653
0.0112612
0.0121646
0.0130688
0.0139679
0.0148561
0.0157284
0.0165804
0.0174105
0.0182201
0.0189387
0.019506
0.0199324
0.0202353
0.0203991
0.0203983
0.0202008
0.0197717
0.0190774
0.018091
0.0167974
0.0151984
0.0133173
0.0112031
0.00893432
0.00662004
0.00440024
0.00241064
0.000828919
0.000785126
0.00440463
0.005699
0.00638083
0.00712776
0.0080022
0.00897669
0.0100237
0.0111184
0.0122374
0.0133605
0.0144721
0.0155617
0.0166228
0.0176511
0.0186427
0.0195928
0.0204951
0.0213416
0.0221239
0.0228342
0.0234062
0.0237992
0.0240379
0.0241427
0.0241053
0.0239043
0.0235083
0.0228796
0.0219796
0.0207754
0.0192465
0.0173905
0.0152281
0.0128068
0.0102053
0.00753704
0.00496047
0.00265661
0.000919192
0.000864068
0.00534498
0.00735126
0.00842082
0.00943907
0.0105774
0.0118236
0.0131363
0.0144743
0.0158019
0.0170928
0.0183309
0.0195092
0.0206267
0.0216844
0.0226821
0.0236159
0.0244779
0.0252555
0.0259329
0.0264936
0.0268837
0.027078
0.0271305
0.0270641
0.0268768
0.0265493
0.0260471
0.0253252
0.024335
0.0230325
0.0213865
0.019385
0.0170396
0.0143892
0.0115044
0.00849688
0.00554387
0.00289444
0.0010003
0.00093248
0.00616744
0.008962
0.0105039
0.0118328
0.0132259
0.0147021
0.0162171
0.0177209
0.0191723
0.0205443
0.0218254
0.0230155
0.0241208
0.0251481
0.0261005
0.0269741
0.0277578
0.0284331
0.0289758
0.0293612
0.0295512
0.0295467
0.0294286
0.029225
0.0289389
0.0285502
0.0280178
0.0272855
0.0262907
0.0249751
0.0232943
0.0212244
0.0187661
0.0159459
0.012822
0.00949689
0.00616054
0.00313857
0.00107526
0.000991008
0.00684545
0.0104536
0.0125229
0.0141913
0.0158283
0.0174938
0.019152
0.0207526
0.0222556
0.0236393
0.0248997
0.0260455
0.0270905
0.0280469
0.0289196
0.0297033
0.0303821
0.0309304
0.0313149
0.0315041
0.0314799
0.0312824
0.0310146
0.0307114
0.0303782
0.0299905
0.0294969
0.0288258
0.0278971
0.0266359
0.0249838
0.0229055
0.0203905
0.0174533
0.0141365
0.0105267
0.00681425
0.00339752
0.00114564
0.00104046
0.00736508
0.0117679
0.0143898
0.0164132
0.0182823
0.0201019
0.0218536
0.0234945
0.0249917
0.0263323
0.0275226
0.0285807
0.029528
0.0303806
0.0311442
0.0318106
0.0323585
0.0327547
0.0329576
0.0329312
0.0326838
0.0323065
0.0319209
0.0315657
0.0312446
0.0309243
0.0305384
0.0299956
0.0291955
0.0280452
0.0264724
0.0244318
0.0219045
0.0188947
0.0154296
0.0115745
0.00750468
0.00367644
0.00121241
0.00108158
0.00772332
0.0128644
0.0160383
0.0184188
0.0205071
0.0224518
0.0242579
0.0258953
0.0273419
0.0285964
0.0296766
0.0306102
0.0314256
0.0321422
0.0327658
0.0332851
0.0336734
0.0338912
0.0338906
0.033636
0.0331683
0.0326409
0.0321859
0.0318398
0.0315986
0.0314155
0.0312048
0.0308526
0.0302359
0.0292429
0.0277885
0.0258197
0.0233124
0.020264
0.0166886
0.0126278
0.00822747
0.00397777
0.00127623
0.00111505
0.0079256
0.0137186
0.0174223
0.020151
0.0224447
0.0244917
0.0263229
0.0279243
0.0292866
0.030421
0.031357
0.0321321
0.0327813
0.0333276
0.0337768
0.0341163
0.034316
0.0343326
0.0341163
0.0336376
0.0329738
0.0323477
0.0318875
0.0316192
0.0315261
0.0315446
0.0315682
0.0314592
0.0310707
0.0302717
0.028965
0.0270919
0.0246264
0.0215629
0.0179063
0.0136752
0.00897553
0.00430205
0.00133762
0.00114152
0.00798345
0.01432
0.0185147
0.0215744
0.0240598
0.0261925
0.0280291
0.0295726
0.0308267
0.0318147
0.0325772
0.0331617
0.0336098
0.0339493
0.0341886
0.0343165
0.0343044
0.0341106
0.0336882
0.0330186
0.0322122
0.0315578
0.0311622
0.0310338
0.0311408
0.0314053
0.0317028
0.0318729
0.0317446
0.0311666
0.0300292
0.0282689
0.0258595
0.0227962
0.019079
0.0147068
0.00973993
0.00464829
0.00139705
0.00116158
0.00791266
0.014671
0.019305
0.0226733
0.0253382
0.027547
0.0293792
0.0308536
0.0319858
0.0328095
0.0333755
0.0337405
0.0339545
0.0340521
0.0340489
0.0339414
0.0337101
0.0333232
0.0327422
0.0319583
0.0310963
0.0304934
0.0302197
0.0302641
0.0305859
0.0311024
0.0316802
0.0321404
0.0322879
0.0319483
0.0309964
0.0293624
0.0270204
0.0239681
0.0202045
0.015714
0.010511
0.00501437
0.00145498
0.00117577
0.00773167
0.0147842
0.0197973
0.0234492
0.0262846
0.0285674
0.0303959
0.0318025
0.0328114
0.0334642
0.0338198
0.0339443
0.0338975
0.0337251
0.0334564
0.0331055
0.0326745
0.0321534
0.0315172
0.0307525
0.0299524
0.029474
0.0293461
0.0295455
0.0300379
0.0307551
0.031571
0.0322977
0.0327152
0.0326208
0.0318674
0.0303734
0.0281106
0.0250795
0.0212808
0.0166896
0.0112792
0.00539739
0.00151193
0.00118453
0.00746025
0.014681
0.0200072
0.0239169
0.0269178
0.0292808
0.031118
0.0324715
0.0333708
0.0338612
0.0340076
0.0338842
0.0335631
0.0331062
0.0325653
0.0319857
0.0314093
0.0308661
0.0303474
0.0297943
0.0291863
0.0288827
0.0288806
0.0291582
0.0297074
0.030502
0.0314508
0.0323734
0.0330278
0.0331736
0.0326295
0.0312922
0.0291246
0.0261276
0.0223052
0.0176284
0.0120364
0.00579433
0.00156858
0.0011882
0.00711809
0.0143883
0.0199583
0.0240995
0.027265
0.0297223
0.0315919
0.0329215
0.033742
0.0340981
0.0340564
0.0336983
0.0331094
0.0323731
0.0315741
0.0308051
0.0301706
0.029764
0.0295914
0.0294752
0.029168
0.0290596
0.0291365
0.0293817
0.0298226
0.0305024
0.0314065
0.0323966
0.033219
0.0335852
0.0332602
0.0321016
0.0300522
0.027108
0.0232761
0.0185278
0.012777
0.0062029
0.00162579
0.00118689
0.00672345
0.0139352
0.0196783
0.0240236
0.0273551
0.0299267
0.0318617
0.0332101
0.034
0.0342708
0.0340864
0.0335321
0.0327068
0.0317199
0.0306972
0.0297944
0.029201
0.0290957
0.0294847
0.0299719
0.030025
0.0301115
0.0302456
0.0303885
0.0305727
0.0309187
0.0315399
0.0324043
0.0332815
0.0338291
0.0337317
0.0327811
0.0308823
0.0280175
0.0241948
0.0193897
0.0135002
0.00662273
0.00168473
0.00118048
0.00629227
0.0133496
0.0191937
0.0237131
0.0272118
0.0299202
0.0319592
0.0333781
0.0341997
0.0344542
0.0341971
0.0335124
0.0325093
0.0313227
0.0301237
0.0291384
0.0286538
0.0289424
0.0299829
0.0310771
0.0314385
0.0317092
0.0319607
0.0320721
0.0319913
0.0318609
0.0319552
0.0324475
0.0332152
0.0338796
0.0340157
0.0333114
0.031607
0.028858
0.0250693
0.0202231
0.0142116
0.00705684
0.00174702
0.00116839
0.00583469
0.0126551
0.0185263
0.0231841
0.0268473
0.0297137
0.031896
0.0334411
0.0343653
0.034687
0.0344482
0.0337246
0.0326276
0.0313118
0.0299868
0.0289406
0.0285477
0.0291593
0.0307055
0.0321741
0.0326616
0.0330914
0.0335972
0.0339166
0.0337994
0.0332727
0.0327118
0.0325853
0.0330318
0.0337153
0.0340858
0.0336765
0.0322246
0.0296393
0.0259166
0.021047
0.0149257
0.00751323
0.00181492
0.00115051
0.00531845
0.0118199
0.0176587
0.0224231
0.026246
0.0292868
0.0316465
0.0333692
0.0344669
0.0349467
0.0348349
0.0341904
0.033111
0.0317551
0.0303545
0.0292284
0.028792
0.0294292
0.0310492
0.0324905
0.0329143
0.0335118
0.0343957
0.0351737
0.0353806
0.0348001
0.0337176
0.032845
0.032749
0.0333159
0.0339119
0.0338594
0.0327376
0.0303806
0.0267658
0.0218932
0.0156692
0.0080075
0.00189157
0.00112784
0.00483127
0.0109472
0.0166927
0.0215197
0.0254769
0.0286819
0.0312196
0.0331304
0.0344237
0.0351001
0.0351731
0.0346858
0.0337245
0.0324307
0.0310218
0.0297954
0.0291207
0.029318
0.0303366
0.031435
0.0320871
0.0329759
0.0342241
0.0354632
0.0361451
0.0358445
0.0346038
0.0331242
0.0323659
0.0326601
0.0334572
0.0338383
0.0331516
0.0311113
0.0276629
0.022814
0.0164899
0.00856991
0.00198155
0.00110214
0.00441258
0.0101359
0.0157416
0.0205854
0.0246403
0.0279826
0.0306788
0.0327631
0.0342436
0.0351174
0.0353903
0.0350929
0.0342966
0.0331248
0.0317676
0.0304814
0.0295679
0.0292806
0.0296452
0.0303856
0.0312855
0.0324719
0.0339678
0.035484
0.0364977
0.0364772
0.0352337
0.0332999
0.031857
0.0317712
0.0327188
0.0335918
0.0334375
0.0317996
0.0285782
0.0237853
0.0173687
0.0091848
0.00208192
0.00107368
0.00405039
0.00938429
0.0148145
0.0196372
0.0237584
0.0272144
0.0300509
0.032294
0.0339495
0.0350133
0.0354866
0.0353917
0.0347875
0.0337809
0.0325373
0.0312775
0.030257
0.0297049
0.0297359
0.0303155
0.0312928
0.0326104
0.0341996
0.0358008
0.036934
0.0370433
0.0358027
0.0335436
0.0314695
0.0308809
0.0318304
0.0331426
0.0335703
0.0324023
0.0294607
0.0247577
0.0182637
0.0098354
0.0021872
0.00104279
0.00373478
0.00868801
0.0139149
0.018684
0.0228443
0.0263936
0.0293554
0.0317458
0.033567
0.0348139
0.0354855
0.0355991
0.0352046
0.0343964
0.0333206
0.0321729
0.031181
0.0305669
0.0305008
0.0310405
0.0320208
0.0333423
0.0348939
0.0364245
0.0374875
0.0375396
0.0362051
0.0336773
0.0310801
0.0299929
0.0308757
0.032566
0.0335558
0.0329261
0.0303286
0.0257572
0.019201
0.0105146
0.00229833
0.00100975
0.00345827
0.0080433
0.0130447
0.0177314
0.0219057
0.0255294
0.0286036
0.0311322
0.0331126
0.0345378
0.0354058
0.0357311
0.0355578
0.0349707
0.0341021
0.0331288
0.0322592
0.0317067
0.0316642
0.0322167
0.0331704
0.0344231
0.0358462
0.0371909
0.0380343
0.0378603
0.0363015
0.0335041
0.0305113
0.0290241
0.0298404
0.0318871
0.0334431
0.0333657
0.0311916
0.0268088
0.0202101
0.0112512
0.002417
0.0009748
0.00321483
0.00744645
0.0122047
0.0167826
0.0209464
0.0246259
0.0277997
0.0304584
0.0325927
0.034193
0.035256
0.0357945
0.0358486
0.0354959
0.0348572
0.0340941
0.0333971
0.0329663
0.0329936
0.0335606
0.0344659
0.0355975
0.03682
0.0378844
0.0383862
0.0378451
0.0359415
0.0328542
0.0296007
0.0278924
0.0287146
0.0311148
0.0332452
0.0337588
0.0320452
0.0279273
0.0213187
0.0120663
0.00254437
0.000938159
0.00299967
0.00689435
0.0113953
0.0158392
0.0199678
0.0236831
0.0269425
0.0297223
0.032005
0.0337771
0.0350332
0.0357842
0.0360668
0.0359524
0.0355517
0.0350114
0.0345038
0.03421
0.034307
0.03486
0.0356787
0.0366325
0.0375804
0.0382718
0.0383216
0.0372996
0.0349692
0.0316038
0.0282538
0.0265649
0.0275233
0.0302822
0.0329829
0.0341254
0.0329318
0.0291129
0.0225404
0.0129802
0.00268159
0.000900011
0.00280904
0.00638459
0.0106171
0.0149031
0.0189709
0.0227
0.026028
0.0289173
0.0313407
0.0332791
0.0347238
0.0356828
0.0361892
0.036308
0.0361394
0.0358149
0.0354867
0.0353126
0.0354444
0.0359275
0.0366005
0.0373014
0.0378853
0.0381026
0.0375967
0.0360144
0.0332458
0.0297073
0.0265007
0.0251161
0.0263612
0.0294703
0.0327063
0.0344965
0.0338825
0.0304167
0.0238771
0.0139942
0.0028301
0.000860517
0.00263998
0.00591548
0.00987214
0.0139774
0.017958
0.0216762
0.0250526
0.0280354
0.0305874
0.0326821
0.0343058
0.0354625
0.0361803
0.0365166
0.0365602
0.0364257
0.036243
0.0361423
0.0362422
0.0365679
0.0370043
0.0373511
0.0374632
0.0371
0.0359569
0.033803
0.0307117
0.0272658
0.0245576
0.0237758
0.0254215
0.0288257
0.0325107
0.0349281
0.0349353
0.0318766
0.0253853
0.0151003
0.00299117
0.000819829
0.00249009
0.00548603
0.00916357
0.0130681
0.0169348
0.0206154
0.0240159
0.0270712
0.0297332
0.0319671
0.0337523
0.0350869
0.0359921
0.0365162
0.0367344
0.0367423
0.0366446
0.0365389
0.0365016
0.0365397
0.0365786
0.0364607
0.0359931
0.03497
0.033187
0.0306048
0.0275246
0.0246421
0.0228654
0.0229206
0.0249856
0.0285593
0.0325403
0.0355057
0.03614
0.0335286
0.0271023
0.0163573
0.00316449
0.000778097
0.00235745
0.0050959
0.00849656
0.0121846
0.0159129
0.0195278
0.022924
0.0260242
0.0287692
0.0311145
0.0330309
0.0345081
0.0355584
0.0362184
0.0365468
0.0366172
0.0365055
0.0362706
0.0359366
0.0355031
0.0349552
0.0342496
0.0331437
0.0315003
0.0292896
0.0267231
0.0242738
0.0225414
0.0220247
0.0229644
0.0253439
0.0289003
0.032965
0.0363349
0.0375552
0.0354079
0.0290559
0.0177854
0.00335076
0.000735497
0.0022405
0.00474553
0.00787854
0.0113414
0.0149102
0.0184312
0.0217903
0.0248992
0.0276873
0.0300987
0.0320931
0.0336496
0.0347684
0.0354714
0.0357984
0.0357979
0.0355126
0.0349588
0.0341072
0.0329878
0.0317085
0.0303346
0.0287904
0.0269011
0.0248921
0.0231472
0.0220467
0.0218263
0.0225453
0.0241652
0.0266567
0.0299983
0.0339202
0.0375072
0.0392309
0.0375429
0.0312691
0.019403
0.00355075
0.000692265
0.00213819
0.00443673
0.00731993
0.0105579
0.0139516
0.0173493
0.0206302
0.0236954
0.0264608
0.0288565
0.0308286
0.0323429
0.0333863
0.0339653
0.0341004
0.0338162
0.0331274
0.0320212
0.0304523
0.0285802
0.026722
0.0250411
0.0236848
0.0224114
0.0215694
0.0213839
0.0218842
0.0229699
0.0245138
0.0264513
0.028835
0.0318166
0.0354235
0.039049
0.0411789
0.0399389
0.033753
0.0212255
0.00376547
0.000648756
0.00205071
0.00417433
0.00683558
0.00985804
0.0130621
0.0162969
0.0194332
0.0223579
0.0249697
0.0271823
0.0289299
0.0301686
0.0308788
0.0310614
0.030732
0.0299132
0.0286272
0.0268969
0.0247791
0.0226849
0.0210947
0.0201549
0.0198963
0.0201481
0.0209641
0.022259
0.0238653
0.0256321
0.0274739
0.0293983
0.0315278
0.0341003
0.0373248
0.040876
0.0433407
0.0425574
0.0364961
0.0232623
0.00399639
0.000605651
0.0019828
0.00397093
0.00644678
0.0092616
0.0122396
0.01522
0.0180562
0.0206143
0.0227788
0.024462
0.025612
0.0261999
0.0262332
0.025748
0.0248015
0.0234701
0.0218549
0.0201076
0.0184868
0.0175069
0.0174181
0.018124
0.0194457
0.0211311
0.0230497
0.025053
0.0270273
0.0289071
0.0306831
0.0324151
0.0342527
0.0364586
0.0393363
0.0427897
0.045571
0.0452983
0.0394505
0.0255129
0.00424579
0.00056435
0.0019507
0.00385089
0.0061621
0.00871588
0.0113092
0.0137481
0.0158637
0.0175294
0.0186842
0.0193234
0.0194924
0.0192224
0.0186094
0.0177631
0.0167969
0.0158345
0.0150274
0.0145796
0.0147729
0.0157962
0.0174597
0.0195468
0.0218281
0.0241019
0.0262925
0.0283454
0.0302287
0.0319365
0.0334989
0.0349954
0.0365782
0.0385065
0.0411267
0.0445203
0.0476459
0.047987
0.0425151
0.0279594
0.00451737
0.000528843
0.0019952
0.00381064
0.00581372
0.00776264
0.00941791
0.0105768
0.0112034
0.0114035
0.0113607
0.0112031
0.0110273
0.0108401
0.0107317
0.0107517
0.0109499
0.0113935
0.0121777
0.0134303
0.015302
0.0176574
0.0201677
0.0226938
0.0250816
0.0272867
0.0293037
0.0311275
0.03276
0.034219
0.0355494
0.0368359
0.038225
0.0399631
0.0424123
0.0457898
0.0492882
0.050364
0.0455023
0.0305489
0.00481878
0.000520662
0.00201568
0.00337037
0.00434156
0.00489516
0.00508125
0.00498972
0.00495232
0.00512775
0.00553666
0.00611524
0.00680741
0.00768552
0.0086615
0.00974265
0.010953
0.0123378
0.0139629
0.015911
0.0182708
0.020847
0.0233478
0.025672
0.0277839
0.0296997
0.031426
0.0329688
0.0343405
0.0355675
0.0367002
0.0378228
0.0390736
0.0406824
0.0430078
0.0463638
0.0501903
0.0520406
0.0480263
0.033134
0.00517459
0.000568344
0.00136051
0.00185736
0.00211629
0.00249317
0.00301259
0.00380493
0.00489184
0.00615149
0.00738401
0.00858294
0.00973388
0.0108607
0.0119733
0.013107
0.0143137
0.0156562
0.0172017
0.0190191
0.0211734
0.0234822
0.0256478
0.0276213
0.0294166
0.0310398
0.032496
0.0337935
0.0349484
0.0359914
0.0369743
0.0379787
0.0391321
0.0406426
0.0428447
0.0460999
0.0500801
0.0525571
0.0494643
0.0354941
0.00569896
0.000934254
0.00155784
0.00261667
0.0039179
0.00542133
0.00710173
0.00892344
0.0104319
0.0114779
0.0122791
0.0129808
0.0136603
0.0143593
0.0151097
0.0159461
0.0169059
0.018032
0.0193681
0.0209587
0.0228479
0.0248522
0.0267047
0.0284027
0.0299478
0.031342
0.0325899
0.0337019
0.0346972
0.035609
0.0364889
0.0374138
0.0384987
0.0399242
0.0419818
0.045029
0.0489324
0.0517474
0.0494795
0.0373175
0.00644033
0.00337181
0.00331334
0.00326156
0.00321522
0.00317349
0.00313572
0.00310139
0.0030701
0.00304149
0.00301526
0.00299117
0.00296899
0.00294852
0.00292959
0.00291206
0.00289578
0.00288064
0.00286653
0.00285336
0.00284105
0.0028295
0.00281867
0.00280847
0.00279886
0.00278978
0.00278118
0.002773
0.00276519
0.00275765
0.00274983
0.0290869
0.0201236
0.0165498
0.0145458
0.0132354
0.0122991
0.0115903
0.0110316
0.0105781
0.0102014
0.0098828
0.00960934
0.00937174
0.00916315
0.00897838
0.00881343
0.00866512
0.00853092
0.00840877
0.00829695
0.008194
0.00809868
0.00800988
0.00792654
0.0078476
0.00777183
0.0076976
0.00762206
0.00754081
0.00744267
0.0688009
0.0517051
0.0428201
0.0374128
0.0337763
0.0311598
0.0291841
0.0276374
0.0263923
0.0253675
0.0245083
0.023777
0.0231464
0.0225965
0.0221121
0.0216818
0.0212964
0.0209488
0.0206332
0.0203447
0.0200794
0.0198339
0.0196052
0.0193905
0.0191872
0.0189928
0.0188045
0.0186186
0.018431
0.0182343
0.091071
0.0781325
0.0686579
0.0617758
0.0566479
0.0527129
0.0496117
0.047111
0.0450551
0.0433366
0.0418798
0.0406296
0.0395452
0.0385955
0.0377568
0.0370104
0.0363416
0.0357385
0.0351912
0.0346918
0.0342336
0.0338107
0.0334184
0.0330522
0.0327081
0.0323824
0.0320714
0.0317714
0.0314786
0.0311885
0.0997293
0.0928986
0.0862531
0.0804531
0.0755655
0.0714781
0.0680493
0.065152
0.0626827
0.0605596
0.0587187
0.0571097
0.055693
0.0544372
0.0533169
0.0523117
0.0514048
0.0505825
0.0498332
0.0491472
0.0485163
0.0479335
0.0473926
0.0468883
0.0464157
0.0459705
0.0455485
0.045146
0.0447595
0.0443846
0.102739
0.099672
0.0959566
0.0921375
0.0885032
0.0851726
0.0821754
0.0794997
0.077117
0.0749942
0.0730989
0.0714015
0.0698762
0.0685004
0.0672549
0.066123
0.0650907
0.0641458
0.063278
0.062478
0.0617381
0.0610514
0.0604119
0.059814
0.0592531
0.0587248
0.0582251
0.0577504
0.0572973
0.0568617
0.103741
0.102461
0.100638
0.098491
0.096209
0.0939238
0.091715
0.0896252
0.0876732
0.0858637
0.0841933
0.0826545
0.0812378
0.0799331
0.0787304
0.0776202
0.0765936
0.0756425
0.0747596
0.0739382
0.0731723
0.0724564
0.0717857
0.0711557
0.0705623
0.0700019
0.069471
0.0689668
0.068486
0.0680247
0.104068
0.103534
0.102697
0.101604
0.10033
0.0989466
0.0975161
0.0960826
0.0946769
0.0933187
0.0920197
0.0907858
0.0896191
0.0885195
0.087485
0.0865128
0.0855993
0.0847411
0.0839343
0.0831753
0.0824605
0.0817865
0.0811501
0.0805483
0.0799783
0.0794375
0.0789233
0.0784335
0.0779657
0.0775163
0.104172
0.103927
0.103542
0.10301
0.102348
0.101581
0.100738
0.0998491
0.0989355
0.0980162
0.0971049
0.0962116
0.0953434
0.0945048
0.0936984
0.0929257
0.092187
0.0914821
0.0908101
0.0901699
0.0895603
0.0889795
0.0884262
0.0878988
0.0873956
0.0869153
0.0864562
0.086017
0.085596
0.08519
0.104204
0.104065
0.103869
0.103604
0.103266
0.102858
0.102391
0.101877
0.101327
0.100753
0.100164
0.0995697
0.098976
0.0983883
0.0978106
0.0972459
0.0966962
0.0961631
0.0956472
0.0951492
0.094669
0.0942066
0.0937617
0.0933337
0.0929221
0.0925263
0.0921456
0.0917794
0.0914264
0.0910844
0.104213
0.104111
0.10399
0.10384
0.103657
0.103437
0.10318
0.102892
0.102574
0.102234
0.101876
0.101504
0.101124
0.100739
0.100353
0.0999682
0.099587
0.0992113
0.0988424
0.0984814
0.098129
0.0977857
0.0974519
0.0971278
0.0968134
0.0965087
0.0962136
0.0959278
0.0956507
0.0953807
0.104215
0.104125
0.104032
0.103929
0.103814
0.103682
0.103533
0.103366
0.103182
0.102983
0.102769
0.102544
0.10231
0.102069
0.101823
0.101575
0.101324
0.101074
0.100825
0.100578
0.100334
0.100094
0.0998576
0.0996264
0.0994003
0.0991794
0.0989638
0.0987537
0.0985486
0.0983474
0.104214
0.104129
0.104045
0.103961
0.103873
0.103781
0.103682
0.103575
0.10346
0.103337
0.103206
0.103068
0.102924
0.102774
0.102621
0.102463
0.102303
0.102142
0.10198
0.101817
0.101655
0.101494
0.101335
0.101178
0.101022
0.10087
0.10072
0.100573
0.100428
0.100285
0.104213
0.104129
0.104049
0.103971
0.103894
0.103817
0.10374
0.103661
0.103579
0.103494
0.103407
0.103316
0.103222
0.103125
0.103026
0.102925
0.102822
0.102717
0.102612
0.102506
0.1024
0.102294
0.102189
0.102085
0.101981
0.101879
0.101777
0.101678
0.101579
0.101482
0.104211
0.104128
0.104049
0.103973
0.1039
0.10383
0.103761
0.103694
0.103627
0.10356
0.103493
0.103425
0.103357
0.103289
0.103219
0.10315
0.103079
0.103009
0.102938
0.102866
0.102795
0.102725
0.102654
0.102584
0.102515
0.102446
0.102378
0.102311
0.102244
0.102178
0.10421
0.104126
0.104047
0.103973
0.103901
0.103833
0.103768
0.103705
0.103644
0.103585
0.103527
0.103471
0.103415
0.10336
0.103306
0.103253
0.1032
0.103147
0.103095
0.103043
0.102992
0.102942
0.102892
0.102843
0.102794
0.102746
0.102699
0.102653
0.102607
0.102561
0.104208
0.104125
0.104046
0.103971
0.1039
0.103833
0.103769
0.103708
0.10365
0.103594
0.10354
0.103488
0.103438
0.103389
0.103342
0.103297
0.103252
0.103209
0.103166
0.103125
0.103085
0.103045
0.103007
0.102969
0.102932
0.102896
0.102861
0.102826
0.102792
0.102758
0.104206
0.104123
0.104044
0.10397
0.103899
0.103832
0.103768
0.103708
0.10365
0.103596
0.103543
0.103493
0.103446
0.1034
0.103356
0.103314
0.103273
0.103234
0.103196
0.10316
0.103125
0.103091
0.103058
0.103026
0.102995
0.102966
0.102937
0.102909
0.102881
0.102854
0.104205
0.104121
0.104043
0.103968
0.103897
0.10383
0.103767
0.103707
0.10365
0.103595
0.103544
0.103494
0.103447
0.103403
0.10336
0.103319
0.10328
0.103243
0.103208
0.103173
0.103141
0.103109
0.103079
0.10305
0.103023
0.102996
0.10297
0.102945
0.102921
0.102897
0.104203
0.10412
0.104041
0.103966
0.103896
0.103829
0.103765
0.103705
0.103648
0.103594
0.103542
0.103493
0.103447
0.103403
0.103361
0.10332
0.103282
0.103246
0.103211
0.103178
0.103146
0.103116
0.103087
0.103059
0.103033
0.103007
0.102983
0.10296
0.102937
0.102915
0.104201
0.104118
0.104039
0.103964
0.103894
0.103827
0.103764
0.103703
0.103646
0.103592
0.103541
0.103492
0.103446
0.103401
0.103359
0.10332
0.103282
0.103245
0.103211
0.103178
0.103147
0.103117
0.103089
0.103061
0.103036
0.103011
0.102987
0.102965
0.102943
0.102921
0.104199
0.104116
0.104037
0.103962
0.103892
0.103825
0.103762
0.103702
0.103645
0.10359
0.103539
0.10349
0.103444
0.1034
0.103358
0.103318
0.10328
0.103244
0.10321
0.103177
0.103146
0.103116
0.103088
0.103061
0.103035
0.103011
0.102988
0.102965
0.102943
0.102922
0.104197
0.104114
0.104035
0.103961
0.10389
0.103823
0.10376
0.1037
0.103643
0.103588
0.103537
0.103488
0.103442
0.103398
0.103356
0.103316
0.103278
0.103242
0.103208
0.103175
0.103144
0.103115
0.103086
0.10306
0.103034
0.10301
0.102986
0.102964
0.102942
0.102921
0.104195
0.104112
0.104033
0.103958
0.103888
0.103821
0.103758
0.103698
0.103641
0.103586
0.103535
0.103486
0.10344
0.103396
0.103354
0.103314
0.103276
0.10324
0.103206
0.103173
0.103142
0.103113
0.103085
0.103058
0.103032
0.103008
0.102984
0.102962
0.10294
0.102919
0.104193
0.10411
0.104031
0.103956
0.103886
0.103819
0.103756
0.103695
0.103638
0.103584
0.103533
0.103484
0.103438
0.103394
0.103352
0.103312
0.103274
0.103238
0.103204
0.103171
0.10314
0.103111
0.103082
0.103056
0.10303
0.103006
0.102982
0.10296
0.102938
0.102917
0.104191
0.104108
0.104029
0.103954
0.103884
0.103817
0.103753
0.103693
0.103636
0.103582
0.103531
0.103482
0.103436
0.103392
0.10335
0.10331
0.103272
0.103236
0.103202
0.103169
0.103138
0.103108
0.10308
0.103053
0.103028
0.103003
0.10298
0.102958
0.102936
0.102915
0.104189
0.104105
0.104027
0.103952
0.103881
0.103815
0.103751
0.103691
0.103634
0.10358
0.103529
0.10348
0.103434
0.10339
0.103348
0.103308
0.10327
0.103234
0.1032
0.103167
0.103136
0.103106
0.103078
0.103051
0.103025
0.103001
0.102978
0.102955
0.102934
0.102912
0.104186
0.104103
0.104024
0.10395
0.103879
0.103812
0.103749
0.103689
0.103632
0.103578
0.103526
0.103478
0.103431
0.103387
0.103345
0.103306
0.103268
0.103232
0.103197
0.103165
0.103133
0.103104
0.103076
0.103049
0.103023
0.102999
0.102975
0.102953
0.102931
0.10291
0.104184
0.104101
0.104022
0.103947
0.103877
0.10381
0.103746
0.103686
0.103629
0.103575
0.103524
0.103475
0.103429
0.103385
0.103343
0.103303
0.103265
0.103229
0.103195
0.103162
0.103131
0.103101
0.103073
0.103046
0.103021
0.102996
0.102973
0.10295
0.102929
0.102907
0.104181
0.104098
0.104019
0.103945
0.103874
0.103807
0.103744
0.103684
0.103627
0.103573
0.103522
0.103473
0.103426
0.103382
0.10334
0.103301
0.103263
0.103227
0.103192
0.10316
0.103129
0.103099
0.103071
0.103044
0.103018
0.102994
0.10297
0.102948
0.102926
0.102905
0.104179
0.104096
0.104017
0.103942
0.103872
0.103805
0.103741
0.103681
0.103624
0.10357
0.103519
0.10347
0.103424
0.10338
0.103338
0.103298
0.10326
0.103224
0.10319
0.103157
0.103126
0.103096
0.103068
0.103041
0.103015
0.102991
0.102968
0.102945
0.102923
0.102902
0.104176
0.104093
0.104014
0.10394
0.103869
0.103802
0.103739
0.103679
0.103622
0.103568
0.103516
0.103468
0.103421
0.103377
0.103335
0.103295
0.103258
0.103222
0.103187
0.103154
0.103123
0.103094
0.103065
0.103038
0.103013
0.102988
0.102965
0.102942
0.102921
0.102899
0.104174
0.10409
0.104011
0.103937
0.103866
0.103799
0.103736
0.103676
0.103619
0.103565
0.103514
0.103465
0.103419
0.103374
0.103333
0.103293
0.103255
0.103219
0.103184
0.103152
0.103121
0.103091
0.103063
0.103036
0.10301
0.102985
0.102962
0.10294
0.102918
0.102896
0.104171
0.104087
0.104009
0.103934
0.103864
0.103797
0.103733
0.103673
0.103616
0.103562
0.103511
0.103462
0.103416
0.103372
0.10333
0.10329
0.103252
0.103216
0.103182
0.103149
0.103118
0.103088
0.10306
0.103033
0.103007
0.102983
0.102959
0.102937
0.102915
0.102894
0.104168
0.104085
0.104006
0.103931
0.103861
0.103794
0.10373
0.10367
0.103613
0.103559
0.103508
0.103459
0.103413
0.103369
0.103327
0.103287
0.103249
0.103213
0.103179
0.103146
0.103115
0.103085
0.103057
0.10303
0.103004
0.10298
0.102956
0.102934
0.102912
0.102891
0.104165
0.104082
0.104003
0.103928
0.103858
0.103791
0.103727
0.103667
0.10361
0.103556
0.103505
0.103456
0.10341
0.103366
0.103324
0.103284
0.103246
0.10321
0.103176
0.103143
0.103112
0.103082
0.103054
0.103027
0.103001
0.102977
0.102953
0.102931
0.102909
0.102887
0.104162
0.104078
0.104
0.103925
0.103855
0.103788
0.103724
0.103664
0.103607
0.103553
0.103502
0.103453
0.103407
0.103363
0.103321
0.103281
0.103243
0.103207
0.103173
0.10314
0.103109
0.103079
0.103051
0.103024
0.102998
0.102973
0.10295
0.102928
0.102906
0.102884
0.104159
0.104075
0.103996
0.103922
0.103851
0.103785
0.103721
0.103661
0.103604
0.10355
0.103499
0.10345
0.103404
0.103359
0.103318
0.103278
0.10324
0.103204
0.103169
0.103137
0.103105
0.103076
0.103047
0.10302
0.102995
0.10297
0.102947
0.102924
0.102903
0.102881
0.104155
0.104072
0.103993
0.103919
0.103848
0.103781
0.103718
0.103658
0.103601
0.103547
0.103495
0.103447
0.1034
0.103356
0.103314
0.103274
0.103236
0.1032
0.103166
0.103133
0.103102
0.103072
0.103044
0.103017
0.102991
0.102967
0.102943
0.102921
0.102899
0.102878
0.104152
0.104069
0.10399
0.103915
0.103845
0.103778
0.103714
0.103654
0.103597
0.103543
0.103492
0.103443
0.103397
0.103353
0.103311
0.103271
0.103233
0.103197
0.103163
0.10313
0.103099
0.103069
0.103041
0.103014
0.102988
0.102963
0.10294
0.102917
0.102896
0.102874
0.104148
0.104065
0.103986
0.103912
0.103841
0.103774
0.103711
0.103651
0.103594
0.10354
0.103488
0.10344
0.103393
0.103349
0.103307
0.103267
0.10323
0.103193
0.103159
0.103126
0.103095
0.103065
0.103037
0.10301
0.102984
0.10296
0.102936
0.102914
0.102892
0.102871
0.104145
0.104061
0.103983
0.103908
0.103838
0.103771
0.103707
0.103647
0.10359
0.103536
0.103485
0.103436
0.10339
0.103346
0.103304
0.103264
0.103226
0.10319
0.103155
0.103123
0.103092
0.103062
0.103033
0.103006
0.102981
0.102956
0.102933
0.10291
0.102888
0.102867
0.104141
0.104058
0.103979
0.103904
0.103834
0.103767
0.103704
0.103644
0.103587
0.103532
0.103481
0.103432
0.103386
0.103342
0.1033
0.10326
0.103222
0.103186
0.103152
0.103119
0.103088
0.103058
0.10303
0.103003
0.102977
0.102952
0.102929
0.102906
0.102885
0.102863
0.104137
0.104054
0.103975
0.1039
0.10383
0.103763
0.1037
0.10364
0.103583
0.103529
0.103477
0.103428
0.103382
0.103338
0.103296
0.103256
0.103218
0.103182
0.103148
0.103115
0.103084
0.103054
0.103026
0.102999
0.102973
0.102949
0.102925
0.102903
0.102881
0.102859
0.104133
0.10405
0.103971
0.103897
0.103826
0.103759
0.103696
0.103636
0.103579
0.103525
0.103473
0.103425
0.103378
0.103334
0.103292
0.103252
0.103214
0.103178
0.103144
0.103111
0.10308
0.10305
0.103022
0.102995
0.102969
0.102945
0.102921
0.102899
0.102877
0.102855
0.104129
0.104046
0.103967
0.103892
0.103822
0.103755
0.103692
0.103632
0.103575
0.103521
0.103469
0.10342
0.103374
0.10333
0.103288
0.103248
0.10321
0.103174
0.10314
0.103107
0.103076
0.103046
0.103018
0.102991
0.102965
0.10294
0.102917
0.102894
0.102873
0.102851
0.104125
0.104041
0.103963
0.103888
0.103818
0.103751
0.103687
0.103627
0.10357
0.103516
0.103465
0.103416
0.10337
0.103326
0.103284
0.103244
0.103206
0.10317
0.103136
0.103103
0.103072
0.103042
0.103014
0.102987
0.102961
0.102936
0.102913
0.10289
0.102868
0.102847
0.10412
0.104037
0.103958
0.103884
0.103813
0.103746
0.103683
0.103623
0.103566
0.103512
0.103461
0.103412
0.103365
0.103321
0.103279
0.10324
0.103202
0.103166
0.103131
0.103098
0.103067
0.103037
0.103009
0.102982
0.102956
0.102932
0.102908
0.102886
0.102864
0.102842
0.104116
0.104032
0.103954
0.103879
0.103809
0.103742
0.103679
0.103618
0.103562
0.103507
0.103456
0.103407
0.103361
0.103317
0.103275
0.103235
0.103197
0.103161
0.103127
0.103094
0.103063
0.103033
0.103005
0.102978
0.102952
0.102927
0.102904
0.102881
0.10286
0.102838
0.104111
0.104028
0.103949
0.103875
0.103804
0.103737
0.103674
0.103614
0.103557
0.103503
0.103451
0.103403
0.103356
0.103312
0.10327
0.10323
0.103193
0.103156
0.103122
0.103089
0.103058
0.103028
0.103
0.102973
0.102947
0.102923
0.102899
0.102877
0.102855
0.102833
0.104106
0.104023
0.103944
0.10387
0.103799
0.103732
0.103669
0.103609
0.103552
0.103498
0.103447
0.103398
0.103352
0.103307
0.103266
0.103226
0.103188
0.103152
0.103117
0.103084
0.103053
0.103024
0.102995
0.102968
0.102942
0.102918
0.102894
0.102872
0.10285
0.102829
0.104101
0.104018
0.103939
0.103865
0.103794
0.103727
0.103664
0.103604
0.103547
0.103493
0.103442
0.103393
0.103347
0.103303
0.103261
0.103221
0.103183
0.103147
0.103112
0.10308
0.103048
0.103019
0.10299
0.102963
0.102938
0.102913
0.102889
0.102867
0.102845
0.102824
0.104096
0.104013
0.103934
0.10386
0.103789
0.103722
0.103659
0.103599
0.103542
0.103488
0.103437
0.103388
0.103341
0.103297
0.103256
0.103216
0.103178
0.103142
0.103107
0.103074
0.103043
0.103014
0.102985
0.102958
0.102932
0.102908
0.102884
0.102862
0.10284
0.102818
0.104091
0.104008
0.103929
0.103854
0.103784
0.103717
0.103654
0.103594
0.103537
0.103483
0.103431
0.103383
0.103336
0.103292
0.10325
0.10321
0.103172
0.103136
0.103102
0.103069
0.103038
0.103008
0.10298
0.102953
0.102927
0.102903
0.102879
0.102857
0.102835
0.102813
0.104085
0.104002
0.103923
0.103849
0.103778
0.103712
0.103648
0.103588
0.103531
0.103477
0.103426
0.103377
0.103331
0.103287
0.103245
0.103205
0.103167
0.103131
0.103097
0.103064
0.103033
0.103003
0.102975
0.102948
0.102922
0.102897
0.102874
0.102851
0.102829
0.102808
0.104079
0.103996
0.103918
0.103843
0.103773
0.103706
0.103643
0.103583
0.103526
0.103472
0.10342
0.103372
0.103325
0.103281
0.103239
0.103199
0.103161
0.103125
0.103091
0.103058
0.103027
0.102997
0.102969
0.102942
0.102916
0.102892
0.102868
0.102846
0.102824
0.102802
0.104074
0.10399
0.103912
0.103837
0.103767
0.1037
0.103637
0.103577
0.10352
0.103466
0.103414
0.103366
0.103319
0.103275
0.103233
0.103194
0.103156
0.10312
0.103085
0.103052
0.103021
0.102992
0.102963
0.102936
0.10291
0.102886
0.102862
0.10284
0.102818
0.102797
0.104068
0.103984
0.103906
0.103831
0.103761
0.103694
0.103631
0.103571
0.103514
0.10346
0.103409
0.10336
0.103313
0.103269
0.103227
0.103188
0.10315
0.103114
0.103079
0.103047
0.103015
0.102986
0.102957
0.10293
0.102905
0.10288
0.102856
0.102834
0.102812
0.102791
0.104061
0.103978
0.1039
0.103825
0.103755
0.103688
0.103625
0.103565
0.103508
0.103454
0.103402
0.103354
0.103307
0.103263
0.103221
0.103181
0.103144
0.103107
0.103073
0.10304
0.103009
0.102979
0.102951
0.102924
0.102898
0.102874
0.10285
0.102828
0.102806
0.102784
0.104055
0.103972
0.103893
0.103819
0.103748
0.103681
0.103618
0.103558
0.103501
0.103447
0.103396
0.103347
0.103301
0.103257
0.103215
0.103175
0.103137
0.103101
0.103067
0.103034
0.103003
0.102973
0.102945
0.102918
0.102892
0.102867
0.102844
0.102821
0.1028
0.102778
0.00277278
0.00281845
0.002905
0.00307023
0.00337886
0.00394022
0.00491965
0.00647307
0.00820189
0.00993461
0.0115361
0.0129284
0.0141189
0.0151825
0.0162179
0.0173057
0.0185044
0.0198551
0.0213964
0.0231684
0.0249864
0.026653
0.0281703
0.0295429
0.0307757
0.0318765
0.0328591
0.0337461
0.0345721
0.0353876
0.0362633
0.0372987
0.0386418
0.0405214
0.0432392
0.0468033
0.0499172
0.0491738
0.0407001
0.0173112
0.00736415
0.00729364
0.00722848
0.00716283
0.00708903
0.00699313
0.00685225
0.00667437
0.00668522
0.0070885
0.00792207
0.00911399
0.010568
0.0121649
0.0138005
0.0154154
0.0170076
0.0186186
0.0203077
0.0221319
0.0239278
0.0255295
0.0269603
0.0282381
0.0293763
0.0303895
0.0312964
0.0321231
0.0329052
0.0336907
0.0345418
0.03554
0.0367966
0.0384677
0.04075
0.0437532
0.0467615
0.0472841
0.0420842
0.0289367
0.0180247
0.0177826
0.017505
0.0171848
0.0168085
0.0163509
0.0157586
0.0149323
0.0138472
0.0126241
0.0115309
0.0108356
0.0106682
0.0110283
0.0118636
0.013086
0.0145936
0.0162934
0.018124
0.0200637
0.0219338
0.0235516
0.0249664
0.0262126
0.0273144
0.0282937
0.029174
0.0299838
0.0307584
0.0315408
0.0323831
0.0333477
0.0345093
0.035961
0.0378035
0.0401578
0.0427087
0.0441029
0.0423064
0.0364047
0.0308879
0.0305451
0.0301506
0.0296937
0.0291599
0.0285293
0.0277693
0.0268207
0.0256005
0.0240317
0.022125
0.0200381
0.018046
0.016426
0.0153591
0.0149131
0.0150735
0.015778
0.0169408
0.0184706
0.0201176
0.0216242
0.0229685
0.0241634
0.0252273
0.0261806
0.0270462
0.0278502
0.0286235
0.0294011
0.0302226
0.0311312
0.0321709
0.0333825
0.0348295
0.0365582
0.0384446
0.0399173
0.0400209
0.0382619
0.0440036
0.0435785
0.0430984
0.042553
0.0419293
0.0412112
0.0403776
0.0393977
0.0382224
0.0367792
0.0349906
0.0328192
0.0303212
0.0276742
0.0251327
0.0229499
0.0213111
0.0203115
0.0199694
0.0202501
0.0209844
0.0218659
0.0227896
0.0236965
0.024559
0.025369
0.02613
0.0268535
0.0275568
0.0282611
0.0289904
0.0297688
0.0306195
0.0315577
0.0326039
0.0337623
0.0349796
0.0360531
0.0366397
0.0365093
0.0564235
0.0559409
0.0554029
0.0548004
0.0541224
0.0533555
0.0524845
0.0514904
0.050347
0.0490139
0.0474346
0.0455458
0.043304
0.0407244
0.037908
0.0350369
0.0323341
0.0300103
0.0282245
0.0270671
0.0265677
0.0264798
0.026625
0.0269179
0.0272989
0.0277285
0.0281829
0.0286496
0.0291242
0.0296084
0.0301075
0.0306288
0.0311918
0.031762
0.032344
0.0329365
0.0335213
0.0340403
0.0344011
0.0345339
0.0675623
0.0670564
0.0664958
0.0658728
0.0651782
0.064401
0.0635288
0.0625479
0.0614418
0.0601884
0.0587561
0.057103
0.0551828
0.0529628
0.0504484
0.0477055
0.0448648
0.0421025
0.0396067
0.0375426
0.0361189
0.0352439
0.0346715
0.0343301
0.034157
0.0341043
0.0341356
0.0342236
0.0343486
0.0344969
0.0346596
0.0348326
0.0350105
0.0351402
0.0352251
0.0352712
0.0352852
0.0352671
0.0352116
0.0351146
0.0770658
0.0765738
0.0760295
0.0754262
0.0747559
0.0740094
0.0731762
0.0722452
0.0712039
0.0700381
0.0687298
0.0672554
0.0655852
0.063689
0.0615478
0.0591711
0.0566127
0.0539754
0.0514012
0.049049
0.0472043
0.0459143
0.044932
0.0441964
0.0436484
0.0432414
0.0429379
0.0427076
0.0425258
0.0423734
0.0422364
0.0421219
0.0419509
0.0417129
0.0414106
0.0410548
0.0406633
0.0402568
0.039856
0.0394764
0.0847821
0.0843362
0.0838423
0.0832944
0.0826853
0.0820073
0.0812512
0.0804071
0.0794648
0.0784129
0.0772393
0.0759297
0.0744671
0.0728323
0.0710084
0.0689894
0.0667929
0.0644701
0.0621095
0.0598307
0.0579188
0.0564876
0.0553539
0.0544526
0.0537309
0.0531463
0.0526637
0.0522542
0.0518942
0.0515646
0.0512521
0.0509484
0.0505896
0.050171
0.0496954
0.0491732
0.0486221
0.0480634
0.0475191
0.0470049
0.0907395
0.0903615
0.0899413
0.0894735
0.0889521
0.0883699
0.087719
0.0869908
0.0861756
0.0852638
0.0842452
0.0831093
0.0818452
0.0804413
0.0788867
0.0771753
0.0753119
0.0733218
0.0712564
0.0691967
0.0673941
0.0659833
0.0648402
0.063905
0.0631328
0.0624864
0.0619349
0.0614526
0.0610185
0.0606164
0.0602408
0.0598571
0.0594396
0.0589846
0.0584946
0.0579772
0.057445
0.0569126
0.0563948
0.0559011
0.0951069
0.0948058
0.0944695
0.0940933
0.0936717
0.0931988
0.0926676
0.0920701
0.0913978
0.0906418
0.0897926
0.0888411
0.0877783
0.0865959
0.0852867
0.0838465
0.0822772
0.0805921
0.0788217
0.0770191
0.0753959
0.0740847
0.0730032
0.072101
0.0713417
0.0706946
0.0701335
0.069637
0.0691874
0.0687718
0.0683865
0.0679933
0.0675861
0.0671631
0.0667263
0.0662808
0.0658342
0.065395
0.0649707
0.0645656
0.0981423
0.0979159
0.0976615
0.0973753
0.0970526
0.0966883
0.0962764
0.09581
0.0952816
0.0946827
0.0940048
0.0932388
0.0923765
0.09141
0.0903333
0.0891428
0.087839
0.0864298
0.084934
0.0833867
0.0819632
0.0807858
0.0798001
0.0789641
0.0782501
0.0776336
0.0770937
0.076613
0.0761775
0.075778
0.0754039
0.0750334
0.0746631
0.0742921
0.0739218
0.0735556
0.0731974
0.0728515
0.0725213
0.0722074
0.100139
0.0999772
0.0997941
0.0995869
0.0993517
0.0990844
0.0987799
0.0984325
0.0980356
0.0975819
0.0970634
0.0964717
0.0957985
0.095036
0.0941776
0.0932189
0.0921588
0.0910016
0.0897588
0.0884541
0.0872316
0.0861999
0.0853267
0.0845727
0.0839209
0.0833524
0.0828506
0.082402
0.0819958
0.0816283
0.0812784
0.0809408
0.0806126
0.0802931
0.079983
0.0796838
0.0793973
0.0791254
0.078869
0.0786272
0.101381
0.101269
0.101142
0.100998
0.100833
0.100645
0.100428
0.10018
0.0998935
0.0995632
0.0991821
0.0987425
0.0982366
0.0976563
0.0969947
0.096246
0.0954073
0.0944793
0.0934683
0.09239
0.0913616
0.0904778
0.0897201
0.0890574
0.0884779
0.0879676
0.0875141
0.0871071
0.0867393
0.0864041
0.0860883
0.0857884
0.0855024
0.0852296
0.0849701
0.0847244
0.0844931
0.0842765
0.0840744
0.0838851
0.10211
0.102034
0.101948
0.101849
0.101736
0.101606
0.101457
0.101284
0.101083
0.10085
0.100579
0.100263
0.0998948
0.0994676
0.0989738
0.0984069
0.0977622
0.0970376
0.096235
0.0953638
0.0945176
0.0937775
0.0931336
0.0925654
0.0920628
0.0916161
0.0912165
0.0908567
0.090533
0.0902336
0.0899544
0.0896926
0.0894464
0.089215
0.088998
0.0887953
0.0886066
0.0884318
0.0882699
0.088119
0.102513
0.102461
0.102402
0.102334
0.102256
0.102167
0.102064
0.101944
0.101805
0.101643
0.101453
0.10123
0.100969
0.100662
0.100303
0.0998846
0.0994019
0.0988503
0.0982285
0.0975409
0.0968603
0.0962546
0.0957198
0.0952443
0.0948182
0.0944364
0.0940928
0.0937833
0.0935015
0.0932414
0.0930002
0.0927758
0.0925668
0.0923723
0.0921918
0.0920245
0.0918702
0.091728
0.0915971
0.0914754
0.102723
0.102685
0.102643
0.102594
0.102538
0.102475
0.102402
0.102317
0.102219
0.102105
0.101972
0.101814
0.101629
0.101411
0.101153
0.10085
0.100495
0.100083
0.0996108
0.0990792
0.0985432
0.098058
0.0976231
0.0972331
0.0968806
0.0965618
0.0962737
0.096012
0.0957722
0.0955513
0.0953473
0.0951585
0.0949837
0.0948222
0.0946732
0.094536
0.09441
0.0942944
0.0941882
0.0940897
0.102826
0.102796
0.102763
0.102725
0.102682
0.102634
0.102579
0.102516
0.102443
0.102359
0.102262
0.102148
0.102014
0.101856
0.10167
0.10145
0.10119
0.100885
0.10053
0.100124
0.0997087
0.0993264
0.0989791
0.0986643
0.0983783
0.0981179
0.0978803
0.097663
0.0974635
0.0972799
0.0971107
0.0969546
0.0968108
0.0966784
0.0965567
0.0964451
0.0963429
0.0962494
0.0961635
0.0960838
0.102873
0.102847
0.102819
0.102787
0.102751
0.102711
0.102666
0.102615
0.102557
0.102491
0.102415
0.102327
0.102226
0.102107
0.101968
0.101803
0.10161
0.101382
0.101114
0.100805
0.100484
0.100185
0.0999107
0.0996595
0.0994296
0.0992192
0.0990262
0.098849
0.0986861
0.0985361
0.098398
0.098271
0.0981542
0.098047
0.0979487
0.0978588
0.0977766
0.0977014
0.0976324
0.0975682
0.102892
0.102869
0.102843
0.102814
0.102781
0.102746
0.102706
0.102661
0.102611
0.102554
0.10249
0.102418
0.102335
0.10224
0.102129
0.102001
0.10185
0.101674
0.101467
0.101228
0.100978
0.100743
0.100526
0.100325
0.100141
0.0999719
0.0998162
0.0996729
0.0995411
0.0994198
0.0993083
0.0992059
0.0991119
0.0990257
0.0989469
0.0988749
0.0988091
0.098749
0.0986938
0.0986423
0.102899
0.102876
0.102851
0.102824
0.102793
0.102759
0.102722
0.10268
0.102634
0.102582
0.102524
0.10246
0.102387
0.102305
0.102211
0.102103
0.10198
0.101836
0.10167
0.101478
0.101277
0.101089
0.100914
0.100752
0.100604
0.100467
0.10034
0.100224
0.100118
0.100019
0.0999294
0.0998468
0.0997712
0.0997021
0.0996389
0.0995812
0.0995286
0.0994805
0.0994363
0.0993949
0.1029
0.102878
0.102853
0.102826
0.102796
0.102763
0.102727
0.102686
0.102642
0.102592
0.102538
0.102477
0.102409
0.102333
0.102249
0.102153
0.102044
0.10192
0.101778
0.101616
0.101449
0.101292
0.101147
0.101014
0.100891
0.100778
0.100674
0.100578
0.10049
0.10041
0.100337
0.100269
0.100208
0.100152
0.100101
0.100054
0.100012
0.0999728
0.0999371
0.0999035
0.102899
0.102877
0.102853
0.102826
0.102796
0.102763
0.102727
0.102687
0.102643
0.102595
0.102541
0.102482
0.102417
0.102344
0.102263
0.102174
0.102073
0.10196
0.101832
0.101688
0.101541
0.101405
0.10128
0.101165
0.10106
0.100963
0.100875
0.100795
0.100721
0.100653
0.100592
0.100536
0.100485
0.100439
0.100396
0.100358
0.100323
0.100291
0.100261
0.100234
0.102898
0.102875
0.102851
0.102824
0.102794
0.102762
0.102726
0.102686
0.102642
0.102594
0.102541
0.102482
0.102417
0.102346
0.102267
0.10218
0.102083
0.101976
0.101855
0.101722
0.101587
0.101462
0.101349
0.101247
0.101153
0.101068
0.10099
0.10092
0.100856
0.100797
0.100744
0.100696
0.100652
0.100612
0.100576
0.100544
0.100514
0.100487
0.100462
0.100438
0.102895
0.102873
0.102849
0.102822
0.102792
0.102759
0.102723
0.102683
0.10264
0.102591
0.102538
0.10248
0.102415
0.102344
0.102266
0.10218
0.102085
0.101979
0.101863
0.101734
0.101606
0.101488
0.101383
0.101287
0.101201
0.101122
0.101051
0.100987
0.100929
0.100877
0.100829
0.100786
0.100747
0.100712
0.10068
0.100651
0.100625
0.100601
0.100579
0.100558
0.102893
0.102871
0.102846
0.102819
0.10279
0.102757
0.102721
0.102681
0.102637
0.102588
0.102535
0.102477
0.102412
0.102341
0.102263
0.102177
0.102082
0.101978
0.101862
0.101736
0.101611
0.101497
0.101395
0.101304
0.101221
0.101147
0.10108
0.10102
0.100966
0.100917
0.100873
0.100833
0.100797
0.100764
0.100735
0.100709
0.100685
0.100663
0.100643
0.100623
0.102891
0.102869
0.102844
0.102817
0.102787
0.102754
0.102718
0.102678
0.102634
0.102586
0.102532
0.102473
0.102409
0.102338
0.102259
0.102173
0.102078
0.101974
0.101859
0.101734
0.10161
0.101498
0.101398
0.101308
0.101228
0.101156
0.101091
0.101033
0.100981
0.100934
0.100892
0.100854
0.10082
0.100789
0.100761
0.100736
0.100714
0.100693
0.100674
0.100656
0.102888
0.102866
0.102841
0.102814
0.102784
0.102752
0.102715
0.102675
0.102631
0.102583
0.102529
0.10247
0.102405
0.102334
0.102255
0.102169
0.102074
0.101969
0.101854
0.101729
0.101605
0.101494
0.101395
0.101306
0.101227
0.101157
0.101093
0.101036
0.100985
0.100939
0.100898
0.100861
0.100828
0.100798
0.100771
0.100747
0.100725
0.100705
0.100687
0.10067
0.102886
0.102863
0.102839
0.102812
0.102782
0.102749
0.102712
0.102672
0.102628
0.102579
0.102526
0.102467
0.102402
0.10233
0.102251
0.102165
0.102069
0.101965
0.101849
0.101724
0.1016
0.101489
0.10139
0.101302
0.101223
0.101153
0.10109
0.101034
0.100984
0.100938
0.100898
0.100861
0.100829
0.100799
0.100773
0.100749
0.100728
0.100708
0.10069
0.100673
0.102883
0.102861
0.102836
0.102809
0.102779
0.102746
0.10271
0.10267
0.102625
0.102576
0.102523
0.102464
0.102398
0.102327
0.102248
0.102161
0.102065
0.10196
0.101844
0.101719
0.101595
0.101483
0.101385
0.101297
0.101218
0.101148
0.101086
0.10103
0.100979
0.100935
0.100894
0.100858
0.100826
0.100796
0.10077
0.100747
0.100725
0.100706
0.100688
0.100671
0.10288
0.102858
0.102833
0.102806
0.102776
0.102743
0.102707
0.102667
0.102622
0.102573
0.10252
0.10246
0.102395
0.102323
0.102244
0.102157
0.102061
0.101955
0.101839
0.101714
0.101589
0.101478
0.101379
0.101291
0.101213
0.101143
0.10108
0.101024
0.100974
0.10093
0.100889
0.100853
0.100821
0.100792
0.100766
0.100742
0.100721
0.100702
0.100684
0.100667
0.102878
0.102855
0.102831
0.102803
0.102773
0.10274
0.102704
0.102664
0.102619
0.10257
0.102516
0.102457
0.102392
0.10232
0.10224
0.102153
0.102057
0.101951
0.101835
0.101709
0.101584
0.101473
0.101374
0.101286
0.101207
0.101137
0.101075
0.101019
0.100969
0.100924
0.100884
0.100848
0.100816
0.100787
0.100761
0.100737
0.100716
0.100697
0.100679
0.100662
0.102875
0.102852
0.102828
0.102801
0.102771
0.102737
0.102701
0.102661
0.102616
0.102567
0.102513
0.102454
0.102388
0.102316
0.102237
0.102149
0.102053
0.101947
0.10183
0.101704
0.101579
0.101468
0.101369
0.10128
0.101202
0.101132
0.10107
0.101014
0.100964
0.100919
0.100879
0.100843
0.100811
0.100782
0.100756
0.100732
0.100711
0.100692
0.100674
0.100657
0.102872
0.10285
0.102825
0.102798
0.102768
0.102734
0.102698
0.102658
0.102613
0.102564
0.10251
0.102451
0.102385
0.102313
0.102233
0.102145
0.102049
0.101943
0.101826
0.1017
0.101575
0.101463
0.101364
0.101275
0.101197
0.101127
0.101065
0.101009
0.100959
0.100914
0.100874
0.100838
0.100806
0.100777
0.100751
0.100727
0.100706
0.100687
0.100669
0.100652
0.102869
0.102847
0.102822
0.102795
0.102765
0.102731
0.102695
0.102654
0.10261
0.102561
0.102507
0.102447
0.102381
0.102309
0.102229
0.102142
0.102045
0.101939
0.101822
0.101695
0.10157
0.101458
0.101359
0.101271
0.101192
0.101122
0.10106
0.101004
0.100954
0.100909
0.100869
0.100833
0.100801
0.100772
0.100746
0.100722
0.100701
0.100682
0.100664
0.100647
0.102866
0.102843
0.102819
0.102791
0.102761
0.102728
0.102692
0.102651
0.102607
0.102558
0.102503
0.102444
0.102378
0.102306
0.102226
0.102138
0.102041
0.101935
0.101818
0.101691
0.101566
0.101454
0.101354
0.101266
0.101188
0.101118
0.101055
0.100999
0.100949
0.100905
0.100865
0.100829
0.100796
0.100767
0.100741
0.100718
0.100696
0.100677
0.100659
0.100642
0.102863
0.10284
0.102816
0.102788
0.102758
0.102725
0.102688
0.102648
0.102603
0.102554
0.1025
0.10244
0.102375
0.102302
0.102222
0.102134
0.102037
0.101931
0.101814
0.101687
0.101561
0.101449
0.10135
0.101262
0.101183
0.101113
0.101051
0.100995
0.100945
0.1009
0.10086
0.100824
0.100792
0.100763
0.100737
0.100713
0.100692
0.100672
0.100655
0.100638
0.102859
0.102837
0.102812
0.102785
0.102755
0.102722
0.102685
0.102645
0.1026
0.102551
0.102497
0.102437
0.102371
0.102298
0.102218
0.10213
0.102033
0.101927
0.10181
0.101682
0.101557
0.101445
0.101345
0.101257
0.101179
0.101109
0.101046
0.10099
0.10094
0.100896
0.100856
0.10082
0.100787
0.100758
0.100732
0.100708
0.100687
0.100668
0.10065
0.100633
0.102856
0.102834
0.102809
0.102782
0.102751
0.102718
0.102682
0.102641
0.102597
0.102547
0.102493
0.102433
0.102367
0.102295
0.102215
0.102127
0.10203
0.101923
0.101806
0.101678
0.101553
0.101441
0.101341
0.101253
0.101174
0.101104
0.101042
0.100986
0.100936
0.100891
0.100851
0.100815
0.100783
0.100754
0.100728
0.100704
0.100683
0.100663
0.100646
0.100629
0.102852
0.10283
0.102805
0.102778
0.102748
0.102715
0.102678
0.102638
0.102593
0.102544
0.10249
0.10243
0.102364
0.102291
0.102211
0.102123
0.102026
0.101919
0.101801
0.101674
0.101549
0.101436
0.101337
0.101248
0.10117
0.1011
0.101037
0.100981
0.100932
0.100887
0.100847
0.100811
0.100778
0.100749
0.100723
0.100699
0.100678
0.100659
0.100641
0.100624
0.102849
0.102826
0.102802
0.102774
0.102744
0.102711
0.102674
0.102634
0.102589
0.10254
0.102486
0.102426
0.10236
0.102287
0.102207
0.102119
0.102022
0.101915
0.101797
0.10167
0.101544
0.101432
0.101332
0.101244
0.101165
0.101095
0.101033
0.100977
0.100927
0.100882
0.100842
0.100806
0.100774
0.100745
0.100719
0.100695
0.100674
0.100654
0.100637
0.10062
0.102845
0.102823
0.102798
0.102771
0.102741
0.102707
0.102671
0.10263
0.102586
0.102536
0.102482
0.102422
0.102356
0.102283
0.102203
0.102115
0.102018
0.101911
0.101793
0.101666
0.10154
0.101428
0.101328
0.10124
0.101161
0.101091
0.101028
0.100973
0.100923
0.100878
0.100838
0.100802
0.100769
0.10074
0.100714
0.10069
0.100669
0.10065
0.100632
0.100615
0.102841
0.102819
0.102794
0.102767
0.102737
0.102704
0.102667
0.102626
0.102582
0.102532
0.102478
0.102418
0.102352
0.102279
0.102199
0.102111
0.102014
0.101907
0.101789
0.101661
0.101536
0.101423
0.101324
0.101235
0.101156
0.101086
0.101024
0.100968
0.100918
0.100873
0.100833
0.100797
0.100765
0.100736
0.100709
0.100686
0.100665
0.100645
0.100627
0.100611
0.102838
0.102815
0.10279
0.102763
0.102733
0.1027
0.102663
0.102622
0.102578
0.102529
0.102474
0.102414
0.102348
0.102275
0.102195
0.102107
0.102009
0.101902
0.101785
0.101657
0.101531
0.101419
0.101319
0.101231
0.101152
0.101082
0.101019
0.100963
0.100913
0.100869
0.100829
0.100792
0.10076
0.100731
0.100705
0.100681
0.10066
0.100641
0.100623
0.100606
0.102834
0.102811
0.102786
0.102759
0.102729
0.102696
0.102659
0.102618
0.102574
0.102524
0.10247
0.10241
0.102344
0.102271
0.102191
0.102103
0.102005
0.101898
0.10178
0.101653
0.101527
0.101414
0.101315
0.101226
0.101147
0.101077
0.101015
0.100959
0.100909
0.100864
0.100824
0.100788
0.100755
0.100726
0.1007
0.100676
0.100655
0.100636
0.100618
0.100601
0.102829
0.102807
0.102782
0.102755
0.102725
0.102691
0.102655
0.102614
0.10257
0.10252
0.102466
0.102406
0.10234
0.102267
0.102187
0.102098
0.102001
0.101894
0.101776
0.101648
0.101522
0.10141
0.10131
0.101221
0.101143
0.101073
0.10101
0.100954
0.100904
0.100859
0.100819
0.100783
0.100751
0.100721
0.100695
0.100672
0.10065
0.100631
0.100613
0.100596
0.102825
0.102803
0.102778
0.102751
0.10272
0.102687
0.10265
0.10261
0.102565
0.102516
0.102462
0.102402
0.102335
0.102263
0.102182
0.102094
0.101996
0.101889
0.101771
0.101644
0.101518
0.101405
0.101305
0.101217
0.101138
0.101068
0.101005
0.100949
0.100899
0.100854
0.100814
0.100778
0.100746
0.100717
0.10069
0.100667
0.100645
0.100626
0.100608
0.100591
0.102821
0.102798
0.102774
0.102746
0.102716
0.102683
0.102646
0.102606
0.102561
0.102512
0.102457
0.102397
0.102331
0.102258
0.102178
0.102089
0.101992
0.101885
0.101767
0.101639
0.101513
0.1014
0.101301
0.101212
0.101133
0.101063
0.101
0.100944
0.100894
0.10085
0.100809
0.100773
0.100741
0.100712
0.100685
0.100662
0.10064
0.100621
0.100603
0.100586
0.102816
0.102794
0.102769
0.102742
0.102712
0.102678
0.102642
0.102601
0.102556
0.102507
0.102453
0.102393
0.102326
0.102254
0.102173
0.102085
0.101987
0.10188
0.101762
0.101634
0.101508
0.101396
0.101296
0.101207
0.101128
0.101058
0.100995
0.100939
0.100889
0.100845
0.100804
0.100768
0.100736
0.100707
0.10068
0.100657
0.100635
0.100616
0.100598
0.100581
0.102812
0.102789
0.102764
0.102737
0.102707
0.102674
0.102637
0.102596
0.102552
0.102502
0.102448
0.102388
0.102322
0.102249
0.102168
0.10208
0.101982
0.101875
0.101757
0.101629
0.101504
0.101391
0.101291
0.101202
0.101123
0.101053
0.10099
0.100934
0.100884
0.100839
0.100799
0.100763
0.100731
0.100701
0.100675
0.100652
0.10063
0.100611
0.100593
0.100576
0.102807
0.102784
0.10276
0.102732
0.102702
0.102669
0.102632
0.102592
0.102547
0.102498
0.102443
0.102383
0.102317
0.102244
0.102164
0.102075
0.101978
0.10187
0.101752
0.101625
0.101499
0.101386
0.101286
0.101197
0.101118
0.101048
0.100985
0.100929
0.100879
0.100834
0.100794
0.100758
0.100725
0.100696
0.10067
0.100646
0.100625
0.100606
0.100588
0.100571
0.102802
0.102779
0.102755
0.102727
0.102697
0.102664
0.102627
0.102587
0.102542
0.102493
0.102438
0.102378
0.102312
0.102239
0.102159
0.10207
0.101973
0.101865
0.101747
0.101619
0.101493
0.101381
0.101281
0.101192
0.101113
0.101043
0.10098
0.100924
0.100874
0.100829
0.100789
0.100753
0.10072
0.100691
0.100665
0.100641
0.10062
0.1006
0.100582
0.100566
0.102797
0.102774
0.10275
0.102722
0.102692
0.102659
0.102622
0.102582
0.102537
0.102487
0.102433
0.102373
0.102307
0.102234
0.102154
0.102065
0.101967
0.10186
0.101742
0.101614
0.101488
0.101375
0.101275
0.101187
0.101108
0.101037
0.100975
0.100919
0.100869
0.100824
0.100783
0.100747
0.100715
0.100686
0.100659
0.100636
0.100614
0.100595
0.100577
0.10056
0.102792
0.102769
0.102744
0.102717
0.102687
0.102654
0.102617
0.102576
0.102532
0.102482
0.102428
0.102368
0.102302
0.102229
0.102148
0.10206
0.101962
0.101855
0.101737
0.101609
0.101483
0.10137
0.10127
0.101181
0.101102
0.101032
0.100969
0.100913
0.100863
0.100818
0.100778
0.100742
0.100709
0.10068
0.100654
0.10063
0.100609
0.100589
0.100571
0.100555
0.102786
0.102764
0.102739
0.102712
0.102681
0.102648
0.102611
0.102571
0.102526
0.102477
0.102422
0.102362
0.102296
0.102223
0.102143
0.102054
0.101957
0.101849
0.101731
0.101604
0.101477
0.101364
0.101264
0.101176
0.101097
0.101026
0.100964
0.100908
0.100858
0.100813
0.100772
0.100736
0.100704
0.100674
0.100648
0.100624
0.100603
0.100584
0.100566
0.100549
0.102781
0.102758
0.102733
0.102706
0.102676
0.102643
0.102606
0.102565
0.102521
0.102471
0.102417
0.102357
0.102291
0.102218
0.102137
0.102049
0.101951
0.101844
0.101726
0.101598
0.101472
0.101359
0.101259
0.10117
0.101091
0.101021
0.100958
0.100902
0.100852
0.100807
0.100767
0.10073
0.100698
0.100669
0.100642
0.100619
0.100597
0.100578
0.10056
0.100543
0.102775
0.102752
0.102728
0.1027
0.10267
0.102637
0.1026
0.10256
0.102515
0.102466
0.102411
0.102351
0.102285
0.102212
0.102132
0.102043
0.101945
0.101838
0.10172
0.101592
0.101466
0.101353
0.101253
0.101164
0.101085
0.101015
0.100952
0.100896
0.100846
0.100801
0.100761
0.100725
0.100692
0.100663
0.100636
0.100613
0.100591
0.100572
0.100554
0.100537
0.102769
0.102746
0.102722
0.102694
0.102664
0.102631
0.102594
0.102554
0.102509
0.10246
0.102405
0.102345
0.102279
0.102206
0.102126
0.102037
0.10194
0.101832
0.101714
0.101586
0.10146
0.101347
0.101247
0.101158
0.101079
0.101009
0.100946
0.10089
0.10084
0.100795
0.100755
0.100719
0.100686
0.100657
0.10063
0.100607
0.100585
0.100566
0.100548
0.100531
0.102763
0.10274
0.102716
0.102688
0.102658
0.102625
0.102588
0.102548
0.102503
0.102454
0.102399
0.102339
0.102273
0.1022
0.10212
0.102031
0.101933
0.101826
0.101708
0.10158
0.101454
0.101341
0.101241
0.101152
0.101073
0.101003
0.10094
0.100884
0.100834
0.100789
0.100749
0.100712
0.10068
0.100651
0.100624
0.100601
0.100579
0.10056
0.100542
0.100525
0.102756
0.102734
0.102709
0.102682
0.102652
0.102618
0.102582
0.102541
0.102496
0.102447
0.102393
0.102333
0.102267
0.102194
0.102113
0.102025
0.101927
0.10182
0.101702
0.101574
0.101448
0.101335
0.101235
0.101146
0.101067
0.100997
0.100934
0.100878
0.100827
0.100782
0.100742
0.100706
0.100673
0.100644
0.100618
0.100594
0.100573
0.100553
0.100535
0.100519
0.00649906
0.00595302
0.00545989
0.00503385
0.00467424
0.0043753
0.00413177
0.00393596
0.00377709
0.00364648
0.00353743
0.00344485
0.00336492
0.00329479
0.00323231
0.00317588
0.00312423
0.00307645
0.00303181
0.00298978
0.00294995
0.00291202
0.00287574
0.00284094
0.0028075
0.00277529
0.00274423
0.0027142
0.00268516
0.00265657
0.0204732
0.0177485
0.0164342
0.0157514
0.0153922
0.0152078
0.0150937
0.0149983
0.014923
0.0148629
0.0148101
0.0147587
0.0147043
0.0146432
0.0145735
0.014493
0.0144009
0.0142969
0.0141812
0.0140547
0.013918
0.0137721
0.0136181
0.013457
0.0132898
0.0131174
0.0129405
0.0127594
0.0125773
0.0123848
0.0314571
0.0284158
0.0263809
0.0249816
0.0239982
0.0232901
0.0227702
0.0223825
0.0220735
0.0218202
0.0216167
0.0214513
0.021314
0.0211973
0.0210946
0.021001
0.0209121
0.0208251
0.0207376
0.0206476
0.0205535
0.0204544
0.0203496
0.0202386
0.0201211
0.019997
0.0198664
0.0197286
0.0195875
0.0194356
0.0360406
0.0340621
0.0324226
0.0311032
0.0300495
0.0292013
0.0285101
0.0279408
0.027466
0.0270631
0.026708
0.026398
0.0261298
0.0258981
0.0256978
0.025524
0.0253725
0.0252392
0.0251207
0.0250137
0.0249154
0.0248238
0.0247366
0.024652
0.0245687
0.0244852
0.024401
0.0243147
0.0242295
0.0241405
0.0359174
0.0351427
0.0343292
0.0335481
0.032833
0.0321921
0.0316229
0.0311191
0.0306733
0.0302782
0.0299264
0.0296077
0.0293158
0.0290516
0.0288144
0.0286028
0.0284152
0.0282498
0.0281045
0.0279774
0.0278666
0.0277701
0.0276859
0.0276123
0.0275475
0.0274898
0.0274385
0.0273916
0.0273517
0.0273152
0.0344747
0.0342873
0.0340215
0.033714
0.0333916
0.0330706
0.0327597
0.032463
0.0321826
0.0319188
0.0316716
0.0314404
0.0312241
0.0310179
0.0308222
0.0306394
0.0304712
0.0303184
0.0301814
0.0300603
0.0299548
0.0298645
0.0297886
0.0297264
0.0296767
0.0296386
0.0296113
0.0295933
0.029587
0.0295886
0.0349739
0.0348013
0.0346105
0.0344115
0.0342119
0.0340168
0.0338285
0.0336479
0.0334751
0.0333096
0.0331511
0.0329991
0.0328533
0.0327132
0.0325784
0.0324457
0.0323158
0.0321917
0.0320756
0.031969
0.0318733
0.0317892
0.0317174
0.0316582
0.0316119
0.0315782
0.0315572
0.0315482
0.031553
0.0315683
0.0390955
0.0387132
0.0383418
0.0379897
0.0376617
0.0373596
0.0370828
0.0368295
0.0365969
0.0363821
0.0361823
0.0359952
0.0358185
0.0356507
0.0354905
0.0353366
0.0351882
0.0350427
0.0348994
0.0347604
0.0346292
0.0345072
0.0343956
0.0342954
0.0342077
0.0341331
0.0340721
0.0340249
0.0339929
0.0339745
0.0464863
0.0459554
0.0454252
0.044907
0.044409
0.0439364
0.0434913
0.043074
0.0426832
0.0423167
0.0419719
0.041646
0.0413366
0.0410413
0.0407581
0.0404854
0.040222
0.0399665
0.0397179
0.0394759
0.0392373
0.0390041
0.0387787
0.0385644
0.0383626
0.0381745
0.038001
0.0378429
0.0377016
0.0375796
0.0553952
0.0548639
0.0543155
0.0537592
0.0532036
0.0526552
0.0521189
0.0515977
0.0510931
0.0506051
0.0501332
0.049676
0.0492321
0.0487998
0.0483775
0.0479639
0.0475578
0.0471584
0.0467649
0.0463769
0.0459938
0.0456155
0.0452427
0.044874
0.044512
0.0441594
0.0438186
0.0434919
0.0431813
0.0428966
0.0641477
0.0637025
0.0632332
0.0627448
0.0622429
0.0617324
0.0612177
0.0607023
0.0601884
0.0596778
0.0591711
0.0586685
0.0581695
0.0576735
0.0571796
0.056687
0.0561949
0.0557026
0.0552095
0.0547155
0.0542203
0.053724
0.0532271
0.0527296
0.0522327
0.0517377
0.0512464
0.0507601
0.0502819
0.0498311
0.0718843
0.0715388
0.0711711
0.0707833
0.0703779
0.0699576
0.0695249
0.0690823
0.0686317
0.0681744
0.0677114
0.0672433
0.0667702
0.0662919
0.0658079
0.0653177
0.0648206
0.0643161
0.0638035
0.0632824
0.0627525
0.0622138
0.0616661
0.06111
0.0605457
0.0599743
0.0593968
0.0588146
0.0582307
0.0576735
0.0783798
0.078116
0.0778348
0.0775368
0.077223
0.0768944
0.0765521
0.0761974
0.0758312
0.0754545
0.0750678
0.0746715
0.0742656
0.0738501
0.0734246
0.0729887
0.0725417
0.072083
0.0716118
0.0711276
0.0706296
0.0701174
0.0695906
0.0690489
0.0684923
0.067921
0.0673353
0.0667362
0.0661263
0.0655403
0.083693
0.0834892
0.0832725
0.0830429
0.0828006
0.082546
0.0822793
0.0820011
0.0817118
0.0814117
0.0811011
0.0807803
0.0804487
0.0801063
0.079753
0.0793882
0.0790114
0.0786219
0.078219
0.0778018
0.0773695
0.0769213
0.0764566
0.0759745
0.0754745
0.0749561
0.0744192
0.0738637
0.0732921
0.0727415
0.0879671
0.0878067
0.0876368
0.0874571
0.0872676
0.0870683
0.0868592
0.0866405
0.0864122
0.0861743
0.085927
0.0856702
0.0854037
0.0851274
0.0848407
0.0845433
0.0842349
0.0839147
0.0835821
0.0832362
0.0828764
0.0825016
0.0821111
0.0817039
0.0812791
0.080836
0.0803738
0.0798921
0.079393
0.0789136
0.0913536
0.0912256
0.0910903
0.0909476
0.0907973
0.0906392
0.0904734
0.0902997
0.090118
0.0899284
0.0897307
0.0895248
0.0893106
0.0890878
0.088856
0.0886153
0.0883649
0.0881043
0.0878331
0.0875506
0.087256
0.0869486
0.0866276
0.0862921
0.0859413
0.0855741
0.0851897
0.0847875
0.0843697
0.0839716
0.0939914
0.0938885
0.0937801
0.0936658
0.0935455
0.0934191
0.0932864
0.0931474
0.0930018
0.0928496
0.0926906
0.0925247
0.0923518
0.0921716
0.0919839
0.0917885
0.0915849
0.0913729
0.0911519
0.0909216
0.0906812
0.0904302
0.0901679
0.0898937
0.0896066
0.089306
0.0889909
0.0886608
0.088318
0.0879958
0.0960047
0.095922
0.0958349
0.0957433
0.0956469
0.0955455
0.0954391
0.0953275
0.0952105
0.095088
0.0949599
0.094826
0.0946861
0.09454
0.0943877
0.0942287
0.0940629
0.09389
0.0937096
0.0935213
0.0933248
0.0931196
0.0929051
0.0926807
0.092446
0.0922001
0.0919425
0.0916727
0.0913932
0.0911353
0.0975047
0.0974385
0.0973688
0.0972955
0.0972184
0.0971373
0.0970521
0.0969627
0.0968688
0.0967704
0.0966673
0.0965593
0.0964462
0.096328
0.0962044
0.0960752
0.0959402
0.0957992
0.0956518
0.0954979
0.095337
0.0951688
0.094993
0.0948091
0.0946166
0.0944151
0.0942039
0.093983
0.0937549
0.0935491
0.0985915
0.0985387
0.0984831
0.0984247
0.0983632
0.0982985
0.0982305
0.098159
0.098084
0.0980051
0.0979224
0.0978356
0.0977446
0.0976491
0.0975492
0.0974444
0.0973348
0.09722
0.0970999
0.0969741
0.0968425
0.0967047
0.0965605
0.0964096
0.0962514
0.0960858
0.0959123
0.0957307
0.0955441
0.0953799
0.0993543
0.0993121
0.0992678
0.0992212
0.0991721
0.0991205
0.0990663
0.0990092
0.0989492
0.0988862
0.0988199
0.0987502
0.098677
0.0986002
0.0985195
0.0984348
0.098346
0.0982527
0.098155
0.0980524
0.0979449
0.0978322
0.097714
0.09759
0.0974601
0.0973238
0.0971808
0.0970313
0.0968781
0.0967473
0.0998707
0.0998368
0.0998012
0.0997637
0.0997243
0.0996829
0.0996393
0.0995935
0.0995453
0.0994946
0.0994413
0.0993852
0.0993262
0.0992642
0.0991989
0.0991304
0.0990583
0.0989825
0.0989029
0.0988192
0.0987313
0.098639
0.098542
0.0984402
0.0983332
0.0982208
0.0981029
0.0979794
0.0978535
0.0977495
0.100207
0.100179
0.10015
0.100119
0.100087
0.100053
0.100017
0.0999801
0.0999408
0.0998995
0.0998561
0.0998104
0.0997623
0.0997117
0.0996584
0.0996024
0.0995434
0.0994814
0.0994161
0.0993474
0.0992751
0.0991991
0.0991191
0.099035
0.0989466
0.0988536
0.0987558
0.0986534
0.0985493
0.0984669
0.100415
0.100392
0.100367
0.100341
0.100314
0.100286
0.100256
0.100225
0.100192
0.100158
0.100122
0.100083
0.100043
0.100001
0.099957
0.0999104
0.0998613
0.0998097
0.0997553
0.0996981
0.0996379
0.0995745
0.0995077
0.0994375
0.0993635
0.0992857
0.0992038
0.0991181
0.0990315
0.0989661
0.100538
0.100517
0.100496
0.100473
0.10045
0.100425
0.1004
0.100373
0.100344
0.100315
0.100283
0.100251
0.100216
0.10018
0.100142
0.100102
0.10006
0.100016
0.09997
0.0999212
0.0998699
0.0998159
0.099759
0.0996992
0.0996362
0.09957
0.0995003
0.0994273
0.0993541
0.0993019
0.100605
0.100587
0.100567
0.100547
0.100526
0.100504
0.10048
0.100456
0.100431
0.100404
0.100376
0.100347
0.100317
0.100285
0.100251
0.100216
0.100179
0.10014
0.100099
0.100056
0.100011
0.0999638
0.099914
0.0998617
0.0998067
0.0997489
0.0996881
0.0996247
0.0995614
0.099519
0.100639
0.100621
0.100603
0.100584
0.100564
0.100544
0.100522
0.1005
0.100476
0.100451
0.100426
0.100399
0.100371
0.100341
0.10031
0.100278
0.100244
0.100209
0.100172
0.100133
0.100092
0.100049
0.100004
0.0999571
0.0999076
0.0998557
0.0998012
0.0997444
0.0996883
0.0996529
0.100653
0.100636
0.100619
0.100601
0.100582
0.100562
0.100541
0.100519
0.100497
0.100474
0.100449
0.100423
0.100397
0.100369
0.10034
0.100309
0.100277
0.100244
0.100209
0.100173
0.100135
0.100095
0.100053
0.100009
0.0999633
0.0999152
0.099865
0.0998127
0.0997614
0.0997307
0.100657
0.10064
0.100623
0.100605
0.100587
0.100567
0.100547
0.100526
0.100504
0.100481
0.100457
0.100433
0.100407
0.10038
0.100352
0.100322
0.100291
0.100259
0.100226
0.100191
0.100154
0.100116
0.100076
0.100035
0.0999909
0.0999453
0.0998977
0.0998483
0.0998001
0.0997725
0.100655
0.100639
0.100622
0.100604
0.100586
0.100567
0.100547
0.100526
0.100504
0.100482
0.100458
0.100434
0.100408
0.100382
0.100354
0.100325
0.100295
0.100264
0.100231
0.100197
0.100161
0.100124
0.100085
0.100044
0.100002
0.099958
0.0999119
0.0998643
0.099818
0.0997924
0.100651
0.100635
0.100618
0.1006
0.100582
0.100563
0.100543
0.100522
0.100501
0.100479
0.100455
0.100431
0.100406
0.100379
0.100352
0.100323
0.100293
0.100262
0.10023
0.100196
0.100161
0.100124
0.100086
0.100046
0.100004
0.099961
0.0999159
0.0998692
0.099824
0.0997995
0.100646
0.10063
0.100613
0.100595
0.100577
0.100558
0.100538
0.100518
0.100496
0.100474
0.100451
0.100426
0.100401
0.100375
0.100347
0.100319
0.100289
0.100258
0.100226
0.100192
0.100157
0.100121
0.100083
0.100043
0.100002
0.099959
0.0999144
0.0998682
0.0998236
0.0997997
0.100641
0.100625
0.100608
0.10059
0.100572
0.100553
0.100533
0.100513
0.100491
0.100469
0.100445
0.100421
0.100396
0.10037
0.100342
0.100314
0.100284
0.100253
0.100221
0.100187
0.100152
0.100116
0.100078
0.100039
0.0999975
0.0999548
0.0999103
0.0998644
0.0998201
0.0997965
0.100636
0.10062
0.100603
0.100585
0.100567
0.100548
0.100528
0.100507
0.100486
0.100464
0.10044
0.100416
0.100391
0.100364
0.100337
0.100308
0.100279
0.100248
0.100215
0.100182
0.100147
0.100111
0.100073
0.100033
0.0999923
0.0999496
0.0999052
0.0998594
0.0998153
0.0997918
0.100631
0.100615
0.100598
0.10058
0.100562
0.100543
0.100523
0.100503
0.100481
0.100459
0.100435
0.100411
0.100386
0.100359
0.100332
0.100303
0.100273
0.100242
0.10021
0.100177
0.100142
0.100105
0.100067
0.100028
0.0999869
0.0999442
0.0998998
0.0998541
0.0998099
0.0997865
0.100626
0.10061
0.100593
0.100576
0.100557
0.100538
0.100518
0.100498
0.100476
0.100454
0.10043
0.100406
0.100381
0.100354
0.100327
0.100298
0.100268
0.100237
0.100205
0.100171
0.100136
0.1001
0.100062
0.100023
0.0999815
0.0999388
0.0998944
0.0998487
0.0998045
0.0997811
0.100622
0.100606
0.100589
0.100571
0.100553
0.100534
0.100514
0.100493
0.100471
0.100449
0.100426
0.100401
0.100376
0.100349
0.100322
0.100293
0.100263
0.100232
0.1002
0.100166
0.100131
0.100095
0.100057
0.100017
0.0999762
0.0999335
0.0998891
0.0998433
0.0997992
0.0997758
0.100617
0.100601
0.100584
0.100567
0.100548
0.100529
0.100509
0.100488
0.100467
0.100444
0.100421
0.100396
0.100371
0.100345
0.100317
0.100288
0.100258
0.100227
0.100195
0.100161
0.100126
0.10009
0.100052
0.100012
0.0999711
0.0999283
0.0998839
0.0998381
0.0997939
0.0997705
0.100613
0.100597
0.10058
0.100562
0.100544
0.100525
0.100505
0.100484
0.100462
0.10044
0.100416
0.100392
0.100366
0.10034
0.100312
0.100284
0.100254
0.100223
0.10019
0.100156
0.100121
0.100085
0.100047
0.100007
0.099966
0.0999232
0.0998787
0.0998329
0.0997888
0.0997654
0.100608
0.100592
0.100575
0.100558
0.100539
0.10052
0.1005
0.100479
0.100458
0.100435
0.100412
0.100387
0.100362
0.100335
0.100308
0.100279
0.100249
0.100218
0.100185
0.100152
0.100116
0.10008
0.100042
0.100002
0.099961
0.0999181
0.0998737
0.0998278
0.0997836
0.0997602
0.100604
0.100587
0.100571
0.100553
0.100535
0.100515
0.100496
0.100475
0.100453
0.100431
0.100407
0.100383
0.100357
0.100331
0.100303
0.100274
0.100244
0.100213
0.10018
0.100147
0.100111
0.100075
0.100037
0.0999972
0.099956
0.0999131
0.0998686
0.0998227
0.0997785
0.0997551
0.100599
0.100583
0.100566
0.100548
0.10053
0.100511
0.100491
0.10047
0.100448
0.100426
0.100402
0.100378
0.100352
0.100326
0.100298
0.100269
0.100239
0.100208
0.100176
0.100142
0.100107
0.10007
0.100032
0.0999922
0.0999509
0.0999081
0.0998635
0.0998176
0.0997734
0.0997499
0.100595
0.100578
0.100561
0.100544
0.100525
0.100506
0.100486
0.100465
0.100444
0.100421
0.100398
0.100373
0.100348
0.100321
0.100293
0.100265
0.100235
0.100203
0.100171
0.100137
0.100102
0.100065
0.100027
0.0999872
0.0999459
0.099903
0.0998584
0.0998125
0.0997682
0.0997448
0.10059
0.100574
0.100557
0.100539
0.100521
0.100502
0.100482
0.100461
0.100439
0.100416
0.100393
0.100368
0.100343
0.100316
0.100289
0.10026
0.10023
0.100198
0.100166
0.100132
0.100097
0.10006
0.100022
0.0999821
0.0999408
0.0998978
0.0998532
0.0998073
0.099763
0.0997395
0.100585
0.100569
0.100552
0.100534
0.100516
0.100497
0.100477
0.100456
0.100434
0.100412
0.100388
0.100364
0.100338
0.100311
0.100284
0.100255
0.100225
0.100193
0.100161
0.100127
0.100092
0.100055
0.100017
0.099977
0.0999356
0.0998926
0.099848
0.099802
0.0997577
0.0997342
0.10058
0.100564
0.100547
0.100529
0.100511
0.100492
0.100472
0.100451
0.100429
0.100407
0.100383
0.100359
0.100333
0.100306
0.100279
0.10025
0.10022
0.100188
0.100156
0.100122
0.100087
0.10005
0.100012
0.0999717
0.0999304
0.0998874
0.0998427
0.0997967
0.0997523
0.0997289
0.100575
0.100559
0.100542
0.100525
0.100506
0.100487
0.100467
0.100446
0.100424
0.100402
0.100378
0.100354
0.100328
0.100301
0.100274
0.100245
0.100215
0.100183
0.100151
0.100117
0.100081
0.100045
0.100006
0.0999665
0.0999251
0.099882
0.0998373
0.0997913
0.0997469
0.0997234
0.10057
0.100554
0.100537
0.10052
0.100501
0.100482
0.100462
0.100441
0.100419
0.100397
0.100373
0.100349
0.100323
0.100296
0.100268
0.10024
0.100209
0.100178
0.100145
0.100111
0.100076
0.100039
0.100001
0.0999611
0.0999196
0.0998766
0.0998318
0.0997858
0.0997413
0.0997179
0.100565
0.100549
0.100532
0.100514
0.100496
0.100477
0.100457
0.100436
0.100414
0.100392
0.100368
0.100343
0.100318
0.100291
0.100263
0.100234
0.100204
0.100173
0.10014
0.100106
0.100071
0.100034
0.0999955
0.0999556
0.0999141
0.099871
0.0998263
0.0997802
0.0997357
0.0997122
0.10056
0.100544
0.100527
0.100509
0.100491
0.100472
0.100452
0.100431
0.100409
0.100386
0.100363
0.100338
0.100312
0.100286
0.100258
0.100229
0.100199
0.100167
0.100135
0.100101
0.100065
0.100028
0.09999
0.0999501
0.0999086
0.0998654
0.0998206
0.0997745
0.09973
0.0997065
0.100555
0.100539
0.100522
0.100504
0.100486
0.100466
0.100446
0.100425
0.100404
0.100381
0.100357
0.100333
0.100307
0.10028
0.100252
0.100223
0.100193
0.100162
0.100129
0.100095
0.10006
0.100023
0.0999843
0.0999444
0.0999029
0.0998597
0.0998149
0.0997687
0.0997242
0.0997007
0.100549
0.100533
0.100516
0.100499
0.10048
0.100461
0.100441
0.10042
0.100398
0.100375
0.100352
0.100327
0.100302
0.100275
0.100247
0.100218
0.100188
0.100156
0.100124
0.100089
0.100054
0.100017
0.0999786
0.0999386
0.0998971
0.0998539
0.099809
0.0997628
0.0997183
0.0996948
0.100544
0.100528
0.100511
0.100493
0.100475
0.100455
0.100435
0.100414
0.100393
0.10037
0.100346
0.100322
0.100296
0.100269
0.100241
0.100212
0.100182
0.100151
0.100118
0.100084
0.100048
0.100011
0.0999728
0.0999328
0.0998912
0.099848
0.0998031
0.0997569
0.0997123
0.0996887
0.100538
0.100522
0.100505
0.100487
0.100469
0.10045
0.10043
0.100409
0.100387
0.100364
0.100341
0.100316
0.10029
0.100264
0.100236
0.100207
0.100176
0.100145
0.100112
0.100078
0.100042
0.100005
0.0999669
0.0999269
0.0998853
0.099842
0.0997971
0.0997508
0.0997062
0.0996826
0.100533
0.100517
0.1005
0.100482
0.100463
0.100444
0.100424
0.100403
0.100381
0.100359
0.100335
0.10031
0.100285
0.100258
0.10023
0.100201
0.10017
0.100139
0.100106
0.100072
0.100036
0.0999994
0.0999609
0.0999209
0.0998792
0.0998359
0.099791
0.0997447
0.0997001
0.0996765
0.100527
0.100511
0.100494
0.100476
0.100458
0.100438
0.100418
0.100397
0.100375
0.100353
0.100329
0.100304
0.100279
0.100252
0.100224
0.100195
0.100165
0.100133
0.1001
0.100066
0.10003
0.0999934
0.0999548
0.0999148
0.0998731
0.0998298
0.0997848
0.0997386
0.099694
0.0996705
0.100521
0.100505
0.100488
0.10047
0.100452
0.100432
0.100412
0.100391
0.10037
0.100347
0.100323
0.100298
0.100273
0.100246
0.100218
0.100189
0.100159
0.100127
0.100094
0.10006
0.100024
0.0999872
0.0999487
0.0999086
0.0998669
0.0998236
0.0997786
0.0997324
0.0996878
0.0996644
0.100515
0.100499
0.100482
0.100464
0.100446
0.100426
0.100406
0.100385
0.100363
0.100341
0.100317
0.100292
0.100267
0.10024
0.100212
0.100183
0.100152
0.100121
0.100088
0.100054
0.100018
0.099981
0.0999424
0.0999023
0.0998606
0.0998173
0.0997723
0.0997261
0.0996817
0.0996584
0.100509
0.100493
0.100476
0.100458
0.100439
0.10042
0.1004
0.100379
0.100357
0.100334
0.100311
0.100286
0.10026
0.100233
0.100205
0.100176
0.100146
0.100114
0.100082
0.100047
0.100012
0.0999746
0.099936
0.0998959
0.0998542
0.0998109
0.099766
0.0997199
0.0996758
0.0996528
0.100502
0.100486
0.100469
0.100451
0.100433
0.100414
0.100394
0.100373
0.100351
0.100328
0.100304
0.10028
0.100254
0.100227
0.100199
0.10017
0.10014
0.100108
0.100075
0.100041
0.100005
0.0999681
0.0999296
0.0998895
0.0998478
0.0998045
0.0997597
0.0997138
0.09967
0.0996467
)
;

boundaryField
{
    inlet
    {
        type            calculated;
        value           nonuniform List<scalar> 
60
(
0.104276
0.104275
0.104274
0.104273
0.104272
0.10427
0.104269
0.104268
0.104267
0.104265
0.104264
0.104263
0.104261
0.10426
0.104258
0.104257
0.104255
0.104253
0.104252
0.10425
0.104248
0.104246
0.104244
0.104242
0.10424
0.104238
0.104236
0.104233
0.104231
0.104228
0.104226
0.104223
0.104221
0.104218
0.104215
0.104212
0.104209
0.104206
0.104202
0.104199
0.104195
0.104192
0.104188
0.104184
0.10418
0.104176
0.104172
0.104167
0.104163
0.104158
0.104153
0.104148
0.104143
0.104138
0.104132
0.104127
0.104121
0.104115
0.104108
0.104102
)
;
    }
    outlet
    {
        type            calculated;
        value           nonuniform List<scalar> 
60
(
0.00265657
0.0123848
0.0194356
0.0241405
0.0273152
0.0295886
0.0315683
0.0339745
0.0375796
0.0428966
0.0498311
0.0576735
0.0655403
0.0727415
0.0789136
0.0839716
0.0879958
0.0911353
0.0935491
0.0953799
0.0967473
0.0977495
0.0984669
0.0989661
0.0993019
0.099519
0.0996529
0.0997307
0.0997725
0.0997924
0.0997995
0.0997997
0.0997965
0.0997918
0.0997865
0.0997811
0.0997758
0.0997705
0.0997654
0.0997602
0.0997551
0.0997499
0.0997448
0.0997395
0.0997342
0.0997289
0.0997234
0.0997179
0.0997122
0.0997065
0.0997007
0.0996948
0.0996887
0.0996826
0.0996765
0.0996705
0.0996644
0.0996584
0.0996528
0.0996467
)
;
    }
    top
    {
        type            symmetryPlane;
    }
    ground
    {
        type            alphatWallFunction;
        Prt             0.85;
        value           nonuniform List<scalar> 
40
(
4.57832e-05
4.46261e-05
4.63975e-05
6.30763e-05
7.75856e-05
8.92939e-05
9.95545e-05
0.00010889
0.000117541
0.000125638
0.000133259
0.000140454
0.000147254
0.000153681
0.000159751
0.000165472
0.000170851
0.000175895
0.000180614
0.00018501
0.000189096
0.000192566
0.000195287
0.000197372
0.000198816
0.000199637
0.000199804
0.000199247
0.000197863
0.000195516
0.000192047
0.000187274
0.000180993
0.000172978
0.000162974
0.000150684
0.000135736
0.000117727
9.57868e-05
5.3058e-05
)
;
    }
    sides
    {
        type            empty;
    }
    walls
    {
        type            alphatWallFunction;
        Prt             0.85;
        value           nonuniform List<scalar> 
140
(
4.5783e-05
6.08189e-05
8.00877e-05
9.86329e-05
0.000111735
0.000123113
0.000132875
0.000141161
0.000148118
0.000153874
0.000158542
0.000162222
0.000165004
0.000166968
0.000168178
0.000168683
0.0001685
0.00016761
0.000165933
0.000163453
0.000160303
0.000156726
0.000152755
0.000148432
0.000143793
0.000138867
0.000133681
0.000128256
0.000122611
0.000116763
0.000110728
0.000104526
9.81875e-05
9.17585e-05
8.53361e-05
7.91289e-05
7.37474e-05
7.25094e-05
7.97433e-05
0.000133148
5.30577e-05
8.14133e-05
0.000102733
0.000118045
0.000130962
0.000142441
0.000152953
0.000162747
0.000171975
0.000180742
0.000189129
0.000197207
0.000205044
0.000212717
0.000220317
0.000227961
0.000235806
0.000244064
0.000253028
0.000263103
0.000274874
0.000287935
0.000301563
0.00031587
0.000331067
0.00034729
0.00036467
0.000383375
0.000403545
0.000425125
0.000448179
0.000472784
0.000499043
0.000527114
0.000557246
0.000589856
0.000625819
0.000667985
0.000729616
0.000815809
0.000450685
0.000443469
0.000437068
0.000431332
0.000426157
0.000421468
0.000417201
0.000413307
0.000409744
0.000406475
0.000403468
0.000400698
0.00039814
0.000395773
0.000393578
0.00039154
0.000389643
0.000387875
0.000386223
0.000384678
0.000383229
0.000381868
0.000380587
0.000379379
0.000378237
0.000377155
0.000376126
0.000375143
0.000374195
0.000373209
0.000822595
0.000759256
0.000701565
0.000651311
0.000608565
0.000572782
0.00054345
0.00051974
0.000500415
0.000484466
0.000471105
0.00045973
0.000449883
0.000441223
0.000433493
0.000426496
0.000420083
0.000414137
0.000408575
0.00040333
0.000398352
0.000393605
0.000389058
0.000384692
0.000380489
0.000376437
0.000372525
0.000368738
0.000365071
0.000361459
)
;
    }
}


// ************************************************************************* //
