/*--------------------------------*- C++ -*----------------------------------*\
| =========                 |                                                 |
| \\      /  F ield         | OpenFOAM: The Open Source CFD Toolbox           |
|  \\    /   O peration     | Version:  2.2.0                                 |
|   \\  /    A nd           | Web:      www.OpenFOAM.org                      |
|    \\/     M anipulation  |                                                 |
\*---------------------------------------------------------------------------*/
FoamFile
{
    version     2.0;
    format      ascii;
    class       volScalarField;
    location    "1000";
    object      epsilon;
}
// * * * * * * * * * * * * * * * * * * * * * * * * * * * * * * * * * * * * * //

dimensions      [0 2 -3 0 0 0 0];

internalField   nonuniform List<scalar> 
7600
(
0.000320933
0.000301557
0.000331788
0.00072953
0.00128036
0.00190097
0.00259808
0.00337415
0.00422784
0.00515561
0.0061522
0.00721104
0.00832439
0.0094834
0.0106782
0.011898
0.0131317
0.0143681
0.0155966
0.0168065
0.0179887
0.0190375
0.0198896
0.0205602
0.0210341
0.0213067
0.0213624
0.0211768
0.02072
0.0199618
0.0188773
0.0174539
0.0156983
0.0136436
0.0113546
0.00893042
0.00650409
0.00424806
0.00232414
0.000464206
0.000661728
0.000672066
0.000916408
0.00124687
0.00166851
0.00203806
0.00235913
0.00264408
0.00290049
0.00313527
0.00335439
0.00356325
0.00376672
0.00396929
0.00417525
0.004389
0.00461528
0.00485949
0.00512814
0.00542909
0.00577064
0.00613092
0.00649562
0.00686035
0.00719285
0.00749099
0.00775032
0.00796344
0.00811926
0.00820253
0.00819403
0.00807123
0.00780967
0.00738502
0.00677663
0.00597273
0.00497661
0.00381498
0.002562
0.00146426
0.00139882
0.00112433
0.00133167
0.00165223
0.00200063
0.00227117
0.00246393
0.00259811
0.00269168
0.00276067
0.00281797
0.00287362
0.00293525
0.0030087
0.00309865
0.00320922
0.00334448
0.00350886
0.00370778
0.00394846
0.00424107
0.00457025
0.00491472
0.00526757
0.00562319
0.00598234
0.00634272
0.006697
0.00703148
0.00732527
0.00755061
0.00767422
0.00766017
0.00747422
0.00709018
0.00649786
0.00571157
0.00478043
0.00375286
0.00284678
0.00252967
0.00166816
0.00178636
0.00202591
0.00228597
0.00247958
0.00259955
0.00266297
0.00268992
0.00269877
0.00270398
0.00271606
0.00274237
0.00278799
0.00285667
0.00295149
0.00307539
0.00323165
0.00342449
0.0036601
0.00394831
0.00427425
0.00461477
0.00496795
0.00533559
0.00571917
0.00611603
0.00651738
0.00690697
0.00726087
0.00754854
0.00773555
0.00778778
0.00767674
0.00738561
0.00691489
0.00628623
0.00555024
0.00474069
0.00428303
0.00364151
0.00222356
0.00224738
0.00239168
0.00256034
0.00268322
0.00274829
0.00276749
0.00275847
0.00273822
0.00272034
0.00271469
0.00272802
0.00276485
0.00282833
0.00292084
0.00304445
0.00320137
0.00339449
0.00362831
0.00391088
0.0042266
0.00455214
0.0048912
0.00524845
0.00562659
0.00602372
0.00643133
0.00683303
0.00720455
0.00751545
0.00773253
0.00782469
0.00776846
0.00755316
0.00718507
0.00669008
0.00612921
0.0055786
0.00584052
0.0048549
0.00272787
0.00266554
0.0027289
0.00281613
0.00287447
0.002892
0.00287651
0.00284209
0.00280303
0.00277116
0.00275527
0.00276145
0.00279373
0.00285471
0.00294603
0.00306878
0.00322379
0.00341211
0.00363579
0.00390001
0.00418882
0.00448134
0.00478795
0.00511594
0.00547065
0.00585242
0.0062544
0.00666099
0.00704786
0.00738395
0.00763548
0.00777147
0.00776963
0.00762168
0.00733771
0.00695096
0.00654697
0.00629323
0.00752763
0.00610275
0.00316342
0.0030116
0.0030144
0.00303786
0.00304188
0.00301813
0.00297249
0.00291627
0.00286123
0.00281736
0.00279227
0.00279129
0.00281782
0.00287377
0.00295987
0.00307594
0.00322113
0.00339433
0.00359478
0.00382461
0.0040696
0.00431603
0.00458032
0.00487312
0.00520307
0.00557304
0.00597771
0.00640162
0.00681906
0.00719634
0.00749651
0.00768575
0.00774014
0.00765174
0.00743447
0.0071327
0.00686645
0.00692777
0.00935066
0.00732678
0.00352638
0.00327443
0.00323296
0.00321117
0.00317317
0.00311502
0.00304259
0.0029658
0.00289466
0.00283772
0.00280148
0.00279042
0.00280715
0.00285268
0.00292664
0.00302742
0.00315246
0.00329856
0.00346255
0.00364461
0.00383535
0.0040321
0.00425548
0.00451927
0.00483479
0.00520686
0.00563095
0.00609084
0.00655824
0.00699517
0.00735942
0.0076121
0.00772564
0.00769121
0.00752654
0.00728914
0.0071382
0.00751285
0.0113107
0.00848078
0.00381688
0.00345345
0.00337782
0.00332642
0.00325858
0.00317328
0.00307745
0.00298078
0.00289247
0.00282014
0.00276941
0.00274387
0.00274524
0.0027735
0.00282712
0.00290319
0.00299767
0.0031059
0.00322349
0.0033506
0.00348558
0.00363833
0.00383085
0.00407867
0.00439477
0.00478527
0.00524621
0.00576044
0.00629653
0.00681106
0.00725488
0.00758206
0.00775968
0.00777686
0.00765473
0.00746421
0.00740421
0.00807473
0.0134073
0.00952817
0.00403815
0.00355479
0.00344957
0.00337983
0.00329266
0.00318722
0.00307156
0.00295589
0.00284935
0.00275915
0.00269027
0.00264551
0.00262568
0.00262978
0.00265527
0.0026982
0.00275373
0.00281671
0.0028831
0.00295523
0.00304098
0.00316148
0.00333668
0.00358238
0.00391255
0.00433478
0.00484646
0.00543021
0.00605159
0.0066609
0.00720031
0.00761479
0.00786413
0.00793406
0.00784831
0.00769042
0.00769727
0.00863639
0.0156399
0.0104422
0.00419513
0.00358835
0.00345439
0.00337323
0.00327487
0.00315558
0.00302383
0.00289056
0.00276533
0.00265535
0.00256526
0.00249725
0.00245134
0.00242575
0.00241719
0.00242125
0.00243301
0.00244802
0.00246409
0.00248757
0.00253593
0.0026375
0.00280733
0.00306072
0.00341282
0.00387398
0.00444466
0.00510892
0.0058299
0.00655088
0.00720331
0.00772047
0.00805248
0.00817996
0.00812809
0.00799197
0.00804372
0.0092196
0.0180098
0.0112054
0.00429346
0.00356553
0.00340204
0.00331298
0.00320931
0.00308165
0.00293771
0.00278894
0.00264553
0.00251502
0.00240198
0.00230825
0.00223336
0.00217502
0.00212966
0.00209297
0.00206075
0.00203023
0.00200224
0.00198795
0.00201273
0.00210614
0.00227721
0.00254097
0.002915
0.00341457
0.00404589
0.00479682
0.00562936
0.006479
0.00726403
0.00790267
0.00833227
0.00852612
0.00850945
0.00838779
0.0084659
0.00984628
0.0205215
0.0118082
0.00433896
0.00349794
0.00330419
0.00320865
0.00310372
0.00297248
0.0028205
0.00265919
0.00249933
0.00234901
0.00221305
0.00209329
0.00198911
0.00189816
0.00181704
0.00174215
0.00167065
0.00160207
0.00154062
0.00150184
0.00151574
0.00160649
0.00177828
0.00204706
0.00243468
0.00296394
0.00365017
0.00448845
0.00544166
0.00643712
0.00737696
0.00816011
0.00870711
0.00898094
0.00900515
0.00889461
0.00898478
0.01054
0.0231853
0.0122477
0.00433731
0.00339641
0.00317295
0.00307139
0.00296805
0.00283753
0.00268199
0.00251201
0.00233873
0.0021709
0.00201392
0.00187004
0.00173895
0.00161869
0.00150657
0.00140013
0.00129832
0.00120305
0.00112144
0.00107156
0.00108368
0.00117149
0.00133729
0.00159931
0.00198519
0.0025278
0.00325544
0.0041751
0.00525421
0.00641227
0.00753206
0.00848785
0.00917805
0.00955147
0.00962766
0.00952972
0.00962263
0.0113282
0.0260209
0.0125249
0.00429375
0.0032704
0.00301961
0.00291251
0.00281287
0.00268701
0.00253267
0.00235872
0.00217623
0.00199463
0.00182017
0.00165592
0.00150241
0.00135856
0.00122282
0.0010942
0.000973457
0.000864464
0.000775871
0.000725252
0.00074108
0.000821983
0.000972493
0.00121346
0.00157865
0.00211247
0.00286027
0.00384732
0.00505178
0.00638774
0.00771548
0.00887806
0.00974484
0.0102452
0.0103915
0.0103138
0.010406
0.0122445
0.0290623
0.0126425
0.00421277
0.00312755
0.00285381
0.00274211
0.00264791
0.00253025
0.00238196
0.00220934
0.00202279
0.00183222
0.00164492
0.00146521
0.00129488
0.00113421
0.000983114
0.000842216
0.000713873
0.00060313
0.000518582
0.000474783
0.000493416
0.000563138
0.000691055
0.000899276
0.00122598
0.00172662
0.00246666
0.00349769
0.00481862
0.0063442
0.00791031
0.00932091
0.0104072
0.0110718
0.0113158
0.0112741
0.0113697
0.0133333
0.0323661
0.0126017
0.00409785
0.00297345
0.00268291
0.00256824
0.00248097
0.00237458
0.00223698
0.00207119
0.00188625
0.00169216
0.00149725
0.00130729
0.00112575
0.000954623
0.000795506
0.000650584
0.000523395
0.000419248
0.000345281
0.000311576
0.000329187
0.000386039
0.00048913
0.00065942
0.000935909
0.00138159
0.00208233
0.003124
0.00454105
0.00626125
0.00809739
0.00980547
0.0111663
0.012046
0.0124282
0.0124494
0.0125623
0.0146554
0.0360232
0.0123991
0.00395115
0.00281168
0.00251182
0.0023965
0.00231744
0.00222469
0.0021018
0.00194813
0.0017706
0.00157872
0.00138156
0.0011864
0.000998549
0.000821931
0.000659941
0.000516144
0.000394731
0.000300404
0.000237889
0.000212696
0.000228264
0.000273827
0.000354985
0.000489524
0.00071313
0.00109006
0.00172164
0.00273242
0.00421062
0.00611921
0.00825604
0.0103205
0.0120269
0.013191
0.0137696
0.0138969
0.0140547
0.0162986
0.0401777
0.0120226
0.00376875
0.00264351
0.00234334
0.00223035
0.00216061
0.0020831
0.00197807
0.00184119
0.00167665
0.00149271
0.00129865
0.00110296
0.000912729
0.000733993
0.000571895
0.000431165
0.000316239
0.000230751
0.000176982
0.000157365
0.000171427
0.000209
0.000273902
0.000380003
0.000556792
0.000862748
0.0014041
0.00233952
0.0038275
0.00590077
0.00836377
0.0108538
0.0129983
0.0145417
0.0154016
0.0157024
0.0159542
0.0183946
0.0450573
0.0114798
0.00358552
0.0024802
0.00218268
0.00207314
0.00201265
0.00195069
0.00186539
0.00174913
0.00160294
0.00143302
0.00124801
0.00105688
0.000867129
0.000688355
0.000527104
0.000389032
0.000278705
0.000198784
0.000149622
0.000132523
0.000145916
0.000178572
0.000232953
0.000319566
0.000461093
0.000705435
0.00115076
0.00197285
0.00340417
0.00559249
0.0083934
0.011388
0.0140915
0.0161475
0.0174143
0.0179953
0.0184265
0.0211493
0.0510239
0.0108151
0.00342321
0.00234018
0.00204611
0.00193963
0.00188636
0.00183717
0.0017694
0.00167317
0.00154681
0.00139421
0.00122268
0.001041
0.000857829
0.00068293
0.000524533
0.00038924
0.000281757
0.000204233
0.000156154
0.00013805
0.0001483
0.000176996
0.000224995
0.000300205
0.000419755
0.00062033
0.000982623
0.00167343
0.00297513
0.00519431
0.00831424
0.0118947
0.0153147
0.0180726
0.0199368
0.020972
0.0217309
0.0248855
0.0586727
0.0100937
0.0032724
0.0022276
0.00193971
0.00183637
0.0017884
0.00174863
0.0016945
0.00161496
0.00150645
0.00137088
0.00121411
0.00104423
0.000870189
0.000701822
0.000548132
0.000416342
0.000311332
0.000235157
0.00018734
0.000167707
0.000174
0.000199097
0.000243199
0.000312479
0.000420497
0.000596162
0.000905456
0.00149723
0.00266234
0.00479797
0.00811213
0.0122855
0.0165415
0.0201862
0.0228631
0.0245749
0.0258736
0.029655
0.0680651
0.00933293
0.00312953
0.00213566
0.00185701
0.00175746
0.00171384
0.00168119
0.00163764
0.00157167
0.00147852
0.00135859
0.00121637
0.00105906
0.000895436
0.000735157
0.000587432
0.000459763
0.000357168
0.000281834
0.000233644
0.000212347
0.000215747
0.000238342
0.000280343
0.00034699
0.000449609
0.00061175
0.000887799
0.00140809
0.00245724
0.0045017
0.00792588
0.0125471
0.0176056
0.0222679
0.0259489
0.0285721
0.0306728
0.0354476
0.0789401
0.00855151
0.00299214
0.00205986
0.00179357
0.00169894
0.00165948
0.00163268
0.00159761
0.00154278
0.00146272
0.00135677
0.00122823
0.0010834
0.000930557
0.000779015
0.000637864
0.000514661
0.00041454
0.000339968
0.000291432
0.00026947
0.000271007
0.000292158
0.000333353
0.000399407
0.000500354
0.000656198
0.000912569
0.00138278
0.00233526
0.00427496
0.00774664
0.0127515
0.0185588
0.0242434
0.0291394
0.0329539
0.0361714
0.0422398
0.0916123
0.00776526
0.00285848
0.001997
0.0017463
0.00165802
0.00162311
0.00160163
0.00157376
0.00152833
0.00145955
0.00136599
0.00125003
0.00111709
0.000974825
0.000832079
0.000697661
0.000579052
0.000481504
0.000407848
0.00035933
0.000337656
0.000338249
0.000358937
0.000400409
0.000467381
0.000569306
0.000724133
0.000971457
0.00141064
0.00229002
0.00412571
0.00758653
0.0128811
0.0193866
0.0261391
0.0323724
0.0377003
0.0424448
0.0502988
0.106568
0.00698764
0.00272727
0.00194453
0.00171273
0.0016325
0.00160294
0.00158684
0.00156558
0.00152847
0.00146964
0.00138717
0.00128268
0.00116085
0.00102866
0.000894415
0.000766589
0.000652528
0.000557606
0.000485058
0.00043693
0.000415636
0.000416271
0.000437401
0.000480128
0.0005494
0.000654724
0.000813337
0.00106148
0.00148863
0.00232394
0.00407485
0.00748635
0.0129654
0.0200764
0.0279136
0.0356527
0.0427858
0.0495456
0.0598203
0.12434
0.00622991
0.00259732
0.0019002
0.0016907
0.00162044
0.00159738
0.00158718
0.00157251
0.00154323
0.00149355
0.00142122
0.00132728
0.00121576
0.00109299
0.000966768
0.000845191
0.000735467
0.000643091
0.0005717
0.000524104
0.000503367
0.000504425
0.000526578
0.000571529
0.000644811
0.00075666
0.000925029
0.00118573
0.00162347
0.0024529
0.00416021
0.00751364
0.0130785
0.0206703
0.0295605
0.0389532
0.0482417
0.057535
0.0710132
0.145583
0.00550125
0.00246745
0.00186173
0.00167809
0.00161993
0.0016048
0.00160145
0.00159385
0.00157246
0.00153162
0.00146889
0.00138484
0.00128292
0.0011689
0.00105009
0.000934256
0.000828457
0.000738307
0.000667814
0.000620493
0.000600105
0.000601881
0.0006259
0.00067478
0.000755193
0.000879095
0.00106708
0.00135827
0.00183927
0.00271797
0.00445184
0.00777878
0.013358
0.0212911
0.0311537
0.0422996
0.0540896
0.0665363
0.0841503
0.171156
0.00480904
0.00233633
0.00182659
0.00167249
0.00162881
0.00162338
0.00162824
0.00162868
0.00161577
0.00158398
0.0015307
0.00145614
0.00136324
0.00125729
0.0011452
0.00103439
0.000931851
0.000843308
0.00077315
0.000725644
0.000705535
0.000709274
0.000737332
0.000794077
0.000888392
0.00103578
0.0012627
0.00161724
0.00219672
0.0032111
0.00508034
0.0084597
0.0140286
0.0221729
0.0328847
0.045821
0.0604215
0.0766677
0.0995858
0.202096
0.00415915
0.00220245
0.00179175
0.00167097
0.00164452
0.00165101
0.00166593
0.00167591
0.00167257
0.00165049
0.00160688
0.00154163
0.00145726
0.00135868
0.00125244
0.00114579
0.00104566
0.000958046
0.000887899
0.000840605
0.000822608
0.000833102
0.000870495
0.000944564
0.00106845
0.00126502
0.00157284
0.00205807
0.00283885
0.00412864
0.00628719
0.00983913
0.0154234
0.0236795
0.0350905
0.0497867
0.0674518
0.0881407
0.117552
0.239326
0.00355617
0.00206409
0.00175351
0.00166987
0.00166395
0.00168523
0.00171272
0.00173434
0.00174215
0.00173081
0.00169735
0.00164137
0.00156508
0.00147314
0.00137194
0.00126874
0.0011707
0.00108441
0.00101598
0.000972961
0.000964669
0.000992243
0.00105515
0.00117034
0.00136208
0.00166989
0.00215642
0.00291744
0.00409178
0.00586836
0.00849932
0.0123508
0.0180003
0.0263
0.0382519
0.0546224
0.0755502
0.101324
0.138494
0.284148
0.00300371
0.00191935
0.00170754
0.00166488
0.00168359
0.00172351
0.00176691
0.00180284
0.0018238
0.00182452
0.00180191
0.00175538
0.00168707
0.00160167
0.00150578
0.00140708
0.00131352
0.00123306
0.00117425
0.00114926
0.00117251
0.00124776
0.00138134
0.00159657
0.00195665
0.00253528
0.00343226
0.00476451
0.00664225
0.00915218
0.0123954
0.0166064
0.0223325
0.0306104
0.0429497
0.0608834
0.085244
0.116764
0.163028
0.338145
0.00250468
0.00176626
0.00164916
0.00165157
0.00170028
0.00176392
0.00182741
0.0018809
0.00191746
0.00193213
0.00192194
0.00188647
0.00182822
0.00175251
0.00166675
0.00157974
0.00150118
0.00144202
0.0014163
0.00144738
0.00156165
0.00177055
0.00210063
0.00259056
0.0034021
0.00464998
0.00643069
0.00878465
0.0116767
0.0150343
0.0188496
0.0233202
0.0290281
0.0371825
0.0497679
0.0691741
0.0971725
0.135194
0.191992
0.403294
0.00206148
0.00160305
0.00157432
0.00162673
0.00171252
0.00180631
0.001895
0.0019703
0.00202675
0.00206034
0.00206888
0.00205267
0.00201539
0.00196372
0.00190672
0.0018555
0.0018238
0.00183017
0.00190388
0.00210109
0.00248375
0.00308534
0.0039785
0.005279
0.00722048
0.00985048
0.0130711
0.0167101
0.0205745
0.0245313
0.0285973
0.0330363
0.0385155
0.046408
0.0591354
0.0800054
0.111983
0.157488
0.226479
0.482154
0.00167719
0.00142977
0.0014825
0.00159204
0.00172434
0.0018568
0.00197888
0.00208621
0.00217699
0.00224938
0.00230255
0.00233776
0.00236128
0.00238227
0.00241321
0.00247166
0.00258397
0.00279358
0.00317932
0.00389961
0.0051048
0.00683381
0.0091879
0.0123336
0.016303
0.0207177
0.0252768
0.0297405
0.0339564
0.0378934
0.0416871
0.0457086
0.0507208
0.0582434
0.0711032
0.0935869
0.130152
0.184576
0.267891
0.578185
0.00135681
0.00124941
0.00138147
0.00156064
0.00175502
0.00194511
0.00212934
0.00231402
0.00250483
0.00270178
0.00290422
0.00311291
0.00334506
0.00361447
0.00394467
0.00437644
0.00498017
0.00587849
0.00728593
0.00957534
0.0128926
0.0169973
0.0218488
0.0274617
0.0330465
0.0383038
0.0430706
0.0472742
0.0509229
0.0541276
0.0571404
0.0604232
0.0648182
0.0719718
0.0850967
0.109545
0.151696
0.217246
0.318062
0.696396
0.00111639
0.00108313
0.00131504
0.00160131
0.00192137
0.00227462
0.00269983
0.00323275
0.00389045
0.0046579
0.00552449
0.00646939
0.00758975
0.0088685
0.0103418
0.0120941
0.0142713
0.0170972
0.0208813
0.0259956
0.0320792
0.0384472
0.0450639
0.0510966
0.0562437
0.0605564
0.0641029
0.0669658
0.0692673
0.0712074
0.0731079
0.0754869
0.079243
0.0861298
0.0997282
0.126573
0.175647
0.25565
0.379432
0.845304
0.00106583
0.00100871
0.00152309
0.00219959
0.00319617
0.00464001
0.00690407
0.0101138
0.0141803
0.0186362
0.0231701
0.0273461
0.0319238
0.0360281
0.0397488
0.043252
0.046784
0.0506245
0.0550336
0.0601856
0.0656135
0.0709475
0.0755496
0.0790103
0.0816088
0.0835119
0.0848367
0.0856936
0.0862297
0.0866685
0.0873532
0.0888214
0.0919972
0.0986979
0.112788
0.141976
0.198654
0.297115
0.455207
1.04671
0.00138675
0.00204108
0.00531191
0.0102063
0.0189383
0.0328686
0.0559323
0.083311
0.108447
0.125303
0.135304
0.139444
0.13906
0.135467
0.130046
0.124014
0.118303
0.113513
0.109955
0.107684
0.106761
0.1065
0.105851
0.105016
0.104043
0.102942
0.101726
0.100443
0.0992043
0.0982124
0.0977937
0.098468
0.101132
0.107555
0.121595
0.15165
0.214257
0.336296
0.566599
1.39827
0.00616101
0.0221996
0.054165
0.109909
0.193311
0.309472
0.456854
0.547354
0.5555
0.520007
0.466313
0.408789
0.354548
0.306696
0.266092
0.23242
0.205024
0.183083
0.165746
0.152184
0.142356
0.134701
0.12858
0.123528
0.11921
0.115406
0.111989
0.108922
0.106263
0.104174
0.102942
0.103037
0.105267
0.111211
0.124341
0.152983
0.216685
0.366463
0.746163
2.01791
0.289387
0.274592
0.261918
0.250913
0.241269
0.232756
0.225195
0.218447
0.212397
0.206951
0.20203
0.197568
0.19351
0.189807
0.186419
0.183311
0.180451
0.177812
0.175373
0.173112
0.17101
0.169053
0.167225
0.165514
0.163908
0.162396
0.160967
0.159611
0.15831
0.156966
0.0340927
0.0458876
0.0517537
0.0546306
0.0558312
0.0560577
0.0557141
0.0550422
0.0541906
0.0532517
0.0522832
0.0513206
0.0503857
0.0494913
0.0486442
0.0478476
0.0471024
0.0464079
0.0457628
0.0451651
0.044613
0.0441047
0.0436388
0.0432146
0.0428326
0.0424955
0.0422098
0.0419898
0.0418616
0.0418738
0.014712
0.0187829
0.0216692
0.0236516
0.0249748
0.0258231
0.0263305
0.0265943
0.0266845
0.0266524
0.026535
0.0263593
0.0261451
0.025907
0.0256553
0.0253978
0.0251401
0.0248861
0.0246389
0.0244004
0.0241722
0.0239555
0.0237511
0.0235595
0.0233814
0.0232181
0.0230716
0.0229442
0.0228392
0.0227599
0.011194
0.0126731
0.0139697
0.0150161
0.0158267
0.0164371
0.0168844
0.0172014
0.0174158
0.0175498
0.0176215
0.0176452
0.0176322
0.0175915
0.0175301
0.0174538
0.0173668
0.0172727
0.0171743
0.0170737
0.0169728
0.0168729
0.0167752
0.0166807
0.0165903
0.0165049
0.0164255
0.0163528
0.0162881
0.0162319
0.0102523
0.0107505
0.0112927
0.0117961
0.0122304
0.0125898
0.0128783
0.0131041
0.0132759
0.0134024
0.0134913
0.0135494
0.0135824
0.0135952
0.0135918
0.0135756
0.0135495
0.0135156
0.013476
0.0134322
0.0133856
0.0133373
0.0132883
0.0132393
0.0131911
0.0131443
0.0130995
0.0130572
0.0130177
0.0129814
0.00996467
0.0100608
0.0102297
0.0104239
0.0106153
0.0107894
0.0109402
0.011066
0.0111677
0.0112473
0.0113074
0.0113504
0.0113788
0.011395
0.0114009
0.0113983
0.0113888
0.0113737
0.0113542
0.0113314
0.0113059
0.0112787
0.0112503
0.0112213
0.0111922
0.0111634
0.0111352
0.0111081
0.0110821
0.0110576
0.00987369
0.00980575
0.0097923
0.00981408
0.00985465
0.00990246
0.00995014
0.00999344
0.0100301
0.0100594
0.010081
0.0100954
0.0101032
0.0101051
0.0101019
0.0100943
0.010083
0.0100687
0.0100519
0.0100333
0.0100131
0.00999198
0.00997016
0.00994801
0.00992581
0.00990381
0.00988223
0.00986124
0.00984097
0.00982148
0.00984487
0.00971268
0.00961478
0.00954551
0.00949767
0.00946462
0.00944106
0.00942306
0.00940792
0.00939382
0.00937964
0.0093647
0.00934868
0.00933144
0.00931301
0.00929349
0.00927303
0.0092518
0.00922999
0.0092078
0.0091854
0.00916295
0.00914063
0.00911856
0.00909689
0.00907572
0.00905514
0.00903524
0.00901605
0.00899757
0.00983581
0.00967968
0.00954522
0.00943133
0.00933547
0.00925454
0.00918552
0.00912577
0.0090731
0.00902583
0.00898264
0.00894257
0.00890491
0.00886916
0.00883495
0.00880205
0.00877027
0.00873952
0.00870972
0.00868084
0.00865286
0.00862578
0.0085996
0.00857432
0.00854997
0.00852655
0.00850406
0.0084825
0.00846186
0.00844205
0.009833
0.00966835
0.0095191
0.009385
0.00926516
0.00915822
0.00906264
0.00897685
0.00889942
0.00882907
0.00876472
0.00870545
0.00865053
0.00859935
0.00855142
0.00850635
0.00846382
0.00842358
0.00838542
0.00834917
0.00831469
0.00828187
0.00825062
0.00822085
0.00819249
0.00816548
0.00813976
0.00811527
0.00809195
0.00806966
0.00983213
0.00966458
0.00950971
0.00936712
0.00923626
0.00911637
0.0090066
0.00890601
0.00881368
0.00872873
0.00865035
0.00857782
0.00851049
0.0084478
0.00838926
0.00833447
0.00828307
0.00823474
0.00818922
0.00814628
0.00810572
0.00806738
0.00803109
0.00799673
0.00796417
0.00793331
0.00790404
0.00787628
0.00784992
0.00782479
0.00983187
0.00966337
0.00950647
0.00936055
0.009225
0.00909918
0.00898246
0.00887418
0.00877368
0.00868032
0.0085935
0.00851263
0.00843721
0.00836675
0.00830083
0.00823905
0.00818107
0.00812659
0.00807533
0.00802704
0.00798151
0.00793854
0.00789795
0.00785958
0.0078233
0.00778895
0.00775644
0.00772564
0.00769642
0.00766859
0.00983179
0.00966299
0.0095054
0.00935825
0.00922083
0.0090925
0.00897265
0.0088607
0.0087561
0.00865832
0.00856685
0.00848123
0.00840101
0.00832578
0.00825518
0.00818884
0.00812647
0.00806776
0.00801246
0.00796033
0.00791114
0.0078647
0.00782082
0.00777934
0.00774011
0.00770299
0.00766783
0.00763453
0.00760294
0.00757284
0.00983176
0.00966287
0.00950506
0.00935748
0.00921936
0.00909004
0.00896888
0.00885532
0.00874883
0.00864891
0.0085551
0.00846699
0.00838417
0.00830628
0.00823298
0.00816394
0.00809889
0.00803755
0.00797966
0.00792502
0.00787339
0.0078246
0.00777845
0.00773479
0.00769346
0.00765432
0.00761724
0.00758208
0.00754871
0.0075169
0.00983176
0.00966284
0.00950495
0.00935722
0.00921887
0.00908918
0.00896751
0.00885329
0.00874598
0.00864511
0.00855023
0.00846092
0.00837682
0.00829756
0.00822284
0.00815234
0.0080858
0.00802295
0.00796357
0.00790743
0.00785433
0.00780408
0.00775651
0.00771145
0.00766876
0.00762829
0.00758992
0.00755351
0.00751893
0.00748593
0.00983175
0.00966283
0.00950492
0.00935715
0.00921871
0.00908889
0.00896703
0.00885256
0.00874494
0.00864367
0.00854833
0.00845849
0.0083738
0.00829391
0.00821849
0.00814727
0.00807997
0.00801634
0.00795616
0.00789921
0.00784529
0.00779422
0.00774583
0.00769996
0.00765646
0.0076152
0.00757604
0.00753886
0.00750352
0.00746978
0.00983175
0.00966282
0.00950491
0.00935712
0.00921866
0.00908879
0.00896688
0.00885231
0.00874457
0.00864316
0.00854763
0.00845758
0.00837264
0.00829247
0.00821675
0.0081452
0.00807755
0.00801355
0.00795297
0.00789562
0.00784129
0.00778979
0.00774097
0.00769467
0.00765074
0.00760904
0.00756944
0.00753183
0.00749605
0.00746188
0.00983175
0.00966282
0.00950491
0.00935712
0.00921865
0.00908877
0.00896683
0.00885224
0.00874445
0.00864299
0.00854739
0.00845726
0.00837223
0.00829195
0.00821611
0.00814442
0.00807661
0.00801245
0.00795171
0.00789417
0.00783964
0.00778795
0.00773893
0.00769241
0.00764826
0.00760634
0.00756652
0.00752868
0.00749268
0.00745827
0.00983175
0.00966282
0.00950491
0.00935712
0.00921865
0.00908876
0.00896682
0.00885222
0.00874442
0.00864294
0.00854732
0.00845717
0.0083721
0.00829178
0.0082159
0.00814415
0.00807629
0.00801207
0.00795126
0.00789364
0.00783904
0.00778726
0.00773814
0.00769153
0.00764728
0.00760526
0.00756533
0.00752739
0.00749127
0.00745675
0.00983175
0.00966283
0.00950492
0.00935713
0.00921865
0.00908877
0.00896682
0.00885222
0.00874442
0.00864293
0.00854731
0.00845715
0.00837208
0.00829175
0.00821585
0.00814409
0.00807621
0.00801197
0.00795113
0.00789349
0.00783885
0.00778704
0.00773789
0.00769124
0.00764695
0.00760489
0.00756492
0.00752692
0.00749076
0.00745619
0.00983175
0.00966283
0.00950492
0.00935713
0.00921866
0.00908878
0.00896683
0.00885223
0.00874443
0.00864295
0.00854733
0.00845717
0.00837209
0.00829176
0.00821586
0.0081441
0.00807622
0.00801197
0.00795113
0.00789348
0.00783883
0.00778701
0.00773785
0.00769119
0.00764688
0.0076048
0.00756481
0.0075268
0.00749062
0.00745602
0.00983176
0.00966283
0.00950493
0.00935714
0.00921867
0.00908879
0.00896685
0.00885225
0.00874445
0.00864297
0.00854735
0.00845719
0.00837212
0.00829179
0.00821589
0.00814414
0.00807626
0.00801201
0.00795117
0.00789352
0.00783888
0.00778705
0.00773789
0.00769122
0.00764691
0.00760483
0.00756483
0.00752681
0.00749062
0.00745602
0.00983176
0.00966284
0.00950493
0.00935715
0.00921868
0.0090888
0.00896686
0.00885226
0.00874447
0.00864299
0.00854738
0.00845722
0.00837215
0.00829183
0.00821594
0.00814418
0.00807631
0.00801206
0.00795122
0.00789358
0.00783894
0.00778712
0.00773796
0.00769129
0.00764698
0.00760489
0.0075649
0.00752687
0.00749068
0.00745607
0.00983176
0.00966284
0.00950494
0.00935716
0.00921869
0.00908882
0.00896688
0.00885228
0.00874449
0.00864302
0.00854741
0.00845726
0.00837219
0.00829187
0.00821598
0.00814423
0.00807636
0.00801212
0.00795129
0.00789365
0.00783901
0.00778719
0.00773803
0.00769137
0.00764706
0.00760497
0.00756498
0.00752695
0.00749076
0.00745614
0.00983176
0.00966285
0.00950495
0.00935717
0.0092187
0.00908883
0.0089669
0.0088523
0.00874452
0.00864304
0.00854744
0.00845729
0.00837223
0.00829192
0.00821603
0.00814429
0.00807642
0.00801218
0.00795135
0.00789371
0.00783908
0.00778726
0.00773811
0.00769144
0.00764714
0.00760505
0.00756506
0.00752703
0.00749083
0.00745622
0.00983176
0.00966285
0.00950496
0.00935718
0.00921872
0.00908885
0.00896691
0.00885233
0.00874454
0.00864307
0.00854747
0.00845733
0.00837227
0.00829196
0.00821608
0.00814434
0.00807648
0.00801224
0.00795141
0.00789378
0.00783915
0.00778734
0.00773818
0.00769152
0.00764721
0.00760513
0.00756514
0.00752711
0.00749091
0.0074563
0.00983177
0.00966286
0.00950496
0.00935719
0.00921873
0.00908886
0.00896693
0.00885235
0.00874457
0.0086431
0.0085475
0.00845736
0.00837231
0.008292
0.00821613
0.00814439
0.00807653
0.0080123
0.00795148
0.00789385
0.00783922
0.00778741
0.00773825
0.00769159
0.00764729
0.0076052
0.00756521
0.00752719
0.00749099
0.00745638
0.00983177
0.00966286
0.00950497
0.0093572
0.00921874
0.00908888
0.00896695
0.00885237
0.00874459
0.00864313
0.00854753
0.0084574
0.00837235
0.00829205
0.00821617
0.00814444
0.00807658
0.00801236
0.00795153
0.00789391
0.00783928
0.00778747
0.00773832
0.00769166
0.00764736
0.00760527
0.00756528
0.00752726
0.00749106
0.00745644
0.00983177
0.00966287
0.00950498
0.00935721
0.00921876
0.0090889
0.00896697
0.00885239
0.00874462
0.00864316
0.00854757
0.00845743
0.00837239
0.00829209
0.00821622
0.00814449
0.00807663
0.00801241
0.00795159
0.00789397
0.00783934
0.00778753
0.00773838
0.00769173
0.00764742
0.00760534
0.00756535
0.00752732
0.00749112
0.00745651
0.00983177
0.00966288
0.00950499
0.00935722
0.00921877
0.00908892
0.00896699
0.00885242
0.00874465
0.00864319
0.0085476
0.00845747
0.00837243
0.00829213
0.00821626
0.00814453
0.00807668
0.00801246
0.00795164
0.00789402
0.0078394
0.00778759
0.00773844
0.00769178
0.00764748
0.0076054
0.0075654
0.00752738
0.00749118
0.00745656
0.00983178
0.00966288
0.009505
0.00935724
0.00921879
0.00908893
0.00896702
0.00885244
0.00874467
0.00864322
0.00854763
0.0084575
0.00837246
0.00829217
0.0082163
0.00814458
0.00807673
0.00801251
0.00795169
0.00789407
0.00783945
0.00778764
0.00773849
0.00769184
0.00764754
0.00760545
0.00756546
0.00752743
0.00749123
0.00745661
0.00983178
0.00966289
0.00950501
0.00935725
0.0092188
0.00908895
0.00896704
0.00885246
0.0087447
0.00864325
0.00854766
0.00845754
0.0083725
0.00829221
0.00821634
0.00814462
0.00807677
0.00801256
0.00795174
0.00789412
0.0078395
0.00778769
0.00773854
0.00769189
0.00764758
0.0076055
0.0075655
0.00752748
0.00749128
0.00745666
0.00983178
0.00966289
0.00950502
0.00935726
0.00921882
0.00908897
0.00896706
0.00885249
0.00874472
0.00864328
0.00854769
0.00845757
0.00837254
0.00829224
0.00821638
0.00814466
0.00807682
0.0080126
0.00795178
0.00789416
0.00783954
0.00778774
0.00773859
0.00769193
0.00764763
0.00760554
0.00756555
0.00752752
0.00749131
0.00745669
0.00983178
0.0096629
0.00950503
0.00935727
0.00921884
0.00908899
0.00896708
0.00885251
0.00874475
0.0086433
0.00854772
0.0084576
0.00837257
0.00829228
0.00821642
0.0081447
0.00807685
0.00801264
0.00795182
0.0078942
0.00783958
0.00778778
0.00773863
0.00769197
0.00764767
0.00760558
0.00756558
0.00752755
0.00749135
0.00745673
0.00983179
0.00966291
0.00950504
0.00935729
0.00921885
0.00908901
0.0089671
0.00885254
0.00874478
0.00864333
0.00854775
0.00845764
0.0083726
0.00829232
0.00821646
0.00814474
0.00807689
0.00801268
0.00795186
0.00789424
0.00783962
0.00778781
0.00773866
0.007692
0.0076477
0.00760561
0.00756561
0.00752758
0.00749138
0.00745675
0.00983179
0.00966291
0.00950505
0.0093573
0.00921887
0.00908903
0.00896712
0.00885256
0.0087448
0.00864336
0.00854778
0.00845767
0.00837264
0.00829235
0.00821649
0.00814477
0.00807693
0.00801271
0.0079519
0.00789427
0.00783965
0.00778785
0.00773869
0.00769204
0.00764773
0.00760564
0.00756564
0.00752761
0.0074914
0.00745677
0.00983179
0.00966292
0.00950506
0.00935732
0.00921889
0.00908905
0.00896715
0.00885259
0.00874483
0.00864339
0.00854781
0.0084577
0.00837267
0.00829238
0.00821652
0.0081448
0.00807696
0.00801274
0.00795193
0.00789431
0.00783968
0.00778788
0.00773872
0.00769206
0.00764776
0.00760566
0.00756566
0.00752763
0.00749142
0.00745679
0.0098318
0.00966293
0.00950507
0.00935733
0.0092189
0.00908907
0.00896717
0.00885261
0.00874486
0.00864342
0.00854784
0.00845773
0.0083727
0.00829241
0.00821656
0.00814484
0.00807699
0.00801278
0.00795196
0.00789434
0.00783971
0.00778791
0.00773875
0.00769209
0.00764778
0.00760569
0.00756568
0.00752765
0.00749143
0.0074568
0.0098318
0.00966294
0.00950508
0.00935735
0.00921892
0.00908909
0.00896719
0.00885264
0.00874488
0.00864345
0.00854787
0.00845776
0.00837273
0.00829245
0.00821659
0.00814487
0.00807702
0.00801281
0.00795199
0.00789437
0.00783974
0.00778793
0.00773877
0.00769211
0.0076478
0.00760571
0.0075657
0.00752766
0.00749145
0.00745682
0.0098318
0.00966295
0.0095051
0.00935736
0.00921894
0.00908911
0.00896722
0.00885266
0.00874491
0.00864348
0.00854791
0.00845779
0.00837276
0.00829248
0.00821662
0.0081449
0.00807705
0.00801284
0.00795202
0.0078944
0.00783977
0.00778796
0.0077388
0.00769213
0.00764782
0.00760572
0.00756572
0.00752768
0.00749146
0.00745683
0.00983181
0.00966296
0.00950511
0.00935738
0.00921896
0.00908913
0.00896724
0.00885269
0.00874494
0.00864351
0.00854794
0.00845782
0.0083728
0.00829251
0.00821665
0.00814493
0.00807709
0.00801287
0.00795205
0.00789442
0.00783979
0.00778798
0.00773882
0.00769216
0.00764784
0.00760574
0.00756573
0.00752769
0.00749147
0.00745684
0.00983181
0.00966296
0.00950512
0.0093574
0.00921898
0.00908916
0.00896727
0.00885272
0.00874497
0.00864354
0.00854797
0.00845786
0.00837283
0.00829254
0.00821668
0.00814497
0.00807712
0.0080129
0.00795208
0.00789445
0.00783982
0.00778801
0.00773885
0.00769218
0.00764786
0.00760576
0.00756575
0.0075277
0.00749149
0.00745685
0.00983182
0.00966297
0.00950514
0.00935742
0.00921901
0.00908918
0.0089673
0.00885275
0.008745
0.00864357
0.008548
0.00845789
0.00837286
0.00829258
0.00821672
0.008145
0.00807715
0.00801293
0.00795211
0.00789448
0.00783985
0.00778804
0.00773887
0.0076922
0.00764788
0.00760578
0.00756577
0.00752772
0.0074915
0.00745686
0.00983182
0.00966299
0.00950515
0.00935743
0.00921903
0.00908921
0.00896732
0.00885278
0.00874504
0.0086436
0.00854804
0.00845793
0.0083729
0.00829261
0.00821675
0.00814503
0.00807719
0.00801296
0.00795214
0.00789451
0.00783988
0.00778806
0.0077389
0.00769223
0.00764791
0.0076058
0.00756579
0.00752774
0.00749151
0.00745687
0.00983183
0.009663
0.00950517
0.00935746
0.00921905
0.00908924
0.00896735
0.00885281
0.00874507
0.00864364
0.00854807
0.00845796
0.00837294
0.00829265
0.00821679
0.00814507
0.00807722
0.008013
0.00795218
0.00789455
0.00783991
0.00778809
0.00773893
0.00769225
0.00764793
0.00760583
0.00756581
0.00752776
0.00749153
0.00745689
0.00983183
0.00966301
0.00950519
0.00935748
0.00921908
0.00908927
0.00896739
0.00885285
0.00874511
0.00864368
0.00854811
0.008458
0.00837298
0.00829269
0.00821683
0.00814511
0.00807726
0.00801304
0.00795221
0.00789458
0.00783995
0.00778813
0.00773896
0.00769228
0.00764796
0.00760585
0.00756583
0.00752778
0.00749155
0.00745691
0.00983184
0.00966302
0.0095052
0.0093575
0.0092191
0.0090893
0.00896742
0.00885288
0.00874514
0.00864372
0.00854815
0.00845804
0.00837302
0.00829273
0.00821687
0.00814515
0.0080773
0.00801308
0.00795225
0.00789462
0.00783998
0.00778816
0.00773899
0.00769232
0.00764799
0.00760588
0.00756586
0.00752781
0.00749158
0.00745693
0.00983184
0.00966303
0.00950522
0.00935752
0.00921913
0.00908933
0.00896745
0.00885292
0.00874518
0.00864376
0.00854819
0.00845809
0.00837306
0.00829278
0.00821692
0.00814519
0.00807734
0.00801312
0.0079523
0.00789466
0.00784002
0.0077882
0.00773903
0.00769235
0.00764803
0.00760592
0.00756589
0.00752784
0.00749161
0.00745696
0.00983185
0.00966305
0.00950524
0.00935755
0.00921916
0.00908936
0.00896749
0.00885296
0.00874522
0.0086438
0.00854824
0.00845813
0.00837311
0.00829282
0.00821696
0.00814524
0.00807739
0.00801317
0.00795234
0.00789471
0.00784007
0.00778825
0.00773907
0.0076924
0.00764807
0.00760596
0.00756593
0.00752787
0.00749164
0.00745699
0.00983185
0.00966306
0.00950526
0.00935757
0.00921919
0.00908939
0.00896753
0.008853
0.00874527
0.00864384
0.00854829
0.00845818
0.00837316
0.00829287
0.00821701
0.00814529
0.00807744
0.00801322
0.00795239
0.00789476
0.00784012
0.00778829
0.00773912
0.00769244
0.00764811
0.007606
0.00756598
0.00752792
0.00749168
0.00745703
0.00983186
0.00966308
0.00950528
0.0093576
0.00921922
0.00908943
0.00896757
0.00885304
0.00874531
0.00864389
0.00854834
0.00845823
0.00837321
0.00829293
0.00821707
0.00814535
0.0080775
0.00801327
0.00795245
0.00789481
0.00784017
0.00778835
0.00773917
0.00769249
0.00764816
0.00760605
0.00756602
0.00752796
0.00749173
0.00745708
0.00983187
0.00966309
0.0095053
0.00935763
0.00921926
0.00908947
0.00896761
0.00885309
0.00874536
0.00864394
0.00854839
0.00845829
0.00837327
0.00829298
0.00821713
0.00814541
0.00807756
0.00801333
0.0079525
0.00789487
0.00784023
0.0077884
0.00773923
0.00769255
0.00764822
0.00760611
0.00756608
0.00752802
0.00749178
0.00745713
0.00983188
0.00966311
0.00950533
0.00935766
0.00921929
0.00908951
0.00896765
0.00885313
0.00874541
0.008644
0.00854844
0.00845834
0.00837332
0.00829304
0.00821719
0.00814547
0.00807762
0.00801339
0.00795257
0.00789493
0.00784029
0.00778847
0.00773929
0.00769261
0.00764828
0.00760617
0.00756614
0.00752808
0.00749184
0.00745719
0.00983188
0.00966312
0.00950535
0.00935769
0.00921933
0.00908955
0.0089677
0.00885318
0.00874546
0.00864405
0.0085485
0.0084584
0.00837339
0.00829311
0.00821725
0.00814554
0.00807769
0.00801346
0.00795264
0.007895
0.00784036
0.00778854
0.00773936
0.00769268
0.00764835
0.00760624
0.00756621
0.00752815
0.00749191
0.00745726
0.00983189
0.00966314
0.00950538
0.00935772
0.00921936
0.00908959
0.00896774
0.00885323
0.00874552
0.00864411
0.00854856
0.00845847
0.00837345
0.00829318
0.00821732
0.00814561
0.00807776
0.00801354
0.00795271
0.00789508
0.00784044
0.00778861
0.00773944
0.00769276
0.00764843
0.00760631
0.00756629
0.00752823
0.00749199
0.00745733
0.0098319
0.00966316
0.0095054
0.00935775
0.0092194
0.00908964
0.00896779
0.00885329
0.00874558
0.00864417
0.00854863
0.00845854
0.00837353
0.00829325
0.0082174
0.00814568
0.00807784
0.00801362
0.00795279
0.00789516
0.00784052
0.0077887
0.00773952
0.00769284
0.00764851
0.0076064
0.00756637
0.00752831
0.00749207
0.00745742
0.00983191
0.00966318
0.00950543
0.00935779
0.00921944
0.00908968
0.00896785
0.00885335
0.00874564
0.00864424
0.0085487
0.00845861
0.0083736
0.00829333
0.00821748
0.00814577
0.00807792
0.0080137
0.00795288
0.00789525
0.00784061
0.00778879
0.00773961
0.00769294
0.00764861
0.00760649
0.00756647
0.0075284
0.00749217
0.00745751
0.00983192
0.0096632
0.00950546
0.00935782
0.00921949
0.00908973
0.0089679
0.0088534
0.0087457
0.00864431
0.00854877
0.00845869
0.00837368
0.00829341
0.00821756
0.00814585
0.00807801
0.00801379
0.00795297
0.00789534
0.00784071
0.00778889
0.00773971
0.00769304
0.00764871
0.00760659
0.00756657
0.00752851
0.00749227
0.00745762
0.00983193
0.00966322
0.00950549
0.00935786
0.00921953
0.00908979
0.00896796
0.00885347
0.00874578
0.00864439
0.00854885
0.00845877
0.00837377
0.0082935
0.00821766
0.00814595
0.00807811
0.0080139
0.00795308
0.00789545
0.00784082
0.007789
0.00773983
0.00769315
0.00764883
0.00760671
0.00756669
0.00752863
0.0074924
0.00745774
0.00983193
0.00966323
0.00950551
0.0093579
0.00921958
0.00908984
0.00896803
0.00885354
0.00874585
0.00864447
0.00854894
0.00845886
0.00837386
0.0082936
0.00821776
0.00814606
0.00807822
0.00801401
0.00795319
0.00789556
0.00784093
0.00778911
0.00773994
0.00769327
0.00764894
0.00760683
0.0075668
0.00752875
0.00749251
0.00745786
0.141931
0.129281
0.119526
0.113995
0.115279
0.128983
0.167067
0.246422
0.323687
0.381956
0.412712
0.415077
0.394909
0.36126
0.322651
0.284806
0.250793
0.221633
0.197265
0.177173
0.161174
0.148911
0.139245
0.131408
0.12487
0.119283
0.114442
0.11026
0.106758
0.10406
0.102408
0.102196
0.104089
0.109302
0.120408
0.143177
0.192172
0.304077
0.565559
1.07154
0.0417088
0.0414041
0.0410372
0.0407649
0.0408748
0.0419867
0.0455344
0.0543877
0.0696445
0.0919466
0.11938
0.14795
0.174013
0.194059
0.205752
0.208561
0.203771
0.193727
0.180872
0.16712
0.154032
0.142823
0.133375
0.125397
0.118588
0.11272
0.10765
0.103324
0.0997703
0.0971027
0.0955207
0.0953357
0.0970324
0.101389
0.109794
0.125385
0.155507
0.214799
0.328751
0.500867
0.0226941
0.0226357
0.0225891
0.0225682
0.022605
0.0227744
0.023249
0.024399
0.0267323
0.030865
0.0373215
0.0463992
0.0579838
0.0712493
0.0851305
0.0982327
0.109113
0.116645
0.12032
0.120316
0.117707
0.113338
0.108386
0.103445
0.0987752
0.0944917
0.0906633
0.0873605
0.0846802
0.0827561
0.0817674
0.0819532
0.0836273
0.087231
0.0932269
0.103253
0.120066
0.148038
0.192664
0.245505
0.0161817
0.0161338
0.0160898
0.0160535
0.0160315
0.0160368
0.0160978
0.0162771
0.016688
0.0175028
0.0189358
0.0212122
0.0245359
0.0289884
0.0345449
0.0410184
0.0480398
0.055069
0.0614576
0.0665743
0.069916
0.0715338
0.0716608
0.070829
0.0694476
0.0678134
0.0661472
0.0646284
0.0634188
0.0626777
0.0625719
0.0632823
0.0649953
0.0678014
0.0721069
0.0784281
0.0874662
0.100007
0.116471
0.133342
0.0129469
0.0129117
0.0128763
0.0128424
0.0128119
0.0127883
0.0127776
0.0127929
0.0128602
0.0130265
0.0133606
0.0139495
0.0148886
0.016259
0.0181159
0.0204747
0.0232968
0.0264784
0.0298438
0.0331553
0.0359413
0.0382077
0.0398242
0.0408341
0.0413558
0.0415328
0.0415119
0.0414347
0.0414372
0.0416504
0.042202
0.0432129
0.0447911
0.0469445
0.0499744
0.0539589
0.0589453
0.0648667
0.0714362
0.0776214
0.0110335
0.0110078
0.0109808
0.0109528
0.0109244
0.0108969
0.0108718
0.0108523
0.010845
0.0108628
0.0109279
0.0110722
0.0113355
0.0117587
0.0123757
0.0132067
0.0142515
0.0154854
0.0168568
0.0182897
0.0195799
0.0207106
0.0217114
0.0225415
0.0231984
0.0237086
0.0241185
0.0244873
0.0248809
0.0253688
0.0260194
0.0268939
0.0279979
0.0295134
0.0314741
0.0338619
0.0366066
0.0395687
0.0425427
0.0452442
0.00980204
0.00978096
0.0097581
0.00973354
0.00970747
0.00968017
0.00965208
0.00962391
0.0095973
0.00957579
0.00956625
0.00958
0.0096332
0.00974495
0.00993385
0.0102134
0.010588
0.0110494
0.0115763
0.0121353
0.0126412
0.0130708
0.0134825
0.0138597
0.0141972
0.0144995
0.0147799
0.0150588
0.0153621
0.0157182
0.0161555
0.0166987
0.0173706
0.0182512
0.01934
0.0206116
0.0220129
0.0234646
0.024874
0.0261563
0.00897907
0.00895891
0.00893682
0.00891273
0.00888663
0.0088585
0.00882837
0.00879633
0.00876262
0.00872806
0.00869451
0.00866565
0.00864753
0.00864843
0.00867776
0.00874379
0.00885095
0.00899743
0.00917384
0.00936368
0.0095317
0.00966386
0.00979555
0.00992305
0.0100461
0.010167
0.0102909
0.0104259
0.010582
0.0107702
0.0110007
0.011276
0.0116354
0.0120868
0.0126261
0.0132374
0.013894
0.0145614
0.0152045
0.0157974
0.00842227
0.00840075
0.00837718
0.00835142
0.00832335
0.00829286
0.00825982
0.00822412
0.00818562
0.00814431
0.00810048
0.00805504
0.00800987
0.00796811
0.00793395
0.00791177
0.00790478
0.00791337
0.00793385
0.00795825
0.00797491
0.00798029
0.00798926
0.0080028
0.0080214
0.00804643
0.00808028
0.00812636
0.0081887
0.0082714
0.00837787
0.00851097
0.00868523
0.00890032
0.00915176
0.00943071
0.00972485
0.0100203
0.0103044
0.0105691
0.00804748
0.00802344
0.00799715
0.00796847
0.00793723
0.00790327
0.00786642
0.00782649
0.00778324
0.00773645
0.00768594
0.00763166
0.00757392
0.00751356
0.00745206
0.00739129
0.00733298
0.00727782
0.00722453
0.00716953
0.00711306
0.00705846
0.00701108
0.00697186
0.00694091
0.00691876
0.00690637
0.0069051
0.00691644
0.00694168
0.00698108
0.0070386
0.0071166
0.00721364
0.00732647
0.00745031
0.0075795
0.00770837
0.00783223
0.00794849
0.00779983
0.00777284
0.00774339
0.00771131
0.00767641
0.0076385
0.0075974
0.00755289
0.00750472
0.00745263
0.00739631
0.00733546
0.00726984
0.0071994
0.00712433
0.00704512
0.00696237
0.00687639
0.00678667
0.00669162
0.00659787
0.00651267
0.00643741
0.00637223
0.00631669
0.00627066
0.00623427
0.00620783
0.00619163
0.00618583
0.00618996
0.00620634
0.00623429
0.00627232
0.00631827
0.0063695
0.00642326
0.00647706
0.00652899
0.0065781
0.00764097
0.00761113
0.0075786
0.00754318
0.00750469
0.0074629
0.00741761
0.0073686
0.00731562
0.00725841
0.00719666
0.00713003
0.00705815
0.00698066
0.00689728
0.00680783
0.00671223
0.00661036
0.00650184
0.00638587
0.00627226
0.00617078
0.00608091
0.0060022
0.00593378
0.00587508
0.00582571
0.0057854
0.00575389
0.00573075
0.00571577
0.00570928
0.0057104
0.00571789
0.00573032
0.00574612
0.00576386
0.00578229
0.00580051
0.00581805
0.00754297
0.00751069
0.00747551
0.0074372
0.00739554
0.00735031
0.00730129
0.00724824
0.00719092
0.00712906
0.00706237
0.00699054
0.0069132
0.00682994
0.00674036
0.00664402
0.00654055
0.00642956
0.00631061
0.00618319
0.00605878
0.0059482
0.00585021
0.00576412
0.00568863
0.00562287
0.00556616
0.00551791
0.00547755
0.00544433
0.00541833
0.00539889
0.00538519
0.00537627
0.00537113
0.0053688
0.00536841
0.00536925
0.0053708
0.00537273
0.0074853
0.00745114
0.00741388
0.00737328
0.00732911
0.00728111
0.00722904
0.00717266
0.0071117
0.0070459
0.00697499
0.00689866
0.0068166
0.00672842
0.00663372
0.00653205
0.00642294
0.00630592
0.00618047
0.00604621
0.00591548
0.00579962
0.00569704
0.00560667
0.00552708
0.00545721
0.00539616
0.00534318
0.00529752
0.00525853
0.00522586
0.00519879
0.00517659
0.0051585
0.00514377
0.00513172
0.00512175
0.00511339
0.00510626
0.00510007
0.00745313
0.00741765
0.00737891
0.00733666
0.00729064
0.00724059
0.00718624
0.00712732
0.00706355
0.00699466
0.00692038
0.0068404
0.00675444
0.00666217
0.00656321
0.00645718
0.00634362
0.00622207
0.00609204
0.00595321
0.00581838
0.0056992
0.00559383
0.00550083
0.00541872
0.00534632
0.0052826
0.00522668
0.00517773
0.00513522
0.00509848
0.00506686
0.00503968
0.0050163
0.00499615
0.00497867
0.00496343
0.00495004
0.00493819
0.00492759
0.00743621
0.00739988
0.00736017
0.00731683
0.00726957
0.00721813
0.00716219
0.00710149
0.00703571
0.00696457
0.00688778
0.00680505
0.00671607
0.00662056
0.00651819
0.00640862
0.00629146
0.00616631
0.00603275
0.00589051
0.00575274
0.00563123
0.00552396
0.00542918
0.00534544
0.00527138
0.00520593
0.00514811
0.00509716
0.00505238
0.00501311
0.00497868
0.00494851
0.00492201
0.00489869
0.0048781
0.00485985
0.00484361
0.0048291
0.00481601
0.00742786
0.00739102
0.00735073
0.00730672
0.0072587
0.00720638
0.00714944
0.00708757
0.00702046
0.0069478
0.00686928
0.00678459
0.00669344
0.00659553
0.00649057
0.00637825
0.00625825
0.00613023
0.00599385
0.00584892
0.00570887
0.00558557
0.00547687
0.00538083
0.00529588
0.00522068
0.00515403
0.00509498
0.0050427
0.00499646
0.00495556
0.00491939
0.00488737
0.00485899
0.00483378
0.00481135
0.00479133
0.00477342
0.00475735
0.00474281
0.00742401
0.00738689
0.00734628
0.0073019
0.00725344
0.0072006
0.00714306
0.00708049
0.00701256
0.00693894
0.0068593
0.00677333
0.0066807
0.00658112
0.00647431
0.00635997
0.00623783
0.00610761
0.00596901
0.00582195
0.00568007
0.00555533
0.00544548
0.00534847
0.00526262
0.00518655
0.00511907
0.00505917
0.00500599
0.00495876
0.00491681
0.00487952
0.00484635
0.0048168
0.00479044
0.00476688
0.00474579
0.00472689
0.00470989
0.00469448
0.00742237
0.00738511
0.00734433
0.00729975
0.00725106
0.00719794
0.00714007
0.0070771
0.0070087
0.00693451
0.00685419
0.00676742
0.00667385
0.00657318
0.00646512
0.00634938
0.00622572
0.00609386
0.00595359
0.00580488
0.00566155
0.00553565
0.00542487
0.00532708
0.00524054
0.00516383
0.00509573
0.00503522
0.0049814
0.00493351
0.00489086
0.00485284
0.00481893
0.00478865
0.00476156
0.00473731
0.00471557
0.00469604
0.00467847
0.00466252
0.00742175
0.00738442
0.00734356
0.00729888
0.00725007
0.00719681
0.00713876
0.00707558
0.00700691
0.0069324
0.00685169
0.00676444
0.0066703
0.00656895
0.00646009
0.00634343
0.00621872
0.00608573
0.00594424
0.00579429
0.00564985
0.00552305
0.00541153
0.00531312
0.00522605
0.00514886
0.00508031
0.00501935
0.00496508
0.00491673
0.00487361
0.00483513
0.00480074
0.00476998
0.00474244
0.00471775
0.00469559
0.00467568
0.00465774
0.00464146
0.00742156
0.0073842
0.0073433
0.00729857
0.00724971
0.00719637
0.00713823
0.00707493
0.00700612
0.00693143
0.0068505
0.00676297
0.00666849
0.00656673
0.00645737
0.00634012
0.00621473
0.00608097
0.00593864
0.0057878
0.00564254
0.00551507
0.00540298
0.00530409
0.00521662
0.00513906
0.00507018
0.0050089
0.00495433
0.00490567
0.00486224
0.00482344
0.00478875
0.00475768
0.00472985
0.00470488
0.00468245
0.00466229
0.00464413
0.00462763
0.00742154
0.00738417
0.00734325
0.0072985
0.0072496
0.00719623
0.00713804
0.00707468
0.00700579
0.006931
0.00684994
0.00676225
0.00666757
0.00656555
0.00645588
0.00633826
0.00621242
0.00607815
0.00593525
0.00578379
0.00563795
0.00550998
0.00539748
0.00529825
0.00521047
0.00513266
0.00506354
0.00500204
0.00494726
0.0048984
0.00485477
0.00481577
0.00478087
0.00474961
0.00472159
0.00469644
0.00467384
0.00465353
0.00463521
0.00461858
0.00742159
0.00738421
0.00734328
0.00729852
0.00724961
0.00719621
0.007138
0.0070746
0.00700566
0.00693081
0.00684967
0.00676187
0.00666706
0.00656488
0.00645501
0.00633714
0.00621102
0.0060764
0.00593311
0.00578123
0.00563498
0.00550666
0.00539386
0.00529438
0.0052064
0.00512841
0.00505913
0.00499749
0.00494258
0.00489358
0.00484982
0.0048107
0.00477567
0.00474429
0.00471615
0.00469088
0.00466818
0.00464776
0.00462935
0.00461263
0.00742166
0.00738427
0.00734335
0.00729858
0.00724965
0.00719624
0.00713801
0.00707459
0.00700562
0.00693072
0.00684953
0.00676166
0.00666676
0.00656446
0.00645445
0.00633642
0.00621008
0.00607523
0.00593166
0.00577948
0.00563294
0.00550438
0.00539138
0.00529173
0.00520361
0.0051255
0.00505612
0.00499439
0.00493939
0.00489032
0.00484649
0.00480728
0.00477218
0.00474072
0.0047125
0.00468717
0.0046644
0.00464391
0.00462544
0.00460866
0.00742174
0.00738435
0.00734342
0.00729864
0.00724971
0.00719629
0.00713804
0.0070746
0.0070056
0.00693068
0.00684944
0.00676152
0.00666655
0.00656417
0.00645405
0.00633589
0.0062094
0.00607436
0.0059306
0.00577819
0.00563145
0.00550271
0.00538957
0.0052898
0.00520159
0.0051234
0.00505397
0.00499219
0.00493715
0.00488803
0.00484415
0.0048049
0.00476975
0.00473825
0.00470999
0.0046846
0.00466179
0.00464126
0.00462276
0.00460594
0.00742181
0.00738442
0.00734349
0.00729871
0.00724977
0.00719634
0.00713808
0.00707462
0.00700561
0.00693065
0.00684938
0.00676142
0.00666639
0.00656394
0.00645374
0.00633547
0.00620886
0.00607368
0.00592975
0.00577717
0.00563027
0.0055014
0.00538815
0.00528831
0.00520003
0.00512181
0.00505234
0.00499054
0.00493547
0.00488633
0.00484243
0.00480315
0.00476798
0.00473646
0.00470816
0.00468276
0.00465992
0.00463936
0.00462083
0.00460399
0.00742189
0.00738449
0.00734355
0.00729877
0.00724983
0.00719639
0.00713812
0.00707465
0.00700562
0.00693064
0.00684934
0.00676134
0.00666626
0.00656375
0.00645347
0.00633511
0.0062084
0.00607309
0.00592903
0.00577632
0.00562928
0.00550031
0.00538699
0.00528709
0.00519877
0.00512052
0.00505104
0.00498922
0.00493415
0.004885
0.00484109
0.0048018
0.00476662
0.00473508
0.00470677
0.00468135
0.00465849
0.00463792
0.00461938
0.00460252
0.00742195
0.00738456
0.00734362
0.00729883
0.00724988
0.00719644
0.00713816
0.00707468
0.00700563
0.00693063
0.0068493
0.00676127
0.00666615
0.00656358
0.00645324
0.0063348
0.00620799
0.00607259
0.00592841
0.00577557
0.00562843
0.00549937
0.00538599
0.00528604
0.00519771
0.00511944
0.00504994
0.00498813
0.00493305
0.0048839
0.00483999
0.0048007
0.00476551
0.00473396
0.00470565
0.00468021
0.00465735
0.00463677
0.00461821
0.00460135
0.00742201
0.00738462
0.00734367
0.00729888
0.00724993
0.00719648
0.00713819
0.0070747
0.00700564
0.00693062
0.00684927
0.0067612
0.00666604
0.00656343
0.00645303
0.00633452
0.00620763
0.00607213
0.00592785
0.00577491
0.00562767
0.00549854
0.00538511
0.00528513
0.00519677
0.00511849
0.005049
0.00498718
0.00493211
0.00488296
0.00483905
0.00479976
0.00476457
0.00473301
0.00470469
0.00467926
0.00465638
0.0046358
0.00461724
0.00460037
0.00742207
0.00738467
0.00734372
0.00729893
0.00724997
0.00719652
0.00713822
0.00707472
0.00700564
0.00693061
0.00684923
0.00676114
0.00666595
0.00656329
0.00645284
0.00633426
0.0062073
0.00607172
0.00592734
0.0057743
0.00562698
0.0054978
0.00538432
0.00528431
0.00519594
0.00511765
0.00504816
0.00498634
0.00493127
0.00488213
0.00483822
0.00479893
0.00476374
0.00473218
0.00470386
0.00467842
0.00465554
0.00463496
0.00461639
0.00459952
0.00742212
0.00738472
0.00734377
0.00729897
0.00725001
0.00719655
0.00713824
0.00707473
0.00700564
0.00693059
0.0068492
0.00676108
0.00666585
0.00656316
0.00645266
0.00633403
0.006207
0.00607134
0.00592688
0.00577376
0.00562636
0.00549712
0.0053836
0.00528357
0.00519518
0.00511689
0.0050474
0.00498559
0.00493052
0.00488138
0.00483747
0.00479818
0.00476299
0.00473144
0.00470311
0.00467767
0.00465479
0.0046342
0.00461563
0.00459876
0.00742216
0.00738476
0.0073438
0.007299
0.00725004
0.00719657
0.00713826
0.00707474
0.00700564
0.00693057
0.00684916
0.00676102
0.00666576
0.00656303
0.00645249
0.0063338
0.00620671
0.00607098
0.00592645
0.00577325
0.00562579
0.00549649
0.00538294
0.00528289
0.00519449
0.0051162
0.0050467
0.00498489
0.00492982
0.00488069
0.00483678
0.00479749
0.0047623
0.00473075
0.00470242
0.00467698
0.0046541
0.00463351
0.00461494
0.00459806
0.0074222
0.00738479
0.00734384
0.00729903
0.00725006
0.00719659
0.00713827
0.00707474
0.00700563
0.00693055
0.00684912
0.00676095
0.00666567
0.00656291
0.00645232
0.00633359
0.00620645
0.00607065
0.00592605
0.00577278
0.00562526
0.00549592
0.00538233
0.00528226
0.00519385
0.00511555
0.00504605
0.00498424
0.00492918
0.00488004
0.00483614
0.00479685
0.00476166
0.00473011
0.00470178
0.00467634
0.00465346
0.00463286
0.00461429
0.00459741
0.00742223
0.00738482
0.00734386
0.00729905
0.00725007
0.0071966
0.00713827
0.00707474
0.00700561
0.00693052
0.00684908
0.00676089
0.00666558
0.00656279
0.00645216
0.00633339
0.00620619
0.00607034
0.00592568
0.00577235
0.00562476
0.00549538
0.00538177
0.00528168
0.00519326
0.00511495
0.00504545
0.00498364
0.00492858
0.00487944
0.00483554
0.00479625
0.00476106
0.0047295
0.00470118
0.00467573
0.00465285
0.00463225
0.00461368
0.0045968
0.00742225
0.00738484
0.00734388
0.00729907
0.00725009
0.0071966
0.00713827
0.00707473
0.00700559
0.00693049
0.00684903
0.00676082
0.00666549
0.00656267
0.00645201
0.0063332
0.00620596
0.00607005
0.00592533
0.00577194
0.0056243
0.00549488
0.00538124
0.00528113
0.0051927
0.00511438
0.00504488
0.00498307
0.004928
0.00487887
0.00483496
0.00479568
0.00476049
0.00472893
0.0047006
0.00467515
0.00465227
0.00463167
0.0046131
0.00459621
0.00742227
0.00738486
0.00734389
0.00729908
0.00725009
0.0071966
0.00713827
0.00707471
0.00700557
0.00693045
0.00684898
0.00676075
0.0066654
0.00656255
0.00645186
0.00633301
0.00620573
0.00606978
0.005925
0.00577155
0.00562387
0.00549441
0.00538074
0.00528062
0.00519217
0.00511385
0.00504434
0.00498252
0.00492746
0.00487832
0.00483441
0.00479513
0.00475993
0.00472837
0.00470004
0.00467459
0.00465171
0.00463111
0.00461253
0.00459565
0.00742228
0.00738487
0.0073439
0.00729908
0.00725009
0.0071966
0.00713826
0.00707469
0.00700554
0.00693041
0.00684892
0.00676068
0.00666531
0.00656244
0.00645172
0.00633284
0.00620551
0.00606951
0.00592469
0.00577119
0.00562346
0.00549397
0.00538027
0.00528013
0.00519167
0.00511334
0.00504382
0.00498201
0.00492693
0.0048778
0.00483389
0.0047946
0.0047594
0.00472784
0.00469951
0.00467405
0.00465117
0.00463057
0.00461199
0.0045951
0.0074223
0.00738488
0.00734391
0.00729908
0.00725009
0.00719659
0.00713824
0.00707467
0.00700551
0.00693037
0.00684887
0.00676061
0.00666522
0.00656233
0.00645158
0.00633266
0.0062053
0.00606926
0.00592439
0.00577085
0.00562308
0.00549355
0.00537983
0.00527967
0.0051912
0.00511286
0.00504333
0.00498151
0.00492643
0.00487729
0.00483338
0.00479408
0.00475889
0.00472732
0.00469899
0.00467353
0.00465064
0.00463004
0.00461146
0.00459457
0.00742231
0.00738489
0.00734391
0.00729908
0.00725009
0.00719658
0.00713823
0.00707465
0.00700548
0.00693033
0.00684882
0.00676054
0.00666513
0.00656222
0.00645145
0.0063325
0.0062051
0.00606903
0.00592412
0.00577053
0.00562272
0.00549316
0.00537941
0.00527923
0.00519075
0.0051124
0.00504286
0.00498103
0.00492595
0.0048768
0.00483289
0.00479359
0.00475839
0.00472682
0.00469848
0.00467303
0.00465013
0.00462953
0.00461095
0.00459406
0.00742231
0.00738489
0.00734391
0.00729908
0.00725008
0.00719657
0.00713821
0.00707463
0.00700545
0.00693029
0.00684876
0.00676048
0.00666505
0.00656211
0.00645132
0.00633234
0.00620491
0.0060688
0.00592385
0.00577022
0.00562238
0.00549279
0.00537902
0.00527882
0.00519032
0.00511195
0.00504241
0.00498057
0.00492549
0.00487633
0.00483241
0.00479311
0.00475791
0.00472633
0.00469799
0.00467253
0.00464964
0.00462903
0.00461045
0.00459356
0.00742232
0.0073849
0.00734392
0.00729908
0.00725008
0.00719656
0.00713819
0.0070746
0.00700542
0.00693025
0.00684871
0.00676041
0.00666497
0.00656201
0.00645119
0.00633219
0.00620473
0.00606859
0.00592361
0.00576994
0.00562205
0.00549244
0.00537864
0.00527842
0.00518991
0.00511153
0.00504198
0.00498014
0.00492504
0.00487588
0.00483195
0.00479265
0.00475744
0.00472586
0.00469752
0.00467206
0.00464916
0.00462855
0.00460997
0.00459307
0.00742233
0.0073849
0.00734392
0.00729908
0.00725007
0.00719655
0.00713818
0.00707458
0.00700539
0.00693021
0.00684866
0.00676035
0.00666489
0.00656192
0.00645108
0.00633205
0.00620457
0.00606839
0.00592337
0.00576967
0.00562175
0.00549211
0.00537829
0.00527805
0.00518952
0.00511113
0.00504157
0.00497972
0.00492461
0.00487545
0.00483151
0.0047922
0.00475699
0.00472541
0.00469706
0.00467159
0.00464869
0.00462808
0.00460949
0.0045926
0.00742234
0.00738491
0.00734392
0.00729908
0.00725007
0.00719655
0.00713817
0.00707456
0.00700536
0.00693017
0.00684861
0.00676029
0.00666482
0.00656183
0.00645097
0.00633192
0.00620441
0.00606821
0.00592316
0.00576942
0.00562147
0.0054918
0.00537796
0.0052777
0.00518915
0.00511075
0.00504118
0.00497932
0.0049242
0.00487503
0.00483109
0.00479177
0.00475655
0.00472497
0.00469662
0.00467115
0.00464824
0.00462763
0.00460904
0.00459214
0.00742235
0.00738492
0.00734393
0.00729908
0.00725007
0.00719654
0.00713816
0.00707455
0.00700534
0.00693014
0.00684857
0.00676024
0.00666475
0.00656175
0.00645087
0.0063318
0.00620427
0.00606804
0.00592296
0.00576918
0.00562121
0.00549151
0.00537765
0.00527737
0.00518881
0.0051104
0.00504081
0.00497893
0.00492381
0.00487463
0.00483068
0.00479136
0.00475614
0.00472455
0.00469619
0.00467072
0.00464781
0.00462719
0.0046086
0.0045917
0.00742236
0.00738493
0.00734394
0.00729909
0.00725007
0.00719654
0.00713815
0.00707453
0.00700532
0.00693012
0.00684854
0.00676019
0.00666469
0.00656167
0.00645078
0.00633169
0.00620414
0.00606788
0.00592277
0.00576897
0.00562096
0.00549124
0.00537736
0.00527706
0.00518849
0.00511006
0.00504046
0.00497857
0.00492345
0.00487426
0.0048303
0.00479097
0.00475574
0.00472415
0.00469579
0.00467031
0.0046474
0.00462678
0.00460818
0.00459128
0.00742238
0.00738494
0.00734395
0.0072991
0.00725008
0.00719654
0.00713815
0.00707453
0.00700531
0.0069301
0.00684851
0.00676015
0.00666464
0.00656161
0.0064507
0.0063316
0.00620402
0.00606774
0.0059226
0.00576877
0.00562074
0.00549099
0.00537709
0.00527678
0.00518818
0.00510974
0.00504013
0.00497824
0.0049231
0.0048739
0.00482994
0.0047906
0.00475536
0.00472376
0.0046954
0.00466991
0.004647
0.00462638
0.00460778
0.00459087
0.0074224
0.00738496
0.00734397
0.00729912
0.00725009
0.00719655
0.00713815
0.00707453
0.0070053
0.00693008
0.00684849
0.00676012
0.0066646
0.00656156
0.00645063
0.00633151
0.00620391
0.00606761
0.00592246
0.0057686
0.00562054
0.00549077
0.00537684
0.00527651
0.00518791
0.00510945
0.00503983
0.00497792
0.00492277
0.00487357
0.00482959
0.00479025
0.00475501
0.0047234
0.00469503
0.00466954
0.00464663
0.004626
0.0046074
0.00459049
0.00742243
0.00738499
0.00734399
0.00729914
0.0072501
0.00719656
0.00713816
0.00707453
0.0070053
0.00693008
0.00684847
0.0067601
0.00666457
0.00656151
0.00645058
0.00633144
0.00620383
0.0060675
0.00592232
0.00576844
0.00562036
0.00549057
0.00537662
0.00527627
0.00518765
0.00510918
0.00503955
0.00497763
0.00492247
0.00487325
0.00482928
0.00478993
0.00475468
0.00472307
0.00469469
0.0046692
0.00464628
0.00462565
0.00460704
0.00459013
0.00742246
0.00738502
0.00734402
0.00729916
0.00725013
0.00719658
0.00713818
0.00707455
0.00700531
0.00693008
0.00684847
0.00676009
0.00666455
0.00656148
0.00645053
0.00633138
0.00620375
0.00606741
0.00592221
0.00576831
0.0056202
0.00549039
0.00537642
0.00527606
0.00518742
0.00510894
0.00503929
0.00497736
0.00492219
0.00487297
0.00482898
0.00478963
0.00475437
0.00472275
0.00469437
0.00466887
0.00464595
0.00462531
0.00460671
0.00458979
0.0074225
0.00738506
0.00734405
0.00729919
0.00725016
0.00719661
0.0071382
0.00707457
0.00700532
0.00693009
0.00684848
0.00676009
0.00666454
0.00656146
0.0064505
0.00633134
0.00620369
0.00606734
0.00592212
0.00576819
0.00562006
0.00549023
0.00537625
0.00527587
0.00518721
0.00510872
0.00503906
0.00497712
0.00492194
0.00487271
0.00482872
0.00478935
0.00475409
0.00472247
0.00469408
0.00466858
0.00464565
0.00462501
0.0046064
0.00458948
0.00742254
0.0073851
0.0073441
0.00729923
0.0072502
0.00719665
0.00713824
0.0070746
0.00700535
0.00693011
0.00684849
0.0067601
0.00666454
0.00656146
0.00645049
0.00633131
0.00620365
0.00606728
0.00592204
0.0057681
0.00561995
0.0054901
0.0053761
0.0052757
0.00518704
0.00510853
0.00503886
0.00497691
0.00492172
0.00487248
0.00482848
0.00478911
0.00475384
0.00472221
0.00469382
0.00466831
0.00464538
0.00462473
0.00460612
0.0045892
0.0074226
0.00738515
0.00734415
0.00729928
0.00725024
0.00719669
0.00713828
0.00707464
0.00700539
0.00693014
0.00684852
0.00676012
0.00666456
0.00656146
0.00645049
0.0063313
0.00620363
0.00606724
0.00592199
0.00576802
0.00561986
0.00548999
0.00537598
0.00527557
0.00518689
0.00510837
0.00503869
0.00497673
0.00492153
0.00487228
0.00482827
0.00478889
0.00475362
0.00472198
0.00469358
0.00466807
0.00464513
0.00462449
0.00460587
0.00458894
0.00742266
0.00738521
0.0073442
0.00729934
0.0072503
0.00719675
0.00713833
0.00707468
0.00700543
0.00693019
0.00684856
0.00676015
0.00666459
0.00656149
0.0064505
0.00633131
0.00620362
0.00606722
0.00592196
0.00576798
0.00561979
0.00548991
0.00537588
0.00527546
0.00518677
0.00510823
0.00503854
0.00497657
0.00492137
0.00487211
0.00482809
0.00478871
0.00475343
0.00472179
0.00469339
0.00466787
0.00464493
0.00462428
0.00460565
0.00458873
0.00742272
0.00738527
0.00734427
0.0072994
0.00725036
0.00719681
0.00713839
0.00707474
0.00700549
0.00693024
0.00684861
0.0067602
0.00666463
0.00656152
0.00645053
0.00633133
0.00620364
0.00606723
0.00592195
0.00576795
0.00561975
0.00548986
0.00537582
0.00527538
0.00518668
0.00510813
0.00503843
0.00497646
0.00492124
0.00487198
0.00482795
0.00478856
0.00475327
0.00472163
0.00469322
0.0046677
0.00464475
0.0046241
0.00460548
0.00458854
0.0074228
0.00738535
0.00734434
0.00729948
0.00725044
0.00719688
0.00713846
0.00707481
0.00700556
0.00693031
0.00684867
0.00676026
0.00666469
0.00656158
0.00645058
0.00633137
0.00620367
0.00606725
0.00592196
0.00576795
0.00561974
0.00548983
0.00537578
0.00527533
0.00518662
0.00510807
0.00503836
0.00497637
0.00492115
0.00487188
0.00482785
0.00478845
0.00475316
0.00472151
0.0046931
0.00466757
0.00464462
0.00462397
0.00460534
0.0045884
0.00742288
0.00738544
0.00734443
0.00729956
0.00725052
0.00719697
0.00713855
0.0070749
0.00700564
0.00693039
0.00684875
0.00676034
0.00666476
0.00656165
0.00645064
0.00633143
0.00620373
0.0060673
0.005922
0.00576798
0.00561976
0.00548984
0.00537578
0.00527532
0.0051866
0.00510804
0.00503833
0.00497633
0.0049211
0.00487182
0.00482779
0.00478839
0.00475309
0.00472143
0.00469302
0.00466749
0.00464453
0.00462388
0.00460524
0.00458831
0.00742298
0.00738553
0.00734452
0.00729966
0.00725062
0.00719706
0.00713864
0.00707499
0.00700573
0.00693048
0.00684885
0.00676043
0.00666485
0.00656174
0.00645073
0.00633151
0.0062038
0.00606737
0.00592207
0.00576804
0.00561981
0.00548988
0.00537581
0.00527535
0.00518662
0.00510805
0.00503833
0.00497633
0.0049211
0.00487181
0.00482777
0.00478836
0.00475306
0.0047214
0.00469299
0.00466745
0.0046445
0.00462383
0.0046052
0.00458826
0.00742309
0.00738564
0.00734463
0.00729977
0.00725073
0.00719717
0.00713875
0.0070751
0.00700585
0.00693059
0.00684896
0.00676054
0.00666496
0.00656184
0.00645084
0.00633162
0.00620391
0.00606747
0.00592216
0.00576813
0.00561989
0.00548996
0.00537588
0.00527541
0.00518668
0.00510811
0.00503838
0.00497637
0.00492114
0.00487185
0.0048278
0.00478839
0.00475308
0.00472142
0.004693
0.00466747
0.00464451
0.00462384
0.00460521
0.00458826
0.00742321
0.00738576
0.00734476
0.00729989
0.00725085
0.0071973
0.00713888
0.00707523
0.00700597
0.00693072
0.00684909
0.00676067
0.00666509
0.00656197
0.00645097
0.00633175
0.00620403
0.00606759
0.00592228
0.00576825
0.00562
0.00549006
0.00537598
0.00527551
0.00518677
0.00510819
0.00503846
0.00497645
0.00492121
0.00487191
0.00482787
0.00478845
0.00475314
0.00472148
0.00469305
0.00466752
0.00464456
0.00462389
0.00460525
0.00458831
0.00742333
0.00738588
0.00734487
0.00730001
0.00725097
0.00719742
0.007139
0.00707535
0.00700609
0.00693084
0.0068492
0.00676079
0.00666521
0.00656209
0.00645108
0.00633186
0.00620414
0.0060677
0.00592238
0.00576834
0.0056201
0.00549015
0.00537607
0.00527559
0.00518684
0.00510827
0.00503853
0.00497652
0.00492127
0.00487198
0.00482793
0.00478851
0.0047532
0.00472154
0.00469311
0.00466757
0.00464461
0.00462394
0.0046053
0.00458836
2.07376
1.59367
1.22947
0.963501
0.771385
0.63263
0.532752
0.460533
0.406981
0.366201
0.334318
0.308748
0.287751
0.270129
0.255051
0.241921
0.230308
0.219898
0.210461
0.201826
0.193864
0.186477
0.179591
0.173147
0.167099
0.161411
0.156048
0.150978
0.14618
0.141558
0.613937
0.612453
0.581952
0.53802
0.492335
0.44927
0.409828
0.374065
0.341583
0.312236
0.285901
0.262354
0.241341
0.222577
0.205814
0.190797
0.177302
0.165139
0.154142
0.14417
0.135101
0.12683
0.119268
0.112339
0.105977
0.100124
0.0947318
0.0897532
0.0851785
0.0809286
0.274644
0.287738
0.291055
0.287082
0.278854
0.268342
0.256652
0.244466
0.232327
0.220375
0.208573
0.197053
0.185909
0.175208
0.16499
0.15528
0.146081
0.137401
0.129232
0.121558
0.11436
0.107616
0.101304
0.0954012
0.0898845
0.0847299
0.0799162
0.0754201
0.0712507
0.0673858
0.144796
0.152714
0.158014
0.160887
0.161799
0.161194
0.159398
0.156677
0.153258
0.149342
0.145123
0.140597
0.135806
0.130833
0.125747
0.120608
0.115465
0.110361
0.105329
0.100397
0.0955861
0.0909178
0.0864023
0.0820495
0.0778668
0.0738587
0.0700297
0.0663796
0.0629307
0.059701
0.0825837
0.0866952
0.0900868
0.0927349
0.0946863
0.0960144
0.0967826
0.0970498
0.096873
0.0963065
0.0954064
0.0942464
0.0928636
0.0912313
0.0893695
0.0873087
0.0850786
0.0827081
0.0802248
0.0776545
0.0750212
0.072347
0.0696513
0.0669521
0.0642654
0.0616049
0.0589871
0.0564211
0.0539344
0.0515588
0.0476329
0.0497972
0.051754
0.0534907
0.0550066
0.0563083
0.0574006
0.058288
0.0589754
0.059469
0.0597766
0.0599095
0.0598803
0.0597227
0.0594345
0.0589944
0.0584054
0.0576767
0.0568183
0.0558411
0.0547565
0.0535765
0.0523127
0.0509772
0.0495815
0.0481372
0.0466567
0.0451508
0.0436427
0.042158
0.0273571
0.028505
0.0295947
0.0306193
0.0315759
0.0324646
0.0332852
0.0340374
0.0347201
0.035332
0.0358714
0.0363372
0.0367283
0.0370467
0.037293
0.0374801
0.0376026
0.0376478
0.037609
0.0374868
0.0372821
0.0369973
0.0366352
0.0361996
0.035695
0.0351264
0.0344999
0.0338214
0.033104
0.0323632
0.0163734
0.0169455
0.017508
0.0180562
0.0185875
0.019101
0.0195966
0.0200741
0.0205333
0.0209734
0.0213935
0.0217921
0.0221678
0.0225188
0.0228436
0.0231417
0.023412
0.0236569
0.0238753
0.0240611
0.0242059
0.0243075
0.0243641
0.0243746
0.0243383
0.0242553
0.0241265
0.0239529
0.0237391
0.0234902
0.010832
0.0110997
0.0113698
0.0116397
0.0119079
0.0121737
0.0124367
0.012697
0.0129545
0.0132094
0.0134615
0.0137106
0.0139562
0.0141976
0.014434
0.0146644
0.014888
0.0151038
0.0153111
0.0155084
0.0156972
0.0158738
0.0160348
0.0161761
0.0162957
0.016392
0.0164637
0.0165095
0.0165293
0.016522
0.00806538
0.00818636
0.00831049
0.00843676
0.00856444
0.00869309
0.00882253
0.00895275
0.00908382
0.00921589
0.00934909
0.00948352
0.00961919
0.00975605
0.00989393
0.0100326
0.0101716
0.0103105
0.0104489
0.0105861
0.0107218
0.0108551
0.0109849
0.0111114
0.0112323
0.011346
0.0114506
0.0115443
0.0116256
0.0116916
0.00662791
0.00668
0.00673407
0.00678973
0.00684668
0.00690474
0.00696383
0.00702395
0.00708517
0.0071476
0.00721136
0.00727658
0.00734339
0.00741188
0.00748212
0.00755411
0.00762781
0.00770313
0.00777994
0.00785801
0.00793713
0.00801699
0.0080972
0.00817741
0.0082571
0.00833558
0.00841204
0.00848577
0.00855553
0.00861845
0.0058361
0.00585519
0.00587522
0.00589601
0.00591745
0.00593947
0.00596204
0.00598518
0.00600894
0.0060334
0.00605866
0.00608482
0.00611199
0.00614028
0.00616979
0.0062006
0.00623276
0.00626632
0.00630129
0.00633764
0.00637533
0.00641427
0.00645433
0.00649537
0.00653717
0.00657949
0.00662198
0.00666426
0.00670569
0.00674429
0.00537502
0.00537763
0.00538052
0.00538359
0.00538678
0.00539007
0.00539343
0.00539688
0.00540045
0.00540422
0.00540821
0.00541251
0.00541721
0.00542239
0.00542814
0.00543453
0.00544166
0.00544957
0.00545834
0.005468
0.00547859
0.0054901
0.00550254
0.00551587
0.00553002
0.00554492
0.00556044
0.00557641
0.00559251
0.00560781
0.00509415
0.00508819
0.0050821
0.00507584
0.00506937
0.00506267
0.00505571
0.0050485
0.00504104
0.00503336
0.00502551
0.00501758
0.00500952
0.00500142
0.00499335
0.00498539
0.0049776
0.00497005
0.00496278
0.00495587
0.00494936
0.00494329
0.0049377
0.0049326
0.00492801
0.00492392
0.0049203
0.00491709
0.00491419
0.00491155
0.00491722
0.0049066
0.00489563
0.00488429
0.00487255
0.00486037
0.00484773
0.00483463
0.00482105
0.004807
0.0047925
0.00477757
0.00476222
0.00474652
0.00473047
0.00471411
0.0046975
0.00468069
0.00466373
0.00464667
0.00462954
0.00461241
0.00459531
0.00457828
0.00456136
0.00454458
0.00452794
0.00451145
0.00449514
0.00447969
0.00480314
0.00478989
0.00477618
0.00476198
0.00474726
0.00473199
0.00471616
0.00469973
0.0046827
0.00466505
0.00464678
0.00462789
0.00460839
0.00458829
0.00456758
0.00454634
0.00452457
0.00450228
0.00447951
0.00445631
0.00443269
0.00440871
0.00438439
0.00435979
0.00433493
0.00430985
0.00428458
0.00425916
0.00423367
0.00420939
0.00472849
0.00471371
0.00469841
0.00468255
0.00466611
0.00464905
0.00463137
0.00461302
0.004594
0.00457428
0.00455384
0.00453268
0.0045108
0.00448817
0.00446482
0.00444074
0.00441594
0.00439043
0.00436423
0.00433736
0.00430984
0.00428169
0.00425294
0.00422361
0.00419375
0.00416338
0.00413253
0.00410125
0.00406966
0.00403945
0.00467928
0.0046636
0.00464734
0.00463049
0.00461302
0.0045949
0.00457611
0.00455663
0.00453643
0.00451549
0.00449379
0.0044713
0.00444803
0.00442395
0.00439905
0.00437333
0.00434679
0.00431941
0.00429121
0.00426219
0.00423235
0.00420172
0.0041703
0.00413811
0.00410517
0.00407151
0.00403715
0.00400212
0.00396659
0.00393253
0.00464679
0.00463055
0.00461371
0.00459625
0.00457815
0.00455938
0.00453991
0.00451974
0.00449883
0.00447715
0.00445469
0.00443142
0.00440733
0.00438239
0.00435659
0.00432992
0.00430235
0.0042739
0.00424454
0.00421427
0.00418309
0.004151
0.00411801
0.00408412
0.00404934
0.00401369
0.00397718
0.00393984
0.00390183
0.00386535
0.00462539
0.0046088
0.00459159
0.00457375
0.00455525
0.00453607
0.00451619
0.00449558
0.00447422
0.00445209
0.00442916
0.00440541
0.00438082
0.00435537
0.00432903
0.00430179
0.00427364
0.00424455
0.00421452
0.00418353
0.00415158
0.00411865
0.00408475
0.00404987
0.00401402
0.00397719
0.00393941
0.00390068
0.00386118
0.00382322
0.00461135
0.00459453
0.00457709
0.004559
0.00454025
0.00452081
0.00450065
0.00447977
0.00445812
0.0044357
0.00441248
0.00438843
0.00436353
0.00433776
0.00431109
0.00428352
0.00425501
0.00422555
0.00419513
0.00416372
0.00413132
0.00409792
0.0040635
0.00402805
0.00399158
0.00395409
0.00391557
0.00387603
0.00383566
0.00379684
0.00460216
0.00458519
0.0045676
0.00454935
0.00453043
0.00451082
0.00449049
0.00446942
0.0044476
0.00442498
0.00440157
0.00437732
0.00435223
0.00432626
0.00429939
0.00427161
0.00424288
0.0042132
0.00418255
0.0041509
0.00411824
0.00408456
0.00404984
0.00401408
0.00397727
0.00393939
0.00390046
0.00386047
0.0038196
0.0037803
0.00459612
0.00457906
0.00456137
0.00454302
0.00452399
0.00450426
0.00448381
0.00446263
0.00444068
0.00441794
0.0043944
0.00437003
0.0043448
0.0043187
0.00429171
0.00426379
0.00423493
0.00420512
0.00417432
0.00414253
0.00410972
0.00407588
0.004041
0.00400506
0.00396805
0.00392997
0.0038908
0.00385057
0.00380943
0.00376986
0.00459209
0.00457497
0.00455722
0.0045388
0.0045197
0.0044999
0.00447937
0.00445811
0.00443608
0.00441326
0.00438963
0.00436517
0.00433986
0.00431368
0.00428659
0.00425859
0.00422965
0.00419975
0.00416886
0.00413698
0.00410409
0.00407016
0.00403518
0.00399914
0.00396203
0.00392383
0.00388455
0.00384418
0.00380289
0.00376319
0.00458933
0.00457218
0.00455438
0.00453591
0.00451677
0.00449692
0.00447634
0.00445502
0.00443294
0.00441006
0.00438638
0.00436186
0.00433649
0.00431025
0.00428311
0.00425505
0.00422605
0.00419609
0.00416516
0.00413322
0.00410027
0.00406629
0.00403125
0.00399516
0.00395799
0.00391973
0.00388038
0.00383995
0.00379859
0.00375883
0.00458736
0.00457018
0.00455235
0.00453386
0.00451468
0.0044948
0.00447419
0.00445283
0.00443071
0.0044078
0.00438407
0.00435952
0.00433411
0.00430783
0.00428065
0.00425255
0.00422351
0.00419352
0.00416254
0.00413057
0.00409759
0.00406357
0.0040285
0.00399238
0.00395517
0.00391689
0.00387751
0.00383703
0.00379564
0.00375585
0.00458588
0.00456868
0.00455083
0.00453232
0.00451312
0.00449322
0.00447258
0.0044512
0.00442905
0.00440611
0.00438236
0.00435778
0.00433234
0.00430603
0.00427882
0.00425069
0.00422163
0.00419161
0.00416061
0.00412861
0.00409561
0.00406157
0.00402648
0.00399034
0.00395312
0.00391481
0.00387541
0.00383493
0.00379352
0.00375372
0.00458469
0.00456748
0.00454963
0.0045311
0.00451189
0.00449197
0.00447132
0.00444992
0.00442775
0.00440479
0.00438102
0.00435642
0.00433096
0.00430462
0.00427739
0.00424925
0.00422016
0.00419012
0.0041591
0.00412709
0.00409407
0.00406001
0.00402491
0.00398875
0.00395152
0.00391321
0.0038738
0.00383331
0.0037919
0.0037521
0.00458371
0.00456649
0.00454862
0.00453009
0.00451087
0.00449094
0.00447027
0.00444886
0.00442668
0.00440371
0.00437992
0.0043553
0.00432982
0.00430347
0.00427623
0.00424806
0.00421896
0.0041889
0.00415787
0.00412584
0.00409281
0.00405874
0.00402363
0.00398746
0.00395022
0.0039119
0.00387249
0.00383199
0.00379058
0.00375078
0.00458285
0.00456563
0.00454776
0.00452922
0.00450999
0.00449005
0.00446938
0.00444795
0.00442576
0.00440278
0.00437898
0.00435434
0.00432885
0.00430249
0.00427523
0.00424705
0.00421794
0.00418787
0.00415682
0.00412478
0.00409173
0.00405766
0.00402254
0.00398636
0.00394911
0.00391079
0.00387137
0.00383087
0.00378946
0.00374966
0.00458209
0.00456486
0.00454698
0.00452844
0.0045092
0.00448925
0.00446858
0.00444715
0.00442495
0.00440195
0.00437814
0.0043535
0.004328
0.00430162
0.00427435
0.00424616
0.00421703
0.00418695
0.00415589
0.00412384
0.00409078
0.0040567
0.00402157
0.00398539
0.00394813
0.0039098
0.00387038
0.00382988
0.00378847
0.00374867
0.00458139
0.00456416
0.00454628
0.00452773
0.00450849
0.00448853
0.00446785
0.00444642
0.00442421
0.0044012
0.00437739
0.00435273
0.00432722
0.00430084
0.00427355
0.00424535
0.00421622
0.00418612
0.00415506
0.004123
0.00408993
0.00405583
0.00402069
0.0039845
0.00394724
0.00390891
0.00386948
0.00382898
0.00378756
0.00374776
0.00458073
0.0045635
0.00454562
0.00452707
0.00450782
0.00448787
0.00446718
0.00444574
0.00442352
0.00440051
0.00437669
0.00435203
0.00432651
0.00430011
0.00427282
0.00424461
0.00421547
0.00418536
0.00415428
0.00412221
0.00408914
0.00405503
0.00401989
0.00398369
0.00394642
0.00390808
0.00386865
0.00382814
0.00378672
0.00374692
0.00458012
0.00456289
0.004545
0.00452645
0.0045072
0.00448724
0.00446655
0.0044451
0.00442288
0.00439986
0.00437603
0.00435136
0.00432584
0.00429944
0.00427214
0.00424392
0.00421476
0.00418465
0.00415356
0.00412148
0.00408839
0.00405428
0.00401913
0.00398292
0.00394565
0.0039073
0.00386786
0.00382735
0.00378593
0.00374613
0.00457953
0.0045623
0.00454441
0.00452585
0.0045066
0.00448664
0.00446594
0.00444449
0.00442227
0.00439925
0.00437541
0.00435073
0.0043252
0.00429879
0.00427148
0.00424326
0.00421409
0.00418397
0.00415288
0.00412079
0.00408769
0.00405357
0.00401841
0.00398219
0.00394491
0.00390656
0.00386712
0.0038266
0.00378518
0.00374537
0.00457897
0.00456173
0.00454384
0.00452528
0.00450603
0.00448606
0.00446536
0.00444391
0.00442168
0.00439865
0.00437481
0.00435013
0.00432459
0.00429818
0.00427086
0.00424263
0.00421345
0.00418332
0.00415222
0.00412013
0.00408702
0.00405289
0.00401772
0.0039815
0.00394421
0.00390585
0.0038664
0.00382588
0.00378445
0.00374464
0.00457842
0.00456118
0.00454329
0.00452473
0.00450547
0.0044855
0.0044648
0.00444334
0.00442111
0.00439808
0.00437423
0.00434955
0.004324
0.00429758
0.00427026
0.00424202
0.00421284
0.0041827
0.00415159
0.00411948
0.00408637
0.00405223
0.00401706
0.00398082
0.00394353
0.00390516
0.00386571
0.00382518
0.00378374
0.00374393
0.00457789
0.00456065
0.00454276
0.00452419
0.00450493
0.00448496
0.00446426
0.00444279
0.00442056
0.00439752
0.00437367
0.00434898
0.00432343
0.004297
0.00426967
0.00424142
0.00421224
0.00418209
0.00415098
0.00411886
0.00408574
0.0040516
0.00401641
0.00398017
0.00394287
0.00390449
0.00386503
0.0038245
0.00378306
0.00374324
0.00457738
0.00456013
0.00454224
0.00452367
0.00450441
0.00448443
0.00446372
0.00444226
0.00442002
0.00439698
0.00437312
0.00434843
0.00432287
0.00429644
0.0042691
0.00424085
0.00421166
0.0041815
0.00415038
0.00411826
0.00408513
0.00405097
0.00401578
0.00397953
0.00394222
0.00390384
0.00386437
0.00382383
0.00378238
0.00374256
0.00457687
0.00455963
0.00454173
0.00452316
0.0045039
0.00448392
0.00446321
0.00444174
0.00441949
0.00439645
0.00437259
0.00434789
0.00432233
0.00429589
0.00426855
0.00424029
0.00421109
0.00418093
0.00414979
0.00411767
0.00408453
0.00405037
0.00401517
0.00397891
0.00394159
0.0039032
0.00386373
0.00382318
0.00378172
0.0037419
0.00457638
0.00455914
0.00454124
0.00452267
0.0045034
0.00448342
0.0044627
0.00444123
0.00441898
0.00439593
0.00437207
0.00434736
0.0043218
0.00429535
0.004268
0.00423974
0.00421053
0.00418037
0.00414923
0.00411709
0.00408395
0.00404978
0.00401457
0.0039783
0.00394098
0.00390258
0.00386309
0.00382253
0.00378107
0.00374124
0.00457591
0.00455866
0.00454076
0.00452218
0.00450291
0.00448293
0.00446221
0.00444073
0.00441848
0.00439543
0.00437156
0.00434685
0.00432128
0.00429483
0.00426748
0.0042392
0.00420999
0.00417982
0.00414867
0.00411653
0.00408337
0.0040492
0.00401398
0.00397771
0.00394037
0.00390196
0.00386247
0.0038219
0.00378043
0.00374059
0.00457545
0.0045582
0.00454029
0.00452172
0.00450244
0.00448246
0.00446173
0.00444025
0.004418
0.00439494
0.00437107
0.00434635
0.00432078
0.00429432
0.00426696
0.00423868
0.00420946
0.00417928
0.00414813
0.00411598
0.00408282
0.00404863
0.0040134
0.00397712
0.00393978
0.00390136
0.00386186
0.00382128
0.00377981
0.00373996
0.00457501
0.00455775
0.00453985
0.00452126
0.00450199
0.004482
0.00446127
0.00443979
0.00441753
0.00439447
0.00437059
0.00434587
0.00432029
0.00429382
0.00426646
0.00423817
0.00420895
0.00417876
0.0041476
0.00411544
0.00408227
0.00404808
0.00401284
0.00397655
0.0039392
0.00390077
0.00386126
0.00382068
0.00377919
0.00373933
0.00457458
0.00455732
0.00453941
0.00452083
0.00450155
0.00448156
0.00446083
0.00443934
0.00441707
0.00439401
0.00437013
0.0043454
0.00431981
0.00429335
0.00426598
0.00423768
0.00420845
0.00417826
0.00414709
0.00411492
0.00408174
0.00404754
0.0040123
0.003976
0.00393863
0.0039002
0.00386068
0.00382008
0.00377858
0.00373871
0.00457417
0.00455691
0.004539
0.00452041
0.00450113
0.00448113
0.0044604
0.00443891
0.00441664
0.00439357
0.00436968
0.00434495
0.00431936
0.00429288
0.00426551
0.00423721
0.00420797
0.00417777
0.00414659
0.00411442
0.00408123
0.00404702
0.00401176
0.00397546
0.00393808
0.00389964
0.0038601
0.0038195
0.00377799
0.00373811
0.00457379
0.00455652
0.00453861
0.00452002
0.00450073
0.00448073
0.00445999
0.0044385
0.00441622
0.00439315
0.00436926
0.00434452
0.00431892
0.00429244
0.00426506
0.00423675
0.00420751
0.0041773
0.00414611
0.00411393
0.00408074
0.00404651
0.00401125
0.00397493
0.00393755
0.00389909
0.00385955
0.00381893
0.0037774
0.00373752
0.00457342
0.00455616
0.00453824
0.00451964
0.00450035
0.00448035
0.00445961
0.00443811
0.00441583
0.00439275
0.00436885
0.00434411
0.00431851
0.00429202
0.00426463
0.00423632
0.00420706
0.00417685
0.00414565
0.00411346
0.00408026
0.00404603
0.00401075
0.00397443
0.00393703
0.00389856
0.003859
0.00381837
0.00377684
0.00373694
0.00457308
0.00455581
0.00453789
0.00451929
0.0045
0.00447999
0.00445925
0.00443774
0.00441546
0.00439237
0.00436847
0.00434372
0.00431811
0.00429162
0.00426422
0.0042359
0.00420664
0.00417642
0.00414522
0.00411302
0.0040798
0.00404556
0.00401028
0.00397394
0.00393653
0.00389805
0.00385848
0.00381784
0.00377629
0.00373637
0.00457277
0.0045555
0.00453757
0.00451897
0.00449967
0.00447966
0.00445891
0.0044374
0.00441511
0.00439202
0.00436811
0.00434336
0.00431774
0.00429125
0.00426384
0.00423552
0.00420625
0.00417601
0.0041448
0.00411259
0.00407937
0.00404512
0.00400982
0.00397347
0.00393605
0.00389756
0.00385798
0.00381732
0.00377575
0.00373583
0.00457248
0.00455521
0.00453728
0.00451867
0.00449937
0.00447935
0.0044586
0.00443709
0.00441479
0.0043917
0.00436778
0.00434302
0.0043174
0.0042909
0.00426349
0.00423515
0.00420587
0.00417563
0.00414441
0.0041122
0.00407896
0.0040447
0.00400939
0.00397303
0.0039356
0.00389709
0.00385749
0.00381682
0.00377524
0.0037353
0.00457223
0.00455495
0.00453702
0.00451841
0.0044991
0.00447908
0.00445832
0.0044368
0.0044145
0.00439141
0.00436748
0.00434272
0.00431709
0.00429058
0.00426316
0.00423482
0.00420553
0.00417529
0.00414406
0.00411183
0.00407858
0.00404431
0.00400899
0.00397262
0.00393517
0.00389665
0.00385704
0.00381635
0.00377475
0.0037348
0.00457201
0.00455472
0.00453679
0.00451818
0.00449887
0.00447884
0.00445808
0.00443655
0.00441425
0.00439115
0.00436722
0.00434245
0.00431682
0.0042903
0.00426287
0.00423452
0.00420523
0.00417497
0.00414373
0.00411149
0.00407824
0.00404395
0.00400862
0.00397224
0.00393478
0.00389624
0.00385661
0.00381591
0.00377429
0.00373432
0.00457182
0.00455454
0.0045366
0.00451798
0.00449867
0.00447864
0.00445787
0.00443634
0.00441403
0.00439093
0.00436699
0.00434222
0.00431658
0.00429005
0.00426262
0.00423426
0.00420496
0.00417469
0.00414344
0.0041112
0.00407793
0.00404364
0.00400829
0.00397189
0.00393442
0.00389587
0.00385622
0.0038155
0.00377387
0.00373387
0.00457168
0.00455439
0.00453645
0.00451783
0.00449851
0.00447848
0.00445771
0.00443617
0.00441386
0.00439075
0.00436681
0.00434203
0.00431638
0.00428985
0.00426241
0.00423404
0.00420473
0.00417446
0.0041432
0.00411094
0.00407767
0.00404336
0.00400801
0.00397159
0.0039341
0.00389554
0.00385588
0.00381514
0.00377349
0.00373347
0.00457158
0.00455429
0.00453634
0.00451772
0.0044984
0.00447836
0.00445759
0.00443605
0.00441373
0.00439061
0.00436667
0.00434189
0.00431623
0.00428969
0.00426225
0.00423388
0.00420456
0.00417428
0.00414301
0.00411074
0.00407746
0.00404314
0.00400777
0.00397134
0.00393384
0.00389526
0.00385558
0.00381483
0.00377316
0.00373314
0.00457153
0.00455424
0.00453629
0.00451766
0.00449834
0.0044783
0.00445752
0.00443598
0.00441366
0.00439054
0.00436659
0.0043418
0.00431614
0.0042896
0.00426215
0.00423377
0.00420444
0.00417415
0.00414288
0.0041106
0.0040773
0.00404297
0.0040076
0.00397115
0.00393364
0.00389504
0.00385535
0.00381458
0.0037729
0.00373286
0.00457153
0.00455424
0.00453629
0.00451766
0.00449833
0.00447829
0.00445751
0.00443596
0.00441364
0.00439051
0.00436656
0.00434177
0.0043161
0.00428956
0.0042621
0.00423372
0.00420438
0.00417409
0.0041428
0.00411052
0.00407722
0.00404288
0.00400749
0.00397103
0.00393351
0.0038949
0.00385519
0.00381441
0.00377271
0.00373266
0.00457157
0.00455428
0.00453632
0.00451769
0.00449837
0.00447832
0.00445754
0.00443599
0.00441367
0.00439054
0.00436658
0.00434178
0.00431612
0.00428956
0.0042621
0.00423372
0.00420438
0.00417408
0.00414279
0.0041105
0.00407719
0.00404284
0.00400744
0.00397098
0.00393344
0.00389482
0.00385511
0.00381432
0.00377263
0.00373259
0.00457162
0.00455432
0.00453637
0.00451774
0.00449841
0.00447836
0.00445758
0.00443603
0.0044137
0.00439057
0.00436662
0.00434181
0.00431615
0.00428959
0.00426213
0.00423374
0.0042044
0.00417409
0.0041428
0.00411051
0.00407719
0.00404284
0.00400744
0.00397097
0.00393343
0.0038948
0.00385509
0.0038143
0.00377263
0.00373253
)
;

boundaryField
{
    inlet
    {
        type            fixedValue;
        value           uniform 0.01;
    }
    outlet
    {
        type            zeroGradient;
    }
    top
    {
        type            symmetryPlane;
    }
    ground
    {
        type            compressible::epsilonWallFunction;
        Cmu             0.09;
        kappa           0.41;
        E               9.8;
        value           nonuniform List<scalar> 
40
(
0.000320933
0.000301557
0.000331788
0.00072953
0.00128036
0.00190097
0.00259808
0.00337415
0.00422784
0.00515561
0.0061522
0.00721104
0.00832439
0.0094834
0.0106782
0.011898
0.0131317
0.0143681
0.0155966
0.0168065
0.0179887
0.0190375
0.0198896
0.0205602
0.0210341
0.0213067
0.0213624
0.0211768
0.02072
0.0199618
0.0188773
0.0174539
0.0156983
0.0136436
0.0113546
0.00893042
0.00650409
0.00424806
0.00232414
0.000464206
)
;
    }
    sides
    {
        type            empty;
    }
    walls
    {
        type            compressible::epsilonWallFunction;
        Cmu             0.09;
        kappa           0.41;
        E               9.8;
        value           nonuniform List<scalar> 
140
(
0.000320933
0.000661728
0.00139882
0.00252967
0.00364151
0.0048549
0.00610275
0.00732678
0.00848078
0.00952817
0.0104422
0.0112054
0.0118082
0.0122477
0.0125249
0.0126425
0.0126017
0.0123991
0.0120226
0.0114798
0.0108151
0.0100937
0.00933293
0.00855151
0.00776526
0.00698764
0.00622991
0.00550125
0.00480904
0.00415915
0.00355617
0.00300371
0.00250468
0.00206148
0.00167719
0.00135681
0.00111639
0.00106583
0.00138675
0.00616101
0.000464206
0.00146426
0.00284678
0.00428303
0.00584052
0.00752763
0.00935066
0.0113107
0.0134073
0.0156399
0.0180098
0.0205215
0.0231853
0.0260209
0.0290623
0.0323661
0.0360232
0.0401777
0.0450573
0.0510239
0.0586727
0.0680651
0.0789401
0.0916123
0.106568
0.12434
0.145583
0.171156
0.202096
0.239326
0.284148
0.338145
0.403294
0.482154
0.578185
0.696396
0.845304
1.04671
1.39827
2.01791
0.289387
0.274592
0.261918
0.250913
0.241269
0.232756
0.225195
0.218447
0.212397
0.206951
0.20203
0.197568
0.19351
0.189807
0.186419
0.183311
0.180451
0.177812
0.175373
0.173112
0.17101
0.169053
0.167225
0.165514
0.163908
0.162396
0.160967
0.159611
0.15831
0.156966
2.07376
1.59367
1.22947
0.963501
0.771385
0.63263
0.532752
0.460533
0.406981
0.366201
0.334318
0.308748
0.287751
0.270129
0.255051
0.241921
0.230308
0.219898
0.210461
0.201826
0.193864
0.186477
0.179591
0.173147
0.167099
0.161411
0.156048
0.150978
0.14618
0.141558
)
;
    }
}


// ************************************************************************* //
