/*--------------------------------*- C++ -*----------------------------------*\
| =========                 |                                                 |
| \\      /  F ield         | OpenFOAM: The Open Source CFD Toolbox           |
|  \\    /   O peration     | Version:  2.2.0                                 |
|   \\  /    A nd           | Web:      www.OpenFOAM.org                      |
|    \\/     M anipulation  |                                                 |
\*---------------------------------------------------------------------------*/
FoamFile
{
    version     2.0;
    format      ascii;
    class       volScalarField;
    location    "1000";
    object      k;
}
// * * * * * * * * * * * * * * * * * * * * * * * * * * * * * * * * * * * * * //

dimensions      [0 2 -2 0 0 0 0];

internalField   nonuniform List<scalar> 
7600
(
0.00103676
0.000994456
0.00105963
0.00179079
0.00260686
0.00339314
0.00417911
0.00497481
0.00578216
0.0065999
0.00742518
0.00825441
0.00908353
0.00990816
0.0107237
0.0115255
0.0123089
0.0130697
0.0138043
0.0145092
0.0151817
0.0157661
0.0162331
0.016596
0.01685
0.0169953
0.017025
0.0169262
0.016682
0.0162726
0.0156778
0.0148794
0.0138641
0.0126263
0.0111714
0.00951856
0.00770511
0.00580022
0.00387981
0.00132582
0.00167917
0.00314826
0.00367749
0.00434012
0.00528108
0.00608301
0.00677844
0.00741556
0.00802223
0.00861917
0.00922138
0.00984042
0.0104856
0.0111651
0.0118864
0.0126577
0.0134887
0.014392
0.0153847
0.0164925
0.0177531
0.019088
0.0203976
0.0216467
0.022826
0.0239156
0.0248831
0.0256835
0.0262594
0.0265427
0.0264571
0.0259228
0.0248633
0.0232146
0.0209373
0.0180341
0.0145658
0.010668
0.00658165
0.00285122
0.0027653
0.00509049
0.0058621
0.00676697
0.00785328
0.00881362
0.00964474
0.0103912
0.0110892
0.0117681
0.0124506
0.013154
0.0138923
0.014677
0.0155183
0.0164262
0.0174115
0.0184871
0.0196697
0.0209839
0.0224674
0.0240216
0.0255219
0.0269462
0.0282978
0.0295568
0.0306853
0.0316252
0.0322983
0.0326094
0.0324531
0.0317236
0.0303283
0.0282041
0.0253367
0.0217812
0.0176791
0.0132681
0.00876829
0.00444153
0.00410506
0.0073628
0.00838221
0.00934837
0.0104853
0.0115611
0.0125236
0.0133884
0.0141825
0.0149354
0.0156741
0.0164222
0.0171999
0.0180246
0.0189112
0.0198727
0.0209205
0.022066
0.023322
0.0247071
0.0262514
0.0278468
0.029365
0.0307992
0.03216
0.0334305
0.0345702
0.0355133
0.0361689
0.036427
0.0361686
0.0352806
0.0336725
0.0312943
0.0281535
0.0243272
0.0199661
0.0152955
0.010463
0.00583177
0.00523339
0.00968616
0.0110767
0.012091
0.013222
0.0143419
0.0153731
0.0163016
0.0171407
0.0179164
0.0186593
0.0193999
0.0201663
0.0209827
0.0218688
0.0228392
0.0239043
0.0250707
0.0263435
0.0277304
0.0292485
0.0307847
0.0322153
0.0335605
0.0348403
0.0360455
0.0371401
0.0380569
0.0386993
0.038948
0.0386745
0.037758
0.0361045
0.0336637
0.0304409
0.0265033
0.021978
0.0170661
0.0119151
0.00717135
0.00633927
0.0118184
0.0137009
0.014837
0.0159576
0.0170665
0.0180988
0.0190259
0.0198515
0.0205989
0.0213016
0.0219963
0.0227177
0.0234954
0.0243518
0.0253009
0.0263489
0.0274946
0.028732
0.0300539
0.0314616
0.0328448
0.0340948
0.0352761
0.0364196
0.0375305
0.0385807
0.0395047
0.0401996
0.040534
0.0403636
0.0395515
0.0379892
0.0356128
0.032413
0.0284373
0.0237863
0.0186467
0.0132097
0.00849318
0.00738348
0.0136713
0.0160798
0.0174163
0.018557
0.0196319
0.0206176
0.0214895
0.0222503
0.0229241
0.0235476
0.0241624
0.024808
0.0255171
0.0263123
0.0272045
0.0281931
0.0292669
0.0304067
0.0315889
0.032799
0.0339425
0.0349524
0.0359346
0.0369369
0.0379796
0.0390418
0.0400556
0.0409063
0.0414422
0.0414943
0.0409009
0.0395312
0.0373027
0.0341888
0.0302191
0.025474
0.0201305
0.0144325
0.00981425
0.00834023
0.0152072
0.0181086
0.0196941
0.0208942
0.0219355
0.0228484
0.0236272
0.0242823
0.0248429
0.0253504
0.0258508
0.0263867
0.0269914
0.0276856
0.028475
0.029351
0.0302913
0.0312636
0.0322298
0.033166
0.0340097
0.0347615
0.0355583
0.0364643
0.0375105
0.0386779
0.0398898
0.0410121
0.0418655
0.042249
0.0419695
0.04087
0.0388476
0.0358607
0.0319265
0.0271124
0.0215867
0.0156375
0.0111417
0.00919429
0.0164108
0.0197317
0.0215791
0.0228703
0.02389
0.0247207
0.0253831
0.0259022
0.026316
0.0266727
0.0270225
0.0274098
0.0278673
0.0284119
0.0290435
0.0297449
0.0304842
0.031219
0.0319029
0.0325127
0.0330364
0.0335571
0.0342273
0.03512
0.0362697
0.0376523
0.0391772
0.0406859
0.0419659
0.0427784
0.0428942
0.0421268
0.040353
0.0375197
0.0336379
0.0287693
0.0230724
0.0168642
0.0124791
0.00993633
0.0172856
0.0209312
0.0230226
0.0244214
0.0254342
0.0261833
0.0267177
0.0270799
0.0273199
0.0274939
0.0276565
0.0278535
0.0281161
0.0284571
0.0288707
0.0293329
0.0298056
0.0302418
0.0305958
0.0308596
0.0310858
0.0314427
0.0320762
0.033057
0.0344157
0.0361201
0.0380641
0.0400633
0.0418686
0.0431986
0.0437825
0.0434007
0.0419094
0.0392466
0.0354234
0.0305021
0.0246317
0.0181417
0.0138285
0.0105619
0.0178479
0.021717
0.0240124
0.0255193
0.026537
0.0272111
0.0276149
0.0278086
0.0278551
0.0278193
0.0277607
0.0277267
0.0277468
0.0278306
0.0279681
0.0281319
0.0282826
0.0283765
0.0283797
0.0283138
0.0283042
0.0285901
0.0292857
0.0304499
0.0321063
0.0342168
0.0366642
0.0392406
0.0416585
0.0435879
0.0447096
0.0447651
0.0435876
0.041108
0.0373417
0.0323587
0.0263
0.0194936
0.0151921
0.0110703
0.0181218
0.0221176
0.0245658
0.0261687
0.0271991
0.0278089
0.0280875
0.0281104
0.0279527
0.0276878
0.0273808
0.0270809
0.0268174
0.0265981
0.0264119
0.0262323
0.0260251
0.0257586
0.0254215
0.0250776
0.0249234
0.0252349
0.0260748
0.0274866
0.0294909
0.0320533
0.0350558
0.0382729
0.0413778
0.0439848
0.0457156
0.0462641
0.0454355
0.0431529
0.0394395
0.0343784
0.0281072
0.0209405
0.0165735
0.0114638
0.0181369
0.0221741
0.0247217
0.0264015
0.0274498
0.0280096
0.0281769
0.0280374
0.0276758
0.0271739
0.0266024
0.0260136
0.0254383
0.0248856
0.0243469
0.0238022
0.0232292
0.0226164
0.0219843
0.0214445
0.0212509
0.0216647
0.0226911
0.0243635
0.0267111
0.0297196
0.0332859
0.0371779
0.0410295
0.0443894
0.0468063
0.0479131
0.047478
0.0454138
0.0417523
0.0365945
0.0300805
0.0225029
0.0179781
0.0117464
0.0179252
0.0219344
0.024533
0.0262693
0.0273403
0.0278691
0.0279482
0.0276667
0.0271156
0.0263832
0.0255461
0.0246619
0.0237654
0.0228705
0.0219762
0.0210743
0.0201611
0.0192519
0.0184027
0.0177691
0.0176353
0.0181889
0.0193912
0.021278
0.0239031
0.0272927
0.031381
0.0359448
0.0405831
0.0447683
0.0479565
0.0497007
0.0497196
0.0479084
0.0443069
0.0390374
0.032248
0.0242041
0.0194153
0.011923
0.0175194
0.0214488
0.0240599
0.0258351
0.0269352
0.0274569
0.0274802
0.0270903
0.0263792
0.0254394
0.0243539
0.023187
0.0219812
0.0207596
0.0195337
0.0183127
0.0171164
0.0159897
0.0150204
0.0143892
0.0143962
0.0150826
0.0164048
0.0184128
0.0211983
0.0248477
0.0293592
0.0345461
0.0399841
0.0450604
0.0491148
0.0515944
0.0521486
0.0506447
0.0471267
0.0417389
0.034643
0.0260734
0.0208999
0.0119976
0.0169512
0.0207654
0.0233619
0.025164
0.026302
0.0268446
0.0268528
0.0264001
0.0255738
0.0244674
0.0231689
0.0217515
0.0202686
0.0187574
0.0172465
0.0157673
0.014366
0.0131155
0.0121262
0.01158
0.0117434
0.0125224
0.0138902
0.0159118
0.0187175
0.0224646
0.0272458
0.0329514
0.0391642
0.0451852
0.0502103
0.0535459
0.0547442
0.053628
0.0502379
0.044739
0.0373099
0.0281515
0.0224549
0.0119719
0.0162487
0.0199265
0.0224926
0.0243153
0.025502
0.0260956
0.0261342
0.0256737
0.0247904
0.0235736
0.0221147
0.0204956
0.0187838
0.0170344
0.0152973
0.013629
0.012102
0.0108117
0.00987707
0.00945982
0.00973211
0.0105542
0.0119066
0.0138573
0.0165588
0.0202323
0.025087
0.0311459
0.038056
0.0450526
0.0511605
0.0554995
0.0574848
0.0568696
0.0536795
0.0480954
0.0403133
0.0304973
0.0241157
0.0118435
0.0154355
0.0189658
0.0214946
0.0233365
0.0245831
0.0252564
0.0253716
0.0249629
0.0240894
0.0228311
0.0212781
0.0195197
0.0176377
0.0157073
0.0138026
0.0120053
0.0104111
0.00912797
0.00826757
0.00795892
0.00829286
0.0091219
0.0104272
0.0122661
0.0147861
0.0182435
0.0229613
0.0291487
0.0366096
0.0445729
0.0518776
0.0573984
0.0603565
0.0603984
0.0575157
0.0518964
0.0437509
0.0331997
0.0259356
0.0116027
0.0145169
0.0179056
0.0203975
0.0222611
0.0235779
0.0243556
0.0245898
0.0242915
0.0234989
0.022276
0.0207059
0.0188808
0.0168939
0.0148411
0.01282
0.0109356
0.00930165
0.0080302
0.00721671
0.00696583
0.00732528
0.00814136
0.00939108
0.0111139
0.0134297
0.0165864
0.0209806
0.0270296
0.0348089
0.043665
0.0522701
0.0591861
0.0633583
0.06427
0.0618499
0.0562786
0.0477718
0.0363935
0.0279948
0.011251
0.0135191
0.0167621
0.01922
0.0211077
0.0225007
0.0233996
0.0237863
0.0236517
0.0230111
0.0219083
0.0204125
0.0186099
0.0165885
0.0144741
0.0123834
0.0104394
0.00876975
0.00748787
0.0066727
0.00642397
0.00678459
0.00757329
0.00876326
0.0103793
0.0125042
0.015339
0.0192841
0.0249207
0.0326877
0.0422578
0.0522304
0.0607914
0.0664938
0.0685692
0.0668377
0.0614487
0.0526046
0.0402879
0.0304142
0.0108126
0.0125904
0.01567
0.0180934
0.0200019
0.0214624
0.0224735
0.0230101
0.0230503
0.0225912
0.0216576
0.0203027
0.0186034
0.016652
0.01457
0.0124886
0.0105433
0.0088681
0.00757569
0.00673834
0.00644938
0.0067535
0.00747949
0.00859101
0.0101016
0.0120591
0.0145987
0.0180529
0.0230499
0.0303801
0.0403241
0.0516355
0.0621117
0.0697588
0.073411
0.0727057
0.0677194
0.0586056
0.045212
0.033382
0.0103264
0.0117648
0.0147114
0.017108
0.0190355
0.0205523
0.021657
0.0223226
0.0225206
0.0222368
0.0214816
0.0202944
0.0187418
0.0169137
0.0149278
0.0129193
0.0110293
0.00939349
0.00812409
0.00729621
0.00698899
0.00722357
0.00787211
0.00889856
0.0103094
0.0121289
0.0144377
0.0174871
0.021861
0.0285128
0.0382253
0.0504395
0.0628954
0.0728129
0.078441
0.0791388
0.0748524
0.0656322
0.0510962
0.0368552
0.00980084
0.0110231
0.0138606
0.0162393
0.0181886
0.0197565
0.0209423
0.0217197
0.0220576
0.0219355
0.021354
0.0203414
0.0189552
0.0172801
0.0154292
0.0135359
0.0117409
0.0101781
0.00895835
0.00816085
0.00785548
0.00804474
0.00863168
0.00958678
0.0109124
0.0126168
0.0147387
0.0174555
0.0212783
0.0272261
0.0365048
0.049177
0.0631366
0.0752696
0.0831657
0.0856046
0.0823459
0.0732803
0.0578104
0.0406827
0.00924585
0.0103502
0.013098
0.0154677
0.0174442
0.0190635
0.0203248
0.0212034
0.0216681
0.0216953
0.0212793
0.0204406
0.0192283
0.0177214
0.0160272
0.0142741
0.0125989
0.0111316
0.00998096
0.00923106
0.00895462
0.00912082
0.0096635
0.0105598
0.0118095
0.0134094
0.015367
0.0177969
0.0211287
0.0263777
0.0350592
0.0478843
0.0630943
0.0772654
0.0874771
0.0920436
0.0902048
0.0815965
0.0652506
0.0449272
0.00867004
0.00973496
0.0124092
0.0147779
0.0167882
0.0184624
0.0197988
0.0207738
0.0213575
0.021525
0.0212671
0.0205984
0.0195616
0.0182292
0.0167021
0.0151025
0.0135612
0.0122029
0.0111343
0.010444
0.0102121
0.0103713
0.0108836
0.0117303
0.0129089
0.0144078
0.0162121
0.018387
0.021286
0.0258813
0.0338817
0.0465866
0.062751
0.078839
0.0914391
0.0983882
0.0984346
0.0906844
0.0736571
0.0496923
0.00808106
0.00916828
0.0117822
0.0141564
0.0162069
0.0179415
0.0193556
0.0204269
0.0211265
0.0214295
0.0213245
0.020822
0.0199592
0.0188025
0.0174463
0.0160056
0.0146044
0.0133618
0.0123816
0.0117562
0.0115642
0.0117281
0.0122179
0.0130186
0.014126
0.0155225
0.0171785
0.0191249
0.0216538
0.0256808
0.0330099
0.0453975
0.0621901
0.0799932
0.0950488
0.104658
0.107031
0.10063
0.0831873
0.0550733
0.00748569
0.00864276
0.0112073
0.0135909
0.0156869
0.0174873
0.0189839
0.0201544
0.0209706
0.0214078
0.0214533
0.0211142
0.0204231
0.0194408
0.0182549
0.0169731
0.0157123
0.0145856
0.0136935
0.0131297
0.0129706
0.0131358
0.0135994
0.01435
0.0153819
0.0166735
0.0181879
0.0199383
0.0221791
0.025777
0.032551
0.0445275
0.0616205
0.0808482
0.0983439
0.1109
0.11604
0.111506
0.0940075
0.0611792
0.00688992
0.00815199
0.0106754
0.0130699
0.0152141
0.017085
0.0186693
0.0199436
0.0208799
0.0214531
0.0216491
0.021472
0.0209502
0.020139
0.0191195
0.0179922
0.0168666
0.0158494
0.0150367
0.0145212
0.0143776
0.0145331
0.0149615
0.0156559
0.0166099
0.0178014
0.0191954
0.0208076
0.0228883
0.0262792
0.0327421
0.0443403
0.0614361
0.0817098
0.101508
0.117224
0.125595
0.123418
0.106258
0.0681487
0.00629906
0.00769014
0.0101785
0.0125821
0.0147746
0.0167188
0.0183957
0.0197793
0.0208406
0.0215532
0.0219011
0.0218853
0.0215297
0.0208844
0.0200241
0.0190421
0.0180403
0.0171188
0.0163684
0.0158795
0.0157281
0.0158635
0.0162499
0.0168889
0.0177769
0.0188969
0.0202299
0.0218225
0.0239642
0.0274971
0.0340315
0.0454093
0.0622677
0.0831363
0.104942
0.123888
0.135893
0.136604
0.120076
0.0761316
0.00571789
0.00725159
0.00970822
0.0121168
0.0143548
0.0163733
0.0181466
0.0196448
0.0208362
0.021692
0.022193
0.0223364
0.0221418
0.0216538
0.0209408
0.0200891
0.0191934
0.0183472
0.0176373
0.0171524
0.0169767
0.0170937
0.0174449
0.018055
0.0189277
0.0200635
0.0214838
0.0233057
0.025899
0.0300861
0.0371718
0.0485507
0.0649884
0.0859546
0.109299
0.131348
0.147257
0.151343
0.135782
0.0852155
0.00515092
0.00683065
0.00925641
0.0116638
0.0139429
0.0160355
0.017908
0.0195249
0.0208501
0.0218507
0.0225032
0.0228003
0.0227566
0.0224115
0.0218278
0.0210857
0.0202742
0.0194829
0.0187974
0.0183102
0.0181217
0.0182366
0.018615
0.0192856
0.0202832
0.021656
0.0235065
0.0260584
0.0297389
0.035204
0.043261
0.0547851
0.0706267
0.0911763
0.115442
0.140248
0.160157
0.168015
0.153682
0.0955479
0.00460259
0.00642142
0.00881474
0.0112149
0.0135311
0.0156975
0.0176712
0.0194085
0.0208672
0.0220088
0.0228046
0.0232421
0.0233313
0.0231079
0.0226309
0.0219773
0.0212339
0.0204911
0.01984
0.0193872
0.0192583
0.0194776
0.0200448
0.0209943
0.0224659
0.0245995
0.0276008
0.0317368
0.0372846
0.0444808
0.0535929
0.0651513
0.0801492
0.0997805
0.124285
0.151337
0.175177
0.187109
0.174159
0.107298
0.00407754
0.00601779
0.00837626
0.0107668
0.0131201
0.0153616
0.0174359
0.0192895
0.0208729
0.0221414
0.023061
0.023615
0.0238117
0.0236865
0.0232991
0.0227279
0.0220631
0.0214026
0.0208537
0.0205583
0.0206877
0.0212998
0.0224589
0.024256
0.0270393
0.0310121
0.0363128
0.0429353
0.0507138
0.0594474
0.0691451
0.0802995
0.0941072
0.112383
0.13651
0.16527
0.19291
0.20918
0.197677
0.120672
0.00358113
0.00561457
0.00793836
0.0103261
0.0127234
0.0150416
0.0172087
0.0191615
0.0208452
0.0222109
0.0232221
0.0238629
0.0241461
0.0241136
0.0238311
0.0233839
0.0228724
0.0224143
0.0221596
0.0223438
0.0232441
0.0249821
0.0277295
0.0317361
0.03735
0.0444998
0.0528203
0.0618392
0.0711128
0.0803917
0.0897872
0.0999385
0.112224
0.12888
0.152247
0.182346
0.213773
0.234766
0.224766
0.13593
0.00312101
0.00521394
0.00751341
0.00992069
0.0123751
0.0147625
0.0169946
0.0190058
0.0207447
0.0221662
0.0232404
0.0239616
0.0243567
0.0244803
0.0244098
0.0242453
0.0241155
0.0241964
0.0247595
0.0262928
0.0292744
0.0337852
0.0399604
0.0479568
0.0574764
0.0676703
0.0779264
0.0877949
0.0970191
0.105591
0.113833
0.122529
0.133164
0.148222
0.170808
0.20223
0.237771
0.264244
0.256007
0.153428
0.00270976
0.00483442
0.00714246
0.00960314
0.0121114
0.014524
0.0167548
0.0187622
0.0205197
0.0220019
0.0231982
0.024122
0.0248315
0.0253972
0.0259216
0.0265504
0.0274993
0.0291053
0.0319164
0.0368306
0.0441921
0.0533465
0.0639955
0.0758175
0.0873948
0.098273
0.1082
0.117063
0.124881
0.131863
0.138476
0.145583
0.154708
0.168477
0.190604
0.22372
0.264207
0.297607
0.292021
0.173686
0.00237942
0.00455232
0.00693215
0.00944854
0.0119594
0.0143328
0.016548
0.0186364
0.0206262
0.0225267
0.0243622
0.0261557
0.0280886
0.0302106
0.032654
0.0356363
0.0394876
0.0446833
0.0518587
0.0617625
0.0737014
0.0862305
0.0990303
0.11086
0.121314
0.130449
0.138328
0.145043
0.150764
0.155804
0.160701
0.166345
0.174265
0.187164
0.209263
0.244591
0.291258
0.333993
0.333398
0.197639
0.00230687
0.00441567
0.00701622
0.00956965
0.012249
0.0150365
0.0181758
0.0219161
0.0264064
0.0314561
0.0368615
0.0422515
0.0485061
0.0547041
0.0609402
0.0674018
0.0743996
0.0823326
0.0916358
0.10269
0.11453
0.126036
0.136379
0.145091
0.152457
0.158643
0.163775
0.167989
0.171498
0.174649
0.177999
0.182433
0.189449
0.201757
0.223935
0.261407
0.314862
0.369915
0.380313
0.227903
0.00274922
0.00516042
0.00972699
0.0143922
0.021279
0.0308152
0.0451762
0.0625162
0.0799841
0.0941958
0.10553
0.11409
0.120347
0.124718
0.127851
0.130472
0.133274
0.13684
0.141614
0.147869
0.155053
0.161847
0.167446
0.172119
0.175983
0.179108
0.181567
0.183475
0.185042
0.186611
0.188725
0.192229
0.198536
0.210217
0.231852
0.269872
0.328614
0.399401
0.439155
0.276436
0.0074296
0.0182113
0.0368673
0.0642615
0.100251
0.145178
0.197725
0.234004
0.247275
0.247454
0.240933
0.231412
0.220959
0.210809
0.201721
0.194117
0.188292
0.184406
0.182521
0.182606
0.184195
0.185732
0.187143
0.188353
0.18929
0.189917
0.190249
0.190376
0.190493
0.190927
0.192185
0.195041
0.200757
0.211598
0.231717
0.267932
0.327917
0.416997
0.516746
0.353027
0.096734
0.0934082
0.0905114
0.0879581
0.0856896
0.0836618
0.0818402
0.0801969
0.0787092
0.0773579
0.0761267
0.0750017
0.0739711
0.0730245
0.0721529
0.0713485
0.0706045
0.0699146
0.0692737
0.0686769
0.06812
0.0675992
0.0671111
0.0666526
0.0662208
0.0658129
0.0654263
0.0650582
0.0647043
0.0643375
0.0975191
0.0941044
0.0906311
0.0872966
0.0841818
0.0813138
0.0786936
0.0763095
0.0741441
0.0721784
0.0703933
0.0687706
0.0672937
0.0659473
0.064718
0.0635935
0.0625632
0.0616175
0.0607481
0.0599475
0.0592092
0.0585275
0.0578975
0.0573149
0.0567761
0.0562786
0.0558206
0.0554012
0.0550208
0.0546696
0.0985248
0.0965073
0.0943316
0.0921198
0.0899435
0.0878443
0.085845
0.0839566
0.0821829
0.0805229
0.078973
0.0775279
0.0761816
0.0749274
0.0737592
0.0726705
0.0716554
0.0707084
0.0698242
0.068998
0.0682254
0.0675023
0.0668251
0.0661896
0.0655924
0.0650311
0.0645032
0.0640062
0.0635371
0.0630874
0.0988774
0.0974476
0.0959078
0.0943197
0.0927261
0.0911562
0.0896292
0.0881572
0.0867476
0.085404
0.0841278
0.0829182
0.081774
0.0806927
0.0796719
0.0787085
0.0777995
0.0769419
0.0761327
0.0753689
0.0746479
0.0739668
0.0733232
0.0727147
0.072139
0.0715939
0.0710775
0.0705878
0.0701225
0.0696782
0.0990237
0.0978671
0.0966503
0.0954019
0.0941456
0.0928994
0.0916767
0.0904865
0.0893351
0.0882265
0.087163
0.0861454
0.0851738
0.0842477
0.0833659
0.0825271
0.0817297
0.080972
0.0802521
0.0795683
0.0789187
0.0783017
0.0777154
0.0771582
0.0766285
0.0761246
0.0756452
0.0751884
0.0747527
0.0743351
0.0990872
0.0980667
0.0970258
0.0959737
0.0949215
0.0938791
0.0928545
0.0918539
0.0908817
0.0899411
0.0890339
0.0881613
0.0873238
0.0865212
0.0857531
0.0850188
0.0843174
0.0836479
0.0830089
0.0823994
0.0818181
0.0812638
0.0807352
0.0802311
0.0797503
0.0792917
0.078854
0.0784361
0.0780366
0.0776531
0.0991145
0.0981616
0.0972179
0.0962819
0.0953565
0.0944455
0.0935528
0.0926818
0.0918351
0.0910147
0.0902219
0.0894575
0.0887218
0.0880148
0.0873362
0.0866856
0.0860623
0.0854656
0.0848946
0.0843485
0.0838263
0.0833271
0.0828499
0.0823938
0.081958
0.0815413
0.081143
0.0807621
0.0803974
0.0800467
0.0991258
0.0982054
0.0973137
0.0964451
0.0955977
0.0947712
0.0939665
0.0931843
0.0924258
0.0916917
0.0909825
0.0902984
0.0896396
0.0890058
0.0883968
0.087812
0.087251
0.086713
0.0861975
0.0857037
0.0852307
0.0847779
0.0843445
0.0839298
0.0835328
0.0831529
0.0827894
0.0824413
0.0821078
0.0817869
0.0991303
0.0982248
0.0973595
0.0965282
0.0957269
0.0949532
0.0942056
0.0934832
0.0927857
0.0921127
0.0914638
0.0908389
0.0902375
0.0896593
0.0891036
0.08857
0.0880579
0.0875667
0.0870956
0.0866441
0.0862114
0.0857968
0.0853997
0.0850195
0.0846553
0.0843066
0.0839727
0.0836529
0.0833463
0.0830511
0.099132
0.098233
0.0973803
0.0965685
0.095793
0.0950505
0.0943384
0.0936547
0.0929978
0.0923667
0.0917603
0.0911777
0.0906183
0.0900812
0.0895657
0.0890711
0.0885967
0.0881419
0.0877058
0.0872879
0.0868874
0.0865037
0.0861362
0.0857842
0.0854471
0.0851242
0.084815
0.0845189
0.0842349
0.0839614
0.0991326
0.0982363
0.0973893
0.096587
0.0958251
0.0951
0.0944086
0.0937484
0.0931173
0.0925136
0.0919357
0.0913824
0.0908524
0.0903448
0.0898586
0.0893928
0.0889466
0.0885193
0.0881101
0.0877181
0.0873428
0.0869834
0.0866393
0.0863099
0.0859945
0.0856925
0.0854034
0.0851266
0.0848612
0.0846056
0.0991328
0.0982376
0.0973931
0.0965951
0.0958398
0.0951237
0.0944437
0.093797
0.0931813
0.0925945
0.0920347
0.0915005
0.0909902
0.0905027
0.0900368
0.0895914
0.0891655
0.0887583
0.0883687
0.0879962
0.0876398
0.0872989
0.0869728
0.0866608
0.0863623
0.0860767
0.0858035
0.0855419
0.0852913
0.08505
0.0991329
0.098238
0.0973945
0.0965985
0.0958462
0.0951345
0.0944603
0.0938209
0.0932137
0.0926367
0.0920877
0.0915651
0.0910673
0.0905928
0.0901402
0.0897085
0.0892964
0.0889031
0.0885274
0.0881686
0.0878259
0.0874984
0.0871855
0.0868864
0.0866006
0.0863273
0.0860661
0.0858162
0.085577
0.0853467
0.0991329
0.0982382
0.097395
0.0965998
0.0958489
0.0951392
0.0944678
0.0938319
0.0932292
0.0926574
0.0921145
0.0915987
0.0911082
0.0906415
0.0901972
0.0897741
0.0893709
0.0889867
0.0886202
0.0882707
0.0879373
0.087619
0.0873153
0.0870253
0.0867485
0.0864841
0.0862315
0.0859901
0.0857592
0.085537
0.0991329
0.0982382
0.0973952
0.0966002
0.0958499
0.0951411
0.0944709
0.0938368
0.0932362
0.0926671
0.0921274
0.0916151
0.0911287
0.0906664
0.090227
0.089809
0.0894112
0.0890324
0.0886718
0.0883281
0.0880007
0.0876885
0.0873908
0.0871069
0.086836
0.0865776
0.0863309
0.0860954
0.0858702
0.0856538
0.0991329
0.0982382
0.0973953
0.0966004
0.0958503
0.0951418
0.0944721
0.0938388
0.0932392
0.0926714
0.0921332
0.0916227
0.0911384
0.0906785
0.0902417
0.0898265
0.0894317
0.0890562
0.0886989
0.0883588
0.0880349
0.0877264
0.0874325
0.0871524
0.0868853
0.0866307
0.0863878
0.0861561
0.0859346
0.0857219
0.0991329
0.0982382
0.0973953
0.0966005
0.0958504
0.095142
0.0944726
0.0938396
0.0932405
0.0926732
0.0921357
0.0916261
0.0911428
0.0906841
0.0902486
0.0898349
0.0894418
0.089068
0.0887125
0.0883744
0.0880525
0.0877461
0.0874544
0.0871765
0.0869117
0.0866593
0.0864188
0.0861893
0.0859702
0.0857598
0.0991329
0.0982382
0.0973953
0.0966005
0.0958504
0.0951422
0.0944728
0.0938399
0.093241
0.0926739
0.0921367
0.0916276
0.0911447
0.0906866
0.0902517
0.0898388
0.0894464
0.0890736
0.0887191
0.0883819
0.0880612
0.0877559
0.0874653
0.0871886
0.0869251
0.086674
0.0864348
0.0862066
0.0859888
0.0857797
0.0991329
0.0982382
0.0973953
0.0966005
0.0958505
0.0951422
0.0944729
0.09384
0.0932412
0.0926742
0.0921372
0.0916282
0.0911456
0.0906877
0.0902532
0.0898405
0.0894486
0.0890762
0.0887221
0.0883855
0.0880653
0.0877606
0.0874706
0.0871946
0.0869317
0.0866813
0.0864427
0.0862152
0.0859981
0.0857897
0.0991329
0.0982382
0.0973953
0.0966005
0.0958505
0.0951423
0.094473
0.0938401
0.0932413
0.0926744
0.0921374
0.0916285
0.091146
0.0906883
0.0902539
0.0898414
0.0894496
0.0890774
0.0887236
0.0883872
0.0880673
0.0877629
0.0874732
0.0871974
0.0869348
0.0866848
0.0864465
0.0862194
0.0860026
0.0857945
0.0991329
0.0982382
0.0973954
0.0966006
0.0958506
0.0951423
0.094473
0.0938402
0.0932414
0.0926746
0.0921376
0.0916288
0.0911463
0.0906886
0.0902543
0.0898419
0.0894502
0.0890781
0.0887244
0.0883881
0.0880683
0.087764
0.0874745
0.0871989
0.0869364
0.0866865
0.0864484
0.0862214
0.0860048
0.0857969
0.0991329
0.0982383
0.0973954
0.0966006
0.0958506
0.0951424
0.0944731
0.0938403
0.0932415
0.0926747
0.0921378
0.091629
0.0911465
0.0906889
0.0902546
0.0898423
0.0894506
0.0890786
0.0887249
0.0883887
0.088069
0.0877647
0.0874753
0.0871997
0.0869373
0.0866875
0.0864494
0.0862225
0.0860059
0.0857981
0.0991329
0.0982383
0.0973954
0.0966007
0.0958507
0.0951424
0.0944732
0.0938404
0.0932416
0.0926748
0.0921379
0.0916291
0.0911467
0.0906891
0.0902549
0.0898426
0.089451
0.089079
0.0887254
0.0883892
0.0880694
0.0877653
0.0874758
0.0872003
0.0869379
0.0866881
0.0864501
0.0862232
0.0860066
0.0857988
0.0991329
0.0982383
0.0973955
0.0966007
0.0958507
0.0951425
0.0944733
0.0938405
0.0932418
0.092675
0.0921381
0.0916293
0.091147
0.0906894
0.0902551
0.0898429
0.0894513
0.0890793
0.0887257
0.0883896
0.0880699
0.0877657
0.0874763
0.0872008
0.0869384
0.0866886
0.0864506
0.0862237
0.0860071
0.0857993
0.0991329
0.0982383
0.0973955
0.0966008
0.0958508
0.0951426
0.0944734
0.0938406
0.0932419
0.0926751
0.0921383
0.0916295
0.0911472
0.0906896
0.0902554
0.0898432
0.0894516
0.0890797
0.0887261
0.08839
0.0880703
0.0877661
0.0874767
0.0872012
0.0869389
0.086689
0.086451
0.0862241
0.0860075
0.0857997
0.0991329
0.0982384
0.0973955
0.0966008
0.0958509
0.0951427
0.0944735
0.0938407
0.093242
0.0926753
0.0921385
0.0916297
0.0911474
0.0906899
0.0902557
0.0898435
0.089452
0.08908
0.0887265
0.0883903
0.0880707
0.0877665
0.0874771
0.0872016
0.0869393
0.0866894
0.0864514
0.0862245
0.0860079
0.0858001
0.0991329
0.0982384
0.0973956
0.0966009
0.0958509
0.0951428
0.0944736
0.0938408
0.0932422
0.0926755
0.0921387
0.0916299
0.0911476
0.0906901
0.0902559
0.0898437
0.0894523
0.0890803
0.0887268
0.0883907
0.088071
0.0877669
0.0874775
0.087202
0.0869397
0.0866898
0.0864518
0.0862249
0.0860083
0.0858004
0.0991329
0.0982384
0.0973956
0.0966009
0.095851
0.0951429
0.0944737
0.093841
0.0932423
0.0926756
0.0921388
0.0916301
0.0911478
0.0906903
0.0902562
0.089844
0.0894526
0.0890806
0.0887271
0.088391
0.0880714
0.0877673
0.0874778
0.0872023
0.08694
0.0866902
0.0864521
0.0862252
0.0860086
0.0858007
0.0991329
0.0982384
0.0973957
0.096601
0.0958511
0.095143
0.0944738
0.0938411
0.0932425
0.0926758
0.092139
0.0916303
0.091148
0.0906906
0.0902564
0.0898443
0.0894528
0.0890809
0.0887274
0.0883913
0.0880717
0.0877676
0.0874782
0.0872027
0.0869404
0.0866905
0.0864525
0.0862256
0.0860089
0.085801
0.0991329
0.0982385
0.0973957
0.096601
0.0958512
0.095143
0.0944739
0.0938412
0.0932426
0.0926759
0.0921392
0.0916305
0.0911483
0.0906908
0.0902567
0.0898445
0.0894531
0.0890812
0.0887277
0.0883916
0.088072
0.0877679
0.0874785
0.087203
0.0869407
0.0866908
0.0864528
0.0862258
0.0860092
0.0858013
0.099133
0.0982385
0.0973957
0.0966011
0.0958512
0.0951431
0.094474
0.0938413
0.0932427
0.0926761
0.0921393
0.0916307
0.0911485
0.090691
0.0902569
0.0898448
0.0894533
0.0890814
0.088728
0.0883919
0.0880722
0.0877681
0.0874787
0.0872032
0.0869409
0.0866911
0.086453
0.0862261
0.0860094
0.0858015
0.099133
0.0982385
0.0973958
0.0966012
0.0958513
0.0951432
0.0944741
0.0938415
0.0932429
0.0926762
0.0921395
0.0916309
0.0911486
0.0906912
0.0902571
0.089845
0.0894536
0.0890817
0.0887282
0.0883921
0.0880725
0.0877684
0.087479
0.0872035
0.0869412
0.0866913
0.0864532
0.0862263
0.0860096
0.0858017
0.099133
0.0982385
0.0973958
0.0966012
0.0958514
0.0951433
0.0944742
0.0938416
0.093243
0.0926764
0.0921397
0.0916311
0.0911488
0.0906914
0.0902573
0.0898452
0.0894538
0.0890819
0.0887284
0.0883924
0.0880727
0.0877686
0.0874792
0.0872037
0.0869414
0.0866915
0.0864534
0.0862265
0.0860098
0.0858019
0.099133
0.0982386
0.0973959
0.0966013
0.0958515
0.0951434
0.0944743
0.0938417
0.0932431
0.0926765
0.0921398
0.0916312
0.091149
0.0906916
0.0902575
0.0898454
0.089454
0.0890821
0.0887286
0.0883926
0.0880729
0.0877688
0.0874794
0.0872039
0.0869415
0.0866917
0.0864536
0.0862266
0.0860099
0.085802
0.099133
0.0982386
0.0973959
0.0966013
0.0958516
0.0951435
0.0944744
0.0938418
0.0932433
0.0926767
0.09214
0.0916314
0.0911492
0.0906918
0.0902577
0.0898456
0.0894542
0.0890823
0.0887288
0.0883927
0.0880731
0.087769
0.0874796
0.087204
0.0869417
0.0866918
0.0864537
0.0862267
0.08601
0.0858021
0.099133
0.0982386
0.097396
0.0966014
0.0958516
0.0951436
0.0944746
0.0938419
0.0932434
0.0926768
0.0921401
0.0916315
0.0911493
0.0906919
0.0902579
0.0898457
0.0894543
0.0890825
0.088729
0.0883929
0.0880733
0.0877691
0.0874797
0.0872042
0.0869418
0.0866919
0.0864538
0.0862268
0.0860101
0.0858021
0.099133
0.0982387
0.097396
0.0966015
0.0958517
0.0951437
0.0944747
0.0938421
0.0932436
0.092677
0.0921403
0.0916317
0.0911495
0.0906921
0.090258
0.0898459
0.0894545
0.0890826
0.0887291
0.0883931
0.0880734
0.0877693
0.0874798
0.0872043
0.0869419
0.086692
0.0864539
0.0862269
0.0860102
0.0858022
0.099133
0.0982387
0.0973961
0.0966016
0.0958518
0.0951438
0.0944748
0.0938422
0.0932437
0.0926771
0.0921404
0.0916319
0.0911497
0.0906923
0.0902582
0.0898461
0.0894547
0.0890828
0.0887293
0.0883932
0.0880735
0.0877694
0.08748
0.0872044
0.086942
0.0866921
0.086454
0.086227
0.0860102
0.0858022
0.0991331
0.0982388
0.0973962
0.0966016
0.0958519
0.0951439
0.0944749
0.0938423
0.0932438
0.0926772
0.0921406
0.091632
0.0911498
0.0906924
0.0902583
0.0898462
0.0894548
0.0890829
0.0887294
0.0883933
0.0880737
0.0877695
0.0874801
0.0872045
0.0869421
0.0866922
0.086454
0.086227
0.0860103
0.0858023
0.0991331
0.0982388
0.0973962
0.0966017
0.095852
0.095144
0.094475
0.0938425
0.093244
0.0926774
0.0921408
0.0916322
0.09115
0.0906926
0.0902585
0.0898464
0.089455
0.0890831
0.0887296
0.0883935
0.0880738
0.0877697
0.0874802
0.0872046
0.0869422
0.0866923
0.0864541
0.0862271
0.0860103
0.0858023
0.0991331
0.0982388
0.0973963
0.0966018
0.0958521
0.0951442
0.0944752
0.0938426
0.0932441
0.0926776
0.0921409
0.0916323
0.0911502
0.0906928
0.0902587
0.0898466
0.0894551
0.0890832
0.0887297
0.0883936
0.0880739
0.0877698
0.0874803
0.0872047
0.0869423
0.0866923
0.0864542
0.0862271
0.0860103
0.0858023
0.0991331
0.0982389
0.0973964
0.0966019
0.0958522
0.0951443
0.0944753
0.0938428
0.0932443
0.0926777
0.0921411
0.0916325
0.0911503
0.0906929
0.0902588
0.0898467
0.0894553
0.0890834
0.0887299
0.0883938
0.0880741
0.0877699
0.0874804
0.0872048
0.0869424
0.0866924
0.0864542
0.0862272
0.0860104
0.0858023
0.0991331
0.0982389
0.0973964
0.096602
0.0958523
0.0951444
0.0944755
0.0938429
0.0932444
0.0926779
0.0921413
0.0916327
0.0911505
0.0906931
0.090259
0.0898469
0.0894555
0.0890836
0.08873
0.0883939
0.0880742
0.08777
0.0874805
0.0872049
0.0869425
0.0866925
0.0864543
0.0862272
0.0860104
0.0858023
0.0991332
0.098239
0.0973965
0.0966021
0.0958524
0.0951445
0.0944756
0.0938431
0.0932446
0.0926781
0.0921414
0.0916329
0.0911507
0.0906933
0.0902592
0.0898471
0.0894557
0.0890837
0.0887302
0.0883941
0.0880744
0.0877702
0.0874807
0.087205
0.0869426
0.0866926
0.0864544
0.0862273
0.0860105
0.0858024
0.0991332
0.0982391
0.0973966
0.0966022
0.0958526
0.0951447
0.0944758
0.0938432
0.0932448
0.0926783
0.0921416
0.0916331
0.0911509
0.0906935
0.0902594
0.0898473
0.0894558
0.0890839
0.0887304
0.0883942
0.0880745
0.0877703
0.0874808
0.0872052
0.0869427
0.0866927
0.0864545
0.0862274
0.0860105
0.0858024
0.0991332
0.0982391
0.0973967
0.0966023
0.0958527
0.0951448
0.0944759
0.0938434
0.093245
0.0926785
0.0921418
0.0916333
0.0911511
0.0906937
0.0902596
0.0898475
0.0894561
0.0890841
0.0887306
0.0883944
0.0880747
0.0877705
0.087481
0.0872053
0.0869429
0.0866928
0.0864546
0.0862275
0.0860106
0.0858025
0.0991332
0.0982392
0.0973968
0.0966024
0.0958528
0.095145
0.0944761
0.0938436
0.0932452
0.0926787
0.0921421
0.0916335
0.0911513
0.0906939
0.0902599
0.0898477
0.0894563
0.0890843
0.0887308
0.0883946
0.0880749
0.0877707
0.0874812
0.0872055
0.086943
0.086693
0.0864548
0.0862276
0.0860108
0.0858027
0.0991333
0.0982392
0.0973969
0.0966026
0.095853
0.0951452
0.0944763
0.0938438
0.0932454
0.0926789
0.0921423
0.0916338
0.0911516
0.0906942
0.0902601
0.089848
0.0894565
0.0890846
0.088731
0.0883949
0.0880751
0.0877709
0.0874814
0.0872057
0.0869432
0.0866932
0.0864549
0.0862278
0.0860109
0.0858028
0.0991333
0.0982393
0.097397
0.0966027
0.0958531
0.0951453
0.0944765
0.093844
0.0932456
0.0926791
0.0921425
0.091634
0.0911518
0.0906944
0.0902604
0.0898482
0.0894568
0.0890848
0.0887313
0.0883951
0.0880754
0.0877711
0.0874816
0.0872059
0.0869434
0.0866934
0.0864551
0.086228
0.0860111
0.085803
0.0991333
0.0982394
0.0973971
0.0966028
0.0958533
0.0951455
0.0944767
0.0938442
0.0932459
0.0926794
0.0921428
0.0916343
0.0911521
0.0906947
0.0902606
0.0898485
0.0894571
0.0890851
0.0887316
0.0883954
0.0880757
0.0877714
0.0874819
0.0872062
0.0869437
0.0866936
0.0864554
0.0862282
0.0860113
0.0858032
0.0991334
0.0982395
0.0973972
0.096603
0.0958535
0.0951457
0.0944769
0.0938445
0.0932461
0.0926796
0.0921431
0.0916346
0.0911524
0.090695
0.0902609
0.0898488
0.0894574
0.0890854
0.0887319
0.0883957
0.088076
0.0877717
0.0874822
0.0872065
0.086944
0.0866939
0.0864557
0.0862285
0.0860116
0.0858035
0.0991334
0.0982395
0.0973973
0.0966031
0.0958537
0.0951459
0.0944771
0.0938447
0.0932464
0.0926799
0.0921434
0.0916349
0.0911527
0.0906953
0.0902613
0.0898491
0.0894577
0.0890858
0.0887322
0.088396
0.0880763
0.0877721
0.0874825
0.0872068
0.0869443
0.0866942
0.086456
0.0862288
0.0860119
0.0858038
0.0991334
0.0982396
0.0973974
0.0966033
0.0958538
0.0951461
0.0944774
0.093845
0.0932467
0.0926802
0.0921437
0.0916352
0.091153
0.0906957
0.0902616
0.0898495
0.0894581
0.0890861
0.0887326
0.0883964
0.0880767
0.0877724
0.0874829
0.0872072
0.0869447
0.0866946
0.0864563
0.0862292
0.0860123
0.0858041
0.0991335
0.0982397
0.0973976
0.0966034
0.095854
0.0951464
0.0944776
0.0938453
0.093247
0.0926805
0.092144
0.0916355
0.0911534
0.090696
0.090262
0.0898499
0.0894585
0.0890865
0.088733
0.0883968
0.0880771
0.0877728
0.0874833
0.0872076
0.0869451
0.086695
0.0864567
0.0862296
0.0860127
0.0858045
0.0991335
0.0982398
0.0973977
0.0966036
0.0958542
0.0951466
0.0944779
0.0938455
0.0932473
0.0926809
0.0921444
0.0916359
0.0911538
0.0906964
0.0902624
0.0898503
0.0894589
0.0890869
0.0887334
0.0883973
0.0880775
0.0877733
0.0874837
0.087208
0.0869455
0.0866955
0.0864572
0.08623
0.0860131
0.085805
0.0991336
0.0982399
0.0973978
0.0966038
0.0958545
0.0951468
0.0944782
0.0938459
0.0932476
0.0926812
0.0921447
0.0916363
0.0911542
0.0906969
0.0902628
0.0898507
0.0894593
0.0890874
0.0887339
0.0883977
0.088078
0.0877738
0.0874842
0.0872085
0.086946
0.086696
0.0864577
0.0862305
0.0860136
0.0858055
0.0991336
0.09824
0.097398
0.096604
0.0958547
0.0951471
0.0944784
0.0938462
0.0932479
0.0926816
0.0921451
0.0916367
0.0911546
0.0906973
0.0902633
0.0898512
0.0894598
0.0890879
0.0887344
0.0883982
0.0880785
0.0877743
0.0874847
0.0872091
0.0869466
0.0866965
0.0864583
0.0862311
0.0860142
0.085806
0.0991336
0.0982401
0.0973981
0.0966042
0.0958549
0.0951474
0.0944787
0.0938465
0.0932483
0.092682
0.0921455
0.0916371
0.0911551
0.0906978
0.0902638
0.0898517
0.0894603
0.0890884
0.0887349
0.0883988
0.0880791
0.0877749
0.0874853
0.0872097
0.0869472
0.0866971
0.0864589
0.0862317
0.0860148
0.0858067
0.0991337
0.0982403
0.0973983
0.0966044
0.0958552
0.0951477
0.0944791
0.0938469
0.0932487
0.0926824
0.092146
0.0916376
0.0911556
0.0906983
0.0902643
0.0898523
0.0894609
0.089089
0.0887356
0.0883994
0.0880797
0.0877755
0.087486
0.0872104
0.0869479
0.0866978
0.0864596
0.0862324
0.0860156
0.0858074
0.0991337
0.0982403
0.0973984
0.0966046
0.0958554
0.095148
0.0944794
0.0938472
0.0932491
0.0926828
0.0921464
0.0916381
0.0911561
0.0906988
0.0902649
0.0898529
0.0894615
0.0890896
0.0887362
0.0884
0.0880803
0.0877762
0.0874866
0.087211
0.0869485
0.0866985
0.0864602
0.0862331
0.0860162
0.0858081
0.0614335
0.0591126
0.0577048
0.0579345
0.0611181
0.0698126
0.0887812
0.123681
0.159562
0.190762
0.213679
0.226854
0.231238
0.229346
0.224013
0.21741
0.210962
0.205429
0.201189
0.198407
0.196521
0.195095
0.193952
0.192951
0.191974
0.190956
0.189902
0.188899
0.188136
0.187922
0.188716
0.191193
0.1964
0.206094
0.223447
0.253502
0.303304
0.378675
0.469834
0.421771
0.0542732
0.0538151
0.0533363
0.0529171
0.0527147
0.0530643
0.0547012
0.0590019
0.0668208
0.0790598
0.0952348
0.113716
0.1328
0.150464
0.165018
0.175592
0.182307
0.185986
0.187684
0.188337
0.188004
0.186996
0.1857
0.184278
0.182781
0.181248
0.179749
0.17841
0.177437
0.177126
0.177882
0.180259
0.185043
0.193399
0.20714
0.229371
0.264076
0.312093
0.364253
0.372817
0.0626329
0.0621308
0.0615805
0.0609863
0.0603643
0.0597594
0.0592753
0.0591102
0.0595816
0.0611289
0.0642426
0.0694377
0.0770217
0.0868077
0.0984156
0.111031
0.123575
0.135006
0.144614
0.152153
0.157352
0.159997
0.161094
0.161259
0.160855
0.160124
0.159268
0.158495
0.158047
0.158216
0.159354
0.161893
0.166362
0.173446
0.183844
0.199411
0.221759
0.250226
0.279587
0.292767
0.0692343
0.0687471
0.0682085
0.0676132
0.0669568
0.0662398
0.0654756
0.0647052
0.0640089
0.0635128
0.0633867
0.0638464
0.0651638
0.067576
0.0713328
0.076593
0.0833343
0.0912841
0.0999243
0.108595
0.116143
0.121798
0.125639
0.128115
0.129622
0.130486
0.130986
0.131384
0.131943
0.132939
0.13467
0.137453
0.141608
0.147331
0.155195
0.165822
0.179578
0.195664
0.21143
0.221199
0.073917
0.0734589
0.0729531
0.0723943
0.0717765
0.0710935
0.0703416
0.0695242
0.0686595
0.0677846
0.0669584
0.0662615
0.0657988
0.0656904
0.0660796
0.0671301
0.0690032
0.0718182
0.0756011
0.0802432
0.0850479
0.089511
0.0932953
0.0963322
0.0986942
0.100523
0.101994
0.1033
0.104647
0.106248
0.108321
0.111072
0.114686
0.119196
0.125005
0.13218
0.140621
0.149761
0.158436
0.164858
0.0772689
0.0768485
0.076384
0.0758705
0.0753021
0.0746725
0.0739752
0.0732055
0.0723636
0.0714579
0.0705075
0.0695442
0.0686127
0.0677682
0.0670765
0.0666162
0.0664784
0.06676
0.0675492
0.068904
0.0706321
0.0725228
0.0744576
0.0762839
0.077933
0.0794029
0.08074
0.0820256
0.0833644
0.0848745
0.0866774
0.0888815
0.0915172
0.0948163
0.0988083
0.103422
0.108482
0.113656
0.118473
0.122412
0.0796952
0.0793109
0.0788863
0.078417
0.0778979
0.0773232
0.0766863
0.0759808
0.0752018
0.0743474
0.0734208
0.0724326
0.0714018
0.0703554
0.0693273
0.0683585
0.0674965
0.0667953
0.0663119
0.0661013
0.0661734
0.0664683
0.0669568
0.0675518
0.0681969
0.068866
0.0695604
0.0703041
0.0711381
0.072113
0.0732813
0.0746889
0.076371
0.0784279
0.0808306
0.0835003
0.0863092
0.0890869
0.0916511
0.0938542
0.081465
0.0811133
0.0807248
0.0802954
0.0798207
0.0792953
0.0787136
0.0780691
0.0773559
0.0765685
0.0757041
0.0747633
0.0737519
0.0726818
0.0715706
0.0704416
0.0693228
0.0682467
0.0672492
0.0663687
0.0656903
0.0652341
0.0649707
0.0648547
0.0648498
0.0649339
0.0650987
0.0653483
0.0656954
0.0661581
0.0667541
0.0674926
0.0684203
0.069537
0.0708133
0.0721951
0.0736104
0.0749801
0.0762357
0.0773367
0.0827549
0.0824315
0.0820744
0.0816798
0.0812438
0.0807617
0.0802282
0.0796377
0.0789842
0.0782614
0.0774643
0.0765891
0.0756349
0.0746048
0.0735067
0.0723528
0.0711603
0.0699499
0.0687462
0.0675769
0.066558
0.0657527
0.0651261
0.0646484
0.0642932
0.0640421
0.0638846
0.063817
0.0638402
0.0639577
0.0641726
0.0644884
0.0649155
0.065442
0.0660446
0.0666905
0.0673419
0.0679634
0.0685288
0.0690269
0.083687
0.0833876
0.0830571
0.0826922
0.0822891
0.0818437
0.0813514
0.0808071
0.0802051
0.0795395
0.0788044
0.0779945
0.0771057
0.0761364
0.0750879
0.0739655
0.0727784
0.0715397
0.0702663
0.0689792
0.0678062
0.0668347
0.0660305
0.065369
0.0648285
0.0643928
0.0640505
0.0637948
0.0636212
0.0635269
0.0635092
0.0635669
0.0636948
0.0638817
0.0641113
0.0643644
0.0646214
0.0648658
0.0650867
0.0652803
0.0843492
0.0840698
0.0837614
0.0834211
0.0830454
0.0826308
0.082173
0.0816673
0.0811088
0.0804918
0.0798106
0.0790593
0.0782328
0.0773267
0.0763388
0.0752696
0.0741227
0.0729053
0.0716283
0.0703069
0.0690731
0.0680263
0.0671366
0.0663818
0.065743
0.0652053
0.0647573
0.0643906
0.0640986
0.0638759
0.0637179
0.0636185
0.0635704
0.0635642
0.0635887
0.0636326
0.0636849
0.0637373
0.0637844
0.0638239
0.0848081
0.0845447
0.0842542
0.0839338
0.0835806
0.083191
0.0827613
0.0822874
0.0817646
0.081188
0.0805519
0.0798509
0.0790791
0.0782313
0.0773034
0.0762927
0.0751991
0.0740252
0.0727771
0.0714651
0.0702194
0.069147
0.0682216
0.0674226
0.0667335
0.0661405
0.0656326
0.0652009
0.064838
0.0645376
0.0642939
0.0640993
0.0639472
0.06383
0.0637399
0.0636694
0.0636121
0.063563
0.0635187
0.0634769
0.085116
0.0848651
0.0845885
0.0842838
0.0839481
0.0835784
0.0831711
0.0827226
0.0822285
0.0816844
0.0810852
0.0804255
0.0796998
0.0789026
0.0780286
0.0770737
0.0760351
0.0749124
0.0737077
0.0724276
0.0711981
0.0701269
0.0691938
0.0683786
0.0676671
0.0670466
0.0665066
0.0660381
0.0656338
0.0652877
0.0649919
0.0647403
0.0645268
0.0643455
0.0641904
0.0640563
0.0639388
0.0638342
0.0637399
0.0636535
0.0853147
0.085073
0.0848068
0.0845139
0.0841916
0.0838369
0.0834469
0.0830179
0.0825461
0.0820274
0.0814573
0.0808307
0.0801423
0.0793868
0.0785587
0.0776529
0.0766654
0.0755934
0.0744363
0.0731975
0.0719977
0.0709435
0.0700182
0.0692037
0.0684868
0.067856
0.0673013
0.0668141
0.0663874
0.0660148
0.065689
0.0654044
0.0651558
0.064938
0.0647464
0.0645769
0.064426
0.0642908
0.064169
0.0640578
0.0854373
0.0852021
0.0849434
0.0846589
0.0843462
0.0840025
0.083625
0.0832104
0.0827553
0.0822558
0.0817077
0.0811064
0.0804472
0.0797248
0.0789338
0.0780691
0.0771257
0.0760996
0.0749882
0.0737925
0.0726277
0.071598
0.0706892
0.0698849
0.0691728
0.0685422
0.0679838
0.0674895
0.0670529
0.0666666
0.0663249
0.0660225
0.0657548
0.0655172
0.0653059
0.0651173
0.0649485
0.0647968
0.0646599
0.0645352
0.0855093
0.0852785
0.0850247
0.084746
0.0844398
0.0841037
0.0837349
0.0833305
0.0828871
0.0824013
0.0818692
0.0812866
0.080649
0.0799517
0.0791895
0.0783573
0.07745
0.0764627
0.0753919
0.0742366
0.073107
0.0721042
0.0712155
0.0704263
0.0697245
0.0691003
0.0685449
0.068051
0.0676116
0.0672203
0.0668719
0.0665614
0.0662846
0.0660375
0.0658164
0.0656184
0.0654405
0.0652806
0.0651361
0.0650046
0.0855495
0.0853214
0.0850708
0.0847956
0.0844937
0.0841625
0.0837994
0.0834016
0.0829661
0.0824895
0.0819684
0.0813988
0.0807766
0.0800974
0.0793564
0.0785487
0.0776693
0.0767132
0.0756759
0.0745557
0.0734582
0.0724814
0.0716134
0.0708408
0.0701519
0.0695373
0.0689888
0.0684992
0.0680617
0.0676708
0.0673212
0.0670086
0.0667289
0.0664782
0.0662534
0.0660516
0.0658701
0.0657067
0.065559
0.0654245
0.0855708
0.0853443
0.0850955
0.0848225
0.084523
0.0841948
0.0838352
0.0834415
0.0830109
0.0825402
0.0820261
0.081465
0.080853
0.0801861
0.0794599
0.0786697
0.0778108
0.0768782
0.0758672
0.0747755
0.0737053
0.0727516
0.0719026
0.0711459
0.0704702
0.0698664
0.0693263
0.0688429
0.0684102
0.0680226
0.0676753
0.067364
0.0670848
0.0668342
0.0666091
0.0664067
0.0662246
0.0660605
0.0659122
0.065777
0.0855815
0.0853559
0.0851081
0.0848362
0.0845382
0.0842115
0.0838539
0.0834625
0.0830347
0.0825675
0.0820575
0.0815016
0.080896
0.0802369
0.0795203
0.0787419
0.077897
0.0769812
0.0759896
0.0749198
0.0738712
0.0729365
0.072104
0.0713612
0.0706976
0.070104
0.0695724
0.0690962
0.0686692
0.0682864
0.0679429
0.0676347
0.0673579
0.0671092
0.0668856
0.0666844
0.0665033
0.0663399
0.0661923
0.0660577
0.0855867
0.0853615
0.0851142
0.0848429
0.0845455
0.0842197
0.083863
0.0834729
0.0830465
0.0825811
0.0820734
0.0815203
0.0809183
0.0802638
0.079553
0.0787818
0.077946
0.0770413
0.0760631
0.0750089
0.0739765
0.0730565
0.0722372
0.071506
0.0708526
0.0702679
0.0697442
0.0692747
0.0688536
0.0684758
0.0681366
0.067832
0.0675584
0.0673123
0.067091
0.0668918
0.0667123
0.0665504
0.0664041
0.0662707
0.0855892
0.0853641
0.0851171
0.084846
0.0845489
0.0842235
0.0838672
0.0834776
0.0830519
0.0825872
0.0820806
0.0815289
0.0809286
0.0802765
0.0795687
0.0788016
0.0779712
0.0770733
0.0761036
0.07506
0.0740388
0.0731295
0.07232
0.0715978
0.0709525
0.0703751
0.0698579
0.0693943
0.0689785
0.0686053
0.0682702
0.0679692
0.0676986
0.0674553
0.0672364
0.0670392
0.0668616
0.0667014
0.0665565
0.0664244
0.0855905
0.0853655
0.0851184
0.0848475
0.0845505
0.0842251
0.083869
0.0834795
0.083054
0.0825896
0.0820833
0.081532
0.0809325
0.0802813
0.0795749
0.0788098
0.0779821
0.0770879
0.0761232
0.075086
0.0740721
0.07317
0.0723674
0.0716517
0.0710124
0.0704406
0.0699286
0.0694697
0.0690582
0.0686888
0.0683572
0.0680592
0.0677914
0.0675506
0.0673338
0.0671386
0.0669626
0.066804
0.0666605
0.0665296
0.0855912
0.0853662
0.0851192
0.0848482
0.0845512
0.0842258
0.0838696
0.0834802
0.0830546
0.0825902
0.0820839
0.0815326
0.0809332
0.0802821
0.0795761
0.0788116
0.077985
0.0770924
0.0761303
0.0750965
0.074087
0.0731893
0.0723911
0.0716798
0.0710448
0.070477
0.0699688
0.0695135
0.0691052
0.0687388
0.0684099
0.0681144
0.0678488
0.0676099
0.0673948
0.0672012
0.0670267
0.0668693
0.0667269
0.0665971
0.0855917
0.0853666
0.0851196
0.0848486
0.0845516
0.0842261
0.0838699
0.0834803
0.0830547
0.0825901
0.0820836
0.0815321
0.0809324
0.0802812
0.079575
0.0788104
0.0779839
0.0770917
0.0761304
0.0750982
0.0740908
0.0731957
0.0724001
0.0716915
0.0710592
0.0704942
0.0699886
0.0695357
0.0691298
0.0687656
0.0684387
0.068145
0.067881
0.0676436
0.0674299
0.0672374
0.0670639
0.0669075
0.066766
0.0666369
0.0855921
0.085367
0.08512
0.0848489
0.0845518
0.0842263
0.08387
0.0834803
0.0830545
0.0825897
0.082083
0.0815312
0.0809312
0.0802795
0.0795729
0.0788079
0.0779809
0.0770885
0.0761271
0.0750953
0.0740887
0.0731946
0.0724005
0.0716934
0.0710628
0.0704994
0.0699955
0.0695443
0.06914
0.0687773
0.0684517
0.0681593
0.0678964
0.06766
0.0674472
0.0672556
0.0670829
0.0669271
0.0667862
0.0666577
0.0855925
0.0853674
0.0851203
0.0848492
0.084552
0.0842265
0.08387
0.0834802
0.0830543
0.0825893
0.0820823
0.0815302
0.0809298
0.0802777
0.0795706
0.0788049
0.0779774
0.0770843
0.0761224
0.0750902
0.0740836
0.0731899
0.0723963
0.07169
0.0710603
0.0704979
0.069995
0.0695449
0.0691415
0.0687798
0.0684551
0.0681635
0.0679013
0.0676656
0.0674534
0.0672622
0.06709
0.0669346
0.0667942
0.066666
0.0855928
0.0853677
0.0851206
0.0848495
0.0845522
0.0842266
0.0838701
0.0834802
0.0830541
0.0825889
0.0820817
0.0815293
0.0809285
0.080276
0.0795683
0.0788021
0.0779738
0.07708
0.0761174
0.0750845
0.0740775
0.0731836
0.0723901
0.071684
0.0710547
0.0704929
0.0699906
0.069541
0.0691383
0.0687771
0.068453
0.0681618
0.0679001
0.0676648
0.0674529
0.0672621
0.0670902
0.0669351
0.0667948
0.0666669
0.0855931
0.085368
0.0851208
0.0848497
0.0845524
0.0842267
0.0838701
0.0834801
0.0830539
0.0825886
0.0820811
0.0815285
0.0809273
0.0802744
0.0795662
0.0787994
0.0779704
0.0770759
0.0761124
0.0750788
0.0740712
0.0731769
0.0723832
0.0716772
0.071048
0.0704863
0.0699844
0.0695351
0.0691327
0.0687719
0.0684481
0.0681572
0.0678958
0.0676606
0.067449
0.0672583
0.0670865
0.0669316
0.0667914
0.0666636
0.0855934
0.0853682
0.0851211
0.0848499
0.0845526
0.0842268
0.0838702
0.08348
0.0830537
0.0825882
0.0820806
0.0815277
0.0809263
0.0802729
0.0795643
0.0787969
0.0779673
0.0770721
0.0761078
0.0750734
0.0740651
0.0731704
0.0723764
0.0716702
0.071041
0.0704795
0.0699776
0.0695286
0.0691263
0.0687657
0.068442
0.0681513
0.06789
0.067655
0.0674434
0.0672529
0.0670811
0.0669262
0.0667861
0.0666583
0.0855936
0.0853685
0.0851213
0.0848501
0.0845527
0.0842269
0.0838702
0.08348
0.0830535
0.0825879
0.0820801
0.081527
0.0809253
0.0802716
0.0795626
0.0787947
0.0779645
0.0770686
0.0761036
0.0750684
0.0740595
0.0731643
0.0723699
0.0716636
0.0710343
0.0704728
0.069971
0.069522
0.0691199
0.0687593
0.0684357
0.0681451
0.0678839
0.0676489
0.0674373
0.0672468
0.0670751
0.0669202
0.0667801
0.0666524
0.0855938
0.0853687
0.0851214
0.0848502
0.0845528
0.0842269
0.0838702
0.0834799
0.0830533
0.0825876
0.0820797
0.0815264
0.0809244
0.0802704
0.079561
0.0787927
0.0779619
0.0770654
0.0760998
0.0750639
0.0740543
0.0731587
0.072364
0.0716575
0.0710281
0.0704665
0.0699647
0.0695158
0.0691137
0.0687532
0.0684296
0.068139
0.0678778
0.0676428
0.0674313
0.0672408
0.0670691
0.0669142
0.0667741
0.0666463
0.085594
0.0853688
0.0851216
0.0848503
0.0845529
0.084227
0.0838701
0.0834798
0.0830531
0.0825873
0.0820792
0.0815257
0.0809235
0.0802693
0.0795595
0.0787908
0.0779596
0.0770625
0.0760963
0.0750598
0.0740496
0.0731535
0.0723586
0.0716519
0.0710224
0.0704607
0.0699589
0.06951
0.0691079
0.0687474
0.0684239
0.0681333
0.0678721
0.0676371
0.0674255
0.067235
0.0670633
0.0669083
0.0667682
0.0666405
0.0855942
0.0853689
0.0851217
0.0848504
0.0845529
0.084227
0.0838701
0.0834797
0.0830529
0.082587
0.0820788
0.0815251
0.0809227
0.0802682
0.0795581
0.078789
0.0779574
0.0770598
0.076093
0.075056
0.0740453
0.0731488
0.0723536
0.0716467
0.0710171
0.0704554
0.0699536
0.0695046
0.0691025
0.068742
0.0684185
0.0681279
0.0678667
0.0676316
0.0674201
0.0672296
0.0670578
0.0669029
0.0667627
0.0666349
0.0855943
0.085369
0.0851217
0.0848504
0.0845529
0.0842269
0.08387
0.0834795
0.0830527
0.0825867
0.0820783
0.0815245
0.0809219
0.0802672
0.0795568
0.0787874
0.0779554
0.0770574
0.0760901
0.0750525
0.0740414
0.0731445
0.0723491
0.071642
0.0710122
0.0704505
0.0699486
0.0694996
0.0690975
0.068737
0.0684135
0.0681228
0.0678616
0.0676266
0.067415
0.0672244
0.0670527
0.0668977
0.0667576
0.0666297
0.0855943
0.0853691
0.0851218
0.0848504
0.0845529
0.0842269
0.0838699
0.0834793
0.0830525
0.0825863
0.0820779
0.0815239
0.0809212
0.0802662
0.0795556
0.0787859
0.0779535
0.077055
0.0760873
0.0750492
0.0740377
0.0731405
0.0723448
0.0716376
0.0710077
0.0704459
0.0699439
0.069495
0.0690928
0.0687323
0.0684087
0.0681181
0.0678568
0.0676218
0.0674102
0.0672196
0.0670478
0.0668928
0.0667527
0.0666248
0.0855944
0.0853691
0.0851218
0.0848504
0.0845529
0.0842268
0.0838698
0.0834792
0.0830522
0.082586
0.0820774
0.0815233
0.0809204
0.0802653
0.0795544
0.0787844
0.0779517
0.0770529
0.0760847
0.0750462
0.0740343
0.0731368
0.0723409
0.0716335
0.0710035
0.0704416
0.0699396
0.0694906
0.0690884
0.0687278
0.0684042
0.0681136
0.0678523
0.0676172
0.0674056
0.067215
0.0670432
0.0668882
0.066748
0.0666201
0.0855944
0.0853691
0.0851218
0.0848504
0.0845528
0.0842267
0.0838696
0.083479
0.0830519
0.0825856
0.082077
0.0815228
0.0809197
0.0802644
0.0795533
0.078783
0.07795
0.0770509
0.0760823
0.0750434
0.0740311
0.0731334
0.0723372
0.0716296
0.0709996
0.0704375
0.0699355
0.0694864
0.0690842
0.0687236
0.0684
0.0681093
0.067848
0.0676129
0.0674012
0.0672106
0.0670388
0.0668837
0.0667435
0.0666156
0.0855944
0.0853691
0.0851218
0.0848503
0.0845527
0.0842266
0.0838695
0.0834787
0.0830517
0.0825853
0.0820765
0.0815222
0.080919
0.0802635
0.0795522
0.0787817
0.0779484
0.077049
0.0760801
0.0750408
0.0740282
0.0731302
0.0723338
0.071626
0.0709958
0.0704337
0.0699316
0.0694825
0.0690802
0.0687196
0.0683959
0.0681052
0.0678438
0.0676087
0.067397
0.0672064
0.0670345
0.0668794
0.0667392
0.0666113
0.0855945
0.0853691
0.0851217
0.0848503
0.0845526
0.0842265
0.0838693
0.0834785
0.0830514
0.0825849
0.0820761
0.0815217
0.0809183
0.0802627
0.0795512
0.0787805
0.0779469
0.0770472
0.076078
0.0750384
0.0740254
0.0731271
0.0723306
0.0716226
0.0709923
0.0704301
0.0699279
0.0694787
0.0690764
0.0687157
0.068392
0.0681012
0.0678398
0.0676047
0.067393
0.0672023
0.0670304
0.0668753
0.0667351
0.0666072
0.0855945
0.0853691
0.0851217
0.0848502
0.0845525
0.0842263
0.0838691
0.0834783
0.0830511
0.0825846
0.0820757
0.0815211
0.0809177
0.0802619
0.0795503
0.0787793
0.0779455
0.0770455
0.076076
0.0750361
0.0740228
0.0731243
0.0723275
0.0716195
0.070989
0.0704267
0.0699244
0.0694751
0.0690728
0.068712
0.0683882
0.0680974
0.067836
0.0676008
0.0673891
0.0671983
0.0670264
0.0668713
0.0667311
0.0666031
0.0855945
0.0853691
0.0851217
0.0848502
0.0845524
0.0842262
0.083869
0.0834781
0.0830508
0.0825843
0.0820752
0.0815206
0.080917
0.0802611
0.0795493
0.0787782
0.0779442
0.0770439
0.0760742
0.0750339
0.0740204
0.0731216
0.0723247
0.0716164
0.0709859
0.0704234
0.0699211
0.0694717
0.0690693
0.0687085
0.0683846
0.0680938
0.0678323
0.0675971
0.0673853
0.0671945
0.0670226
0.0668675
0.0667272
0.0665992
0.0855945
0.0853691
0.0851216
0.0848501
0.0845524
0.0842261
0.0838688
0.0834779
0.0830506
0.0825839
0.0820749
0.0815201
0.0809165
0.0802604
0.0795485
0.0787772
0.077943
0.0770425
0.0760724
0.0750319
0.0740182
0.0731192
0.072322
0.0716136
0.0709829
0.0704204
0.0699179
0.0694684
0.0690659
0.0687051
0.0683812
0.0680903
0.0678287
0.0675935
0.0673816
0.0671909
0.0670189
0.0668637
0.0667234
0.0665955
0.0855945
0.0853691
0.0851216
0.0848501
0.0845523
0.084226
0.0838687
0.0834777
0.0830504
0.0825837
0.0820745
0.0815197
0.0809159
0.0802598
0.0795477
0.0787762
0.0779418
0.0770411
0.0760709
0.0750301
0.074016
0.0731168
0.0723195
0.0716109
0.0709801
0.0704174
0.0699149
0.0694653
0.0690627
0.0687018
0.0683779
0.0680869
0.0678253
0.06759
0.0673781
0.0671873
0.0670153
0.0668601
0.0667198
0.0665918
0.0855945
0.0853691
0.0851216
0.08485
0.0845523
0.0842259
0.0838686
0.0834776
0.0830502
0.0825834
0.0820742
0.0815193
0.0809154
0.0802592
0.079547
0.0787754
0.0779408
0.0770399
0.0760694
0.0750284
0.0740141
0.0731147
0.0723171
0.0716084
0.0709775
0.0704147
0.069912
0.0694624
0.0690597
0.0686987
0.0683747
0.0680837
0.0678221
0.0675867
0.0673748
0.0671839
0.0670119
0.0668567
0.0667163
0.0665883
0.0855946
0.0853691
0.0851216
0.0848501
0.0845522
0.0842259
0.0838685
0.0834775
0.08305
0.0825832
0.0820739
0.081519
0.080915
0.0802586
0.0795463
0.0787746
0.0779398
0.0770387
0.076068
0.0750268
0.0740123
0.0731127
0.072315
0.0716061
0.070975
0.0704121
0.0699093
0.0694596
0.0690569
0.0686958
0.0683717
0.0680806
0.0678189
0.0675835
0.0673716
0.0671807
0.0670086
0.0668534
0.066713
0.0665849
0.0855946
0.0853692
0.0851217
0.0848501
0.0845522
0.0842259
0.0838685
0.0834774
0.0830499
0.082583
0.0820737
0.0815187
0.0809146
0.0802582
0.0795457
0.0787739
0.077939
0.0770377
0.0760668
0.0750254
0.0740106
0.0731108
0.072313
0.071604
0.0709727
0.0704097
0.0699068
0.069457
0.0690542
0.068693
0.0683689
0.0680777
0.067816
0.0675805
0.0673685
0.0671776
0.0670055
0.0668502
0.0667098
0.0665817
0.0855947
0.0853693
0.0851218
0.0848501
0.0845523
0.0842259
0.0838684
0.0834774
0.0830498
0.0825829
0.0820735
0.0815184
0.0809143
0.0802578
0.0795452
0.0787732
0.0779382
0.0770368
0.0760657
0.0750241
0.0740092
0.0731092
0.0723111
0.071602
0.0709706
0.0704075
0.0699045
0.0694546
0.0690517
0.0686904
0.0683662
0.068075
0.0678132
0.0675777
0.0673657
0.0671747
0.0670025
0.0668472
0.0667068
0.0665787
0.0855949
0.0853694
0.0851219
0.0848502
0.0845524
0.0842259
0.0838685
0.0834774
0.0830498
0.0825828
0.0820734
0.0815183
0.0809141
0.0802574
0.0795448
0.0787727
0.0779376
0.077036
0.0760648
0.0750229
0.0740078
0.0731076
0.0723095
0.0716002
0.0709687
0.0704054
0.0699023
0.0694523
0.0690493
0.068688
0.0683637
0.0680725
0.0678106
0.067575
0.067363
0.0671719
0.0669998
0.0668444
0.066704
0.0665758
0.0855951
0.0853696
0.085122
0.0848504
0.0845525
0.084226
0.0838686
0.0834774
0.0830498
0.0825828
0.0820733
0.0815182
0.0809139
0.0802572
0.0795445
0.0787723
0.0779371
0.0770353
0.0760639
0.0750219
0.0740066
0.0731063
0.072308
0.0715985
0.0709669
0.0704036
0.0699004
0.0694503
0.0690472
0.0686858
0.0683615
0.0680701
0.0678082
0.0675726
0.0673605
0.0671694
0.0669972
0.0668418
0.0667013
0.0665731
0.0855953
0.0853698
0.0851222
0.0848506
0.0845527
0.0842262
0.0838687
0.0834775
0.0830499
0.0825829
0.0820733
0.0815181
0.0809138
0.080257
0.0795443
0.078772
0.0779366
0.0770348
0.0760633
0.0750211
0.0740056
0.0731051
0.0723067
0.0715971
0.0709654
0.0704019
0.0698986
0.0694484
0.0690453
0.0686838
0.0683594
0.068068
0.067806
0.0675703
0.0673582
0.0671671
0.0669948
0.0668394
0.0666989
0.0665707
0.0855955
0.08537
0.0851225
0.0848508
0.0845529
0.0842264
0.0838689
0.0834777
0.08305
0.082583
0.0820734
0.0815182
0.0809138
0.080257
0.0795441
0.0787718
0.0779363
0.0770344
0.0760627
0.0750204
0.0740048
0.0731041
0.0723055
0.0715959
0.070964
0.0704005
0.0698971
0.0694468
0.0690435
0.068682
0.0683575
0.0680661
0.067804
0.0675683
0.0673561
0.0671649
0.0669926
0.0668372
0.0666966
0.0665684
0.0855958
0.0853703
0.0851227
0.0848511
0.0845531
0.0842266
0.0838691
0.0834779
0.0830502
0.0825832
0.0820736
0.0815183
0.0809139
0.080257
0.0795441
0.0787716
0.0779361
0.0770341
0.0760623
0.0750198
0.0740041
0.0731033
0.0723046
0.0715948
0.0709629
0.0703992
0.0698957
0.0694454
0.0690421
0.0686804
0.0683559
0.0680644
0.0678023
0.0675665
0.0673543
0.0671631
0.0669907
0.0668353
0.0666947
0.0665664
0.0855962
0.0853707
0.0851231
0.0848514
0.0845535
0.084227
0.0838694
0.0834782
0.0830505
0.0825834
0.0820738
0.0815185
0.0809141
0.0802571
0.0795442
0.0787717
0.0779361
0.0770339
0.076062
0.0750195
0.0740036
0.0731027
0.0723039
0.071594
0.0709619
0.0703982
0.0698946
0.0694442
0.0690408
0.0686791
0.0683545
0.0680629
0.0678008
0.067565
0.0673527
0.0671614
0.0669891
0.0668336
0.066693
0.0665647
0.0855966
0.0853711
0.0851235
0.0848518
0.0845538
0.0842273
0.0838698
0.0834785
0.0830508
0.0825837
0.0820741
0.0815187
0.0809143
0.0802573
0.0795443
0.0787718
0.0779361
0.0770339
0.076062
0.0750193
0.0740033
0.0731023
0.0723034
0.0715934
0.0709612
0.0703974
0.0698938
0.0694433
0.0690398
0.0686781
0.0683534
0.0680618
0.0677996
0.0675637
0.0673514
0.0671601
0.0669877
0.0668322
0.0666915
0.0665632
0.085597
0.0853715
0.0851239
0.0848522
0.0845543
0.0842278
0.0838702
0.083479
0.0830513
0.0825841
0.0820745
0.0815191
0.0809147
0.0802577
0.0795446
0.078772
0.0779363
0.0770341
0.076062
0.0750193
0.0740032
0.0731021
0.0723031
0.071593
0.0709608
0.0703969
0.0698932
0.0694426
0.0690391
0.0686773
0.0683526
0.0680609
0.0677987
0.0675628
0.0673504
0.0671591
0.0669867
0.0668311
0.0666904
0.0665621
0.0855975
0.085372
0.0851244
0.0848527
0.0845548
0.0842283
0.0838707
0.0834795
0.0830518
0.0825846
0.082075
0.0815196
0.0809151
0.0802581
0.079545
0.0787724
0.0779367
0.0770344
0.0760623
0.0750194
0.0740033
0.0731022
0.0723031
0.0715929
0.0709606
0.0703967
0.0698929
0.0694423
0.0690387
0.0686768
0.0683521
0.0680604
0.0677981
0.0675621
0.0673497
0.0671584
0.0669859
0.0668304
0.0666896
0.0665613
0.0855981
0.0853726
0.085125
0.0848533
0.0845554
0.0842289
0.0838713
0.0834801
0.0830523
0.0825852
0.0820756
0.0815202
0.0809157
0.0802587
0.0795456
0.0787729
0.0779372
0.0770348
0.0760627
0.0750198
0.0740036
0.0731024
0.0723033
0.0715931
0.0709607
0.0703967
0.0698929
0.0694422
0.0690386
0.0686767
0.0683519
0.0680602
0.0677979
0.0675619
0.0673494
0.0671581
0.0669856
0.06683
0.0666893
0.0665609
0.0855987
0.0853732
0.0851256
0.084854
0.084556
0.0842295
0.083872
0.0834807
0.083053
0.0825859
0.0820763
0.0815209
0.0809164
0.0802594
0.0795463
0.0787736
0.0779378
0.0770355
0.0760633
0.0750204
0.0740042
0.0731029
0.0723037
0.0715935
0.0709611
0.0703971
0.0698932
0.0694425
0.0690388
0.0686769
0.0683521
0.0680603
0.067798
0.067562
0.0673495
0.0671581
0.0669856
0.06683
0.0666892
0.0665609
0.0855995
0.085374
0.0851264
0.0848547
0.0845568
0.0842303
0.0838727
0.0834815
0.0830538
0.0825867
0.082077
0.0815217
0.0809172
0.0802602
0.0795471
0.0787744
0.0779386
0.0770363
0.0760641
0.0750211
0.0740049
0.0731036
0.0723044
0.0715941
0.0709617
0.0703976
0.0698937
0.069443
0.0690393
0.0686774
0.0683525
0.0680607
0.0677983
0.0675623
0.0673498
0.0671584
0.0669859
0.0668303
0.0666895
0.0665611
0.0856001
0.0853746
0.0851271
0.0848554
0.0845575
0.084231
0.0838734
0.0834822
0.0830545
0.0825874
0.0820777
0.0815223
0.0809179
0.0802608
0.0795478
0.0787751
0.0779393
0.0770369
0.0760647
0.0750217
0.0740055
0.0731042
0.0723049
0.0715946
0.0709622
0.0703981
0.0698942
0.0694434
0.0690397
0.0686778
0.0683529
0.0680611
0.0677987
0.0675627
0.0673502
0.0671588
0.0669862
0.0668306
0.0666898
0.0665614
0.359517
0.301634
0.253725
0.215669
0.185953
0.162926
0.145292
0.131846
0.121416
0.113164
0.106496
0.100994
0.096362
0.0923866
0.088916
0.0858378
0.0830684
0.0805462
0.0782251
0.0760706
0.0740568
0.0721637
0.0703762
0.0686828
0.0670744
0.0655435
0.0640838
0.0626883
0.0613533
0.0600535
0.34719
0.322872
0.302852
0.285083
0.269583
0.255976
0.243563
0.231957
0.2211
0.210962
0.201511
0.192699
0.18448
0.176795
0.169602
0.162846
0.156482
0.150472
0.144787
0.139399
0.134285
0.129426
0.124805
0.120407
0.116219
0.112229
0.108427
0.104798
0.101361
0.0980409
0.287845
0.280023
0.271361
0.262257
0.253333
0.244819
0.236739
0.229075
0.221769
0.214746
0.20794
0.201341
0.194938
0.188726
0.182696
0.176844
0.171163
0.165654
0.160317
0.155146
0.150139
0.145294
0.140606
0.136076
0.131699
0.127472
0.123393
0.119455
0.115691
0.112072
0.223713
0.223353
0.22166
0.219068
0.215935
0.212467
0.208765
0.204898
0.200921
0.196878
0.192799
0.188665
0.184478
0.180264
0.17604
0.171822
0.167619
0.163441
0.159297
0.155191
0.151129
0.147121
0.143169
0.139277
0.135451
0.131695
0.128015
0.124414
0.120926
0.117565
0.168662
0.170936
0.172219
0.172733
0.17267
0.172172
0.171324
0.170188
0.168811
0.167229
0.165476
0.163589
0.161582
0.159432
0.157151
0.154757
0.152266
0.149692
0.147049
0.144346
0.141596
0.138809
0.135992
0.133153
0.130301
0.127442
0.124588
0.121744
0.118944
0.116218
0.125494
0.127964
0.129948
0.131512
0.132723
0.133637
0.134292
0.134712
0.134917
0.134924
0.134748
0.134404
0.133908
0.13329
0.132548
0.131664
0.130645
0.129501
0.128243
0.12688
0.125421
0.123875
0.12225
0.120553
0.118792
0.116974
0.115108
0.113201
0.111283
0.109376
0.0957922
0.0975396
0.0991138
0.100525
0.101786
0.102914
0.103918
0.104805
0.105578
0.106241
0.106794
0.107238
0.107575
0.10781
0.107945
0.107995
0.107954
0.107811
0.107561
0.107208
0.106755
0.106206
0.105565
0.104838
0.104028
0.103142
0.102184
0.101159
0.100088
0.0989862
0.0783534
0.0793199
0.080238
0.0811095
0.0819381
0.0827284
0.0834838
0.0842057
0.0848939
0.0855468
0.0861617
0.0867356
0.087265
0.0877469
0.0881787
0.0885596
0.0888881
0.0891667
0.089394
0.0895623
0.0896618
0.0896912
0.0896503
0.089539
0.0893578
0.089108
0.0887916
0.0884104
0.0879735
0.0874875
0.0694935
0.0699443
0.0703805
0.0708037
0.0712167
0.0716228
0.0720249
0.0724246
0.0728228
0.0732193
0.0736129
0.0740019
0.0743838
0.0747559
0.0751152
0.0754588
0.075784
0.0760886
0.0763703
0.0766264
0.0768578
0.0770589
0.0772248
0.0773497
0.0774318
0.0774695
0.0774621
0.0774082
0.0773098
0.0771676
0.0654604
0.0656325
0.0657969
0.0659545
0.0661074
0.066258
0.0664087
0.0665616
0.0667184
0.06688
0.0670468
0.0672185
0.0673944
0.0675735
0.0677543
0.067935
0.0681138
0.0682889
0.0684582
0.0686199
0.0687723
0.0689133
0.0690405
0.0691531
0.0692475
0.0693208
0.0693703
0.0693934
0.0693884
0.0693552
0.0638575
0.0638851
0.0639064
0.0639217
0.063932
0.0639387
0.0639434
0.0639479
0.0639536
0.0639617
0.063973
0.0639881
0.0640072
0.0640303
0.0640569
0.0640865
0.0641182
0.0641512
0.0641842
0.0642162
0.064246
0.0642722
0.0642935
0.0643085
0.0643159
0.0643139
0.0643007
0.0642747
0.0642336
0.0641797
0.0634329
0.0633836
0.0633285
0.0632674
0.0632006
0.0631288
0.0630527
0.0629736
0.0628923
0.0628098
0.0627271
0.0626447
0.0625632
0.0624828
0.0624037
0.0623258
0.0622491
0.062173
0.0620973
0.0620214
0.0619446
0.0618661
0.0617853
0.0617012
0.061613
0.0615197
0.0614202
0.0613133
0.0611975
0.0610791
0.0635669
0.0634752
0.0633779
0.0632745
0.0631651
0.0630497
0.0629289
0.062803
0.0626726
0.0625386
0.0624011
0.0622609
0.0621185
0.0619741
0.061828
0.0616805
0.0615316
0.0613813
0.0612296
0.0610762
0.0609209
0.0607634
0.0606032
0.06044
0.0602731
0.060102
0.059926
0.0597444
0.0595566
0.0593731
0.0639473
0.063832
0.0637109
0.0635839
0.0634506
0.0633111
0.0631653
0.0630134
0.0628556
0.0626923
0.0625238
0.0623508
0.0621727
0.06199
0.0618033
0.0616126
0.0614182
0.0612201
0.0610184
0.060813
0.060604
0.0603912
0.0601744
0.0599534
0.059728
0.0594978
0.0592625
0.0590217
0.0587755
0.0585386
0.0644117
0.0642834
0.0641494
0.0640093
0.063863
0.0637103
0.063551
0.0633851
0.0632125
0.0630335
0.0628479
0.0626561
0.062458
0.062254
0.0620439
0.0618279
0.0616062
0.0613789
0.0611461
0.0609077
0.0606638
0.0604144
0.0601594
0.0598987
0.0596324
0.0593601
0.0590817
0.058797
0.058507
0.0582298
0.0648744
0.0647395
0.0645988
0.0644522
0.0642993
0.0641399
0.0639739
0.0638011
0.0636213
0.0634344
0.0632404
0.0630393
0.062831
0.0626156
0.0623929
0.0621633
0.0619265
0.0616827
0.0614318
0.0611738
0.0609088
0.0606367
0.0603575
0.0600712
0.0597778
0.0594772
0.0591693
0.0588541
0.0585329
0.0582269
0.0652915
0.0651538
0.0650103
0.0648609
0.0647054
0.0645434
0.0643747
0.0641992
0.0640166
0.0638268
0.0636295
0.0634247
0.0632122
0.062992
0.0627639
0.0625278
0.0622838
0.0620317
0.0617716
0.0615032
0.0612267
0.0609419
0.0606488
0.0603474
0.0600376
0.0597193
0.0593927
0.0590576
0.0587159
0.0583907
0.0656434
0.065505
0.0653611
0.0652113
0.0650553
0.0648931
0.0647242
0.0645485
0.0643657
0.0641757
0.0639781
0.0637729
0.0635597
0.0633386
0.0631092
0.0628714
0.0626251
0.0623702
0.0621065
0.0618339
0.0615524
0.0612617
0.0609619
0.0606528
0.0603344
0.0600066
0.0596693
0.0593226
0.0589686
0.058632
0.0659247
0.065787
0.0656438
0.0654948
0.0653398
0.0651785
0.0650107
0.0648362
0.0646547
0.064466
0.0642698
0.0640659
0.0638541
0.0636342
0.0634059
0.063169
0.0629234
0.0626689
0.0624052
0.0621322
0.0618498
0.0615577
0.0612559
0.0609443
0.0606226
0.0602908
0.0599488
0.0595967
0.0592366
0.0588943
0.0661388
0.0660024
0.0658605
0.0657129
0.0655594
0.0653997
0.0652336
0.0650609
0.0648814
0.0646947
0.0645006
0.064299
0.0640894
0.0638718
0.0636458
0.0634112
0.0631678
0.0629153
0.0626536
0.0623824
0.0621015
0.0618107
0.0615099
0.0611988
0.0608773
0.0605453
0.0602026
0.0598492
0.0594873
0.0591433
0.0662939
0.0661589
0.0660184
0.0658724
0.0657205
0.0655626
0.0653984
0.0652277
0.0650502
0.0648657
0.064674
0.0644748
0.0642678
0.0640528
0.0638295
0.0635977
0.0633571
0.0631074
0.0628485
0.0625801
0.062302
0.0620139
0.0617156
0.0614068
0.0610875
0.0607574
0.0604163
0.0600642
0.0597034
0.0593604
0.0664003
0.0662666
0.0661275
0.0659829
0.0658325
0.0656762
0.0655138
0.0653449
0.0651693
0.0649869
0.0647974
0.0646004
0.0643959
0.0641834
0.0639628
0.0637337
0.063496
0.0632493
0.0629934
0.0627281
0.062453
0.062168
0.0618729
0.0615672
0.0612509
0.0609238
0.0605855
0.0602362
0.059878
0.0595375
0.0664688
0.0663362
0.0661982
0.0660548
0.0659058
0.0657508
0.0655898
0.0654224
0.0652485
0.0650678
0.0648801
0.0646851
0.0644826
0.0642723
0.064054
0.0638274
0.0635922
0.0633482
0.0630951
0.0628326
0.0625606
0.0622786
0.0619866
0.0616841
0.061371
0.0610471
0.0607121
0.060366
0.060011
0.0596736
0.0665095
0.0663776
0.0662406
0.0660981
0.06595
0.0657961
0.0656361
0.0654699
0.0652973
0.0651179
0.0649316
0.0647382
0.0645373
0.0643288
0.0641123
0.0638877
0.0636546
0.0634127
0.063162
0.0629019
0.0626324
0.0623531
0.0620638
0.0617642
0.0614541
0.0611332
0.0608013
0.0604584
0.0601066
0.0597723
0.0665308
0.0663995
0.0662631
0.0661212
0.0659738
0.0658206
0.0656615
0.0654961
0.0653243
0.0651459
0.0649607
0.0647683
0.0645686
0.0643613
0.0641462
0.0639231
0.0636915
0.0634514
0.0632024
0.0629443
0.0626768
0.0623996
0.0621125
0.0618153
0.0615076
0.0611893
0.0608601
0.0605199
0.060171
0.0598395
0.0665395
0.0664086
0.0662725
0.0661311
0.0659842
0.0658314
0.0656728
0.0655079
0.0653367
0.065159
0.0649744
0.0647828
0.0645839
0.0643774
0.0641633
0.0639411
0.0637107
0.0634717
0.063224
0.0629672
0.0627012
0.0624256
0.0621402
0.0618447
0.061539
0.0612227
0.0608955
0.0605576
0.060211
0.0598818
0.0665405
0.0664099
0.0662741
0.0661329
0.0659862
0.0658337
0.0656753
0.0655108
0.06534
0.0651626
0.0649784
0.0647872
0.0645888
0.0643829
0.0641693
0.0639477
0.063718
0.0634798
0.0632329
0.0629771
0.0627121
0.0624375
0.0621533
0.0618591
0.0615547
0.0612398
0.0609143
0.060578
0.0602332
0.0599057
0.0665374
0.0664068
0.0662711
0.0661301
0.0659835
0.0658312
0.0656729
0.0655086
0.0653379
0.0651607
0.0649767
0.0647857
0.0645875
0.0643819
0.0641687
0.0639475
0.0637181
0.0634804
0.063234
0.0629787
0.0627143
0.0624405
0.062157
0.0618636
0.0615601
0.0612462
0.0609218
0.0605866
0.060243
0.0599168
0.0665322
0.0664017
0.066266
0.066125
0.0659785
0.0658262
0.065668
0.0655037
0.0653331
0.0651559
0.064972
0.0647811
0.0645831
0.0643776
0.0641644
0.0639434
0.0637143
0.0634767
0.0632306
0.0629756
0.0627115
0.0624381
0.0621551
0.0618622
0.0615592
0.0612459
0.0609221
0.0605877
0.0602449
0.0599195
0.0665262
0.0663957
0.06626
0.066119
0.0659725
0.0658202
0.065662
0.0654977
0.0653271
0.0651499
0.064966
0.0647751
0.0645771
0.0643716
0.0641585
0.0639375
0.0637084
0.063471
0.0632249
0.0629701
0.0627061
0.0624329
0.06215
0.0618574
0.0615548
0.0612418
0.0609184
0.0605845
0.0602421
0.0599172
0.0665201
0.0663896
0.0662539
0.0661129
0.0659663
0.065814
0.0656558
0.0654915
0.0653208
0.0651436
0.0649596
0.0647687
0.0645706
0.0643651
0.0641519
0.0639309
0.0637018
0.0634643
0.0632183
0.0629635
0.0626996
0.0624264
0.0621436
0.0618511
0.0615485
0.0612358
0.0609125
0.0605788
0.0602368
0.0599122
0.0665142
0.0663837
0.066248
0.066107
0.0659604
0.065808
0.0656498
0.0654854
0.0653146
0.0651374
0.0649533
0.0647624
0.0645642
0.0643586
0.0641454
0.0639243
0.0636951
0.0634576
0.0632115
0.0629566
0.0626927
0.0624194
0.0621367
0.0618442
0.0615417
0.0612289
0.0609058
0.0605722
0.0602302
0.0599058
0.0665087
0.0663782
0.0662424
0.0661013
0.0659547
0.0658023
0.065644
0.0654796
0.0653088
0.0651314
0.0649473
0.0647563
0.064558
0.0643524
0.0641391
0.0639179
0.0636886
0.063451
0.0632049
0.0629499
0.0626859
0.0624126
0.0621298
0.0618372
0.0615347
0.0612219
0.0608988
0.0605652
0.0602233
0.0598989
0.0665035
0.0663729
0.0662372
0.066096
0.0659494
0.0657969
0.0656386
0.0654741
0.0653032
0.0651258
0.0649417
0.0647505
0.0645522
0.0643465
0.0641331
0.0639118
0.0636825
0.0634448
0.0631985
0.0629435
0.0626794
0.062406
0.0621231
0.0618305
0.0615279
0.0612151
0.0608919
0.0605582
0.0602163
0.0598919
0.0664985
0.0663679
0.0662322
0.066091
0.0659443
0.0657918
0.0656334
0.0654689
0.065298
0.0651205
0.0649363
0.0647451
0.0645467
0.0643409
0.0641274
0.0639061
0.0636767
0.0634389
0.0631925
0.0629374
0.0626732
0.0623997
0.0621167
0.061824
0.0615213
0.0612084
0.0608852
0.0605515
0.0602096
0.0598851
0.0664938
0.0663632
0.0662274
0.0660862
0.0659395
0.065787
0.0656286
0.065464
0.065293
0.0651155
0.0649312
0.06474
0.0645415
0.0643356
0.0641221
0.0639007
0.0636711
0.0634333
0.0631868
0.0629316
0.0626673
0.0623937
0.0621106
0.0618178
0.0615151
0.0612021
0.0608788
0.060545
0.060203
0.0598785
0.0664893
0.0663587
0.0662229
0.0660817
0.0659349
0.0657824
0.0656239
0.0654593
0.0652883
0.0651107
0.0649264
0.0647351
0.0645365
0.0643306
0.0641169
0.0638954
0.0636658
0.0634279
0.0631813
0.062926
0.0626616
0.062388
0.0621048
0.0618119
0.0615091
0.061196
0.0608726
0.0605388
0.0601967
0.0598721
0.066485
0.0663544
0.0662185
0.0660773
0.0659305
0.0657779
0.0656194
0.0654547
0.0652837
0.0651061
0.0649217
0.0647303
0.0645317
0.0643257
0.064112
0.0638904
0.0636607
0.0634227
0.0631761
0.0629207
0.0626562
0.0623825
0.0620992
0.0618062
0.0615033
0.0611901
0.0608666
0.0605327
0.0601906
0.0598659
0.0664808
0.0663501
0.0662143
0.066073
0.0659262
0.0657736
0.065615
0.0654503
0.0652792
0.0651016
0.0649172
0.0647257
0.0645271
0.064321
0.0641072
0.0638856
0.0636558
0.0634177
0.063171
0.0629155
0.062651
0.0623771
0.0620938
0.0618007
0.0614976
0.0611844
0.0608608
0.0605268
0.0601846
0.0598599
0.0664768
0.0663461
0.0662102
0.0660689
0.065922
0.0657694
0.0656108
0.0654461
0.0652749
0.0650972
0.0649128
0.0647213
0.0645226
0.0643164
0.0641026
0.0638809
0.0636511
0.0634129
0.0631661
0.0629105
0.0626459
0.0623719
0.0620885
0.0617953
0.0614922
0.0611789
0.0608552
0.0605211
0.0601788
0.059854
0.0664728
0.0663421
0.0662062
0.0660649
0.065918
0.0657653
0.0656067
0.0654419
0.0652708
0.065093
0.0649085
0.064717
0.0645182
0.064312
0.0640981
0.0638763
0.0636464
0.0634082
0.0631613
0.0629056
0.0626409
0.0623669
0.0620834
0.0617901
0.0614869
0.0611735
0.0608497
0.0605155
0.0601731
0.0598482
0.066469
0.0663383
0.0662024
0.066061
0.0659141
0.0657614
0.0656027
0.0654379
0.0652667
0.0650889
0.0649044
0.0647128
0.064514
0.0643077
0.0640937
0.0638719
0.0636419
0.0634036
0.0631567
0.0629009
0.0626361
0.062362
0.0620784
0.061785
0.0614817
0.0611682
0.0608443
0.06051
0.0601675
0.0598426
0.0664654
0.0663346
0.0661986
0.0660573
0.0659103
0.0657576
0.0655989
0.065434
0.0652628
0.065085
0.0649003
0.0647087
0.0645098
0.0643035
0.0640895
0.0638676
0.0636375
0.0633991
0.0631521
0.0628963
0.0626314
0.0623572
0.0620735
0.06178
0.0614766
0.061163
0.060839
0.0605046
0.060162
0.059837
0.0664618
0.0663311
0.0661951
0.0660537
0.0659067
0.0657539
0.0655952
0.0654303
0.065259
0.0650811
0.0648965
0.0647048
0.0645058
0.0642995
0.0640854
0.0638634
0.0636333
0.0633948
0.0631477
0.0628918
0.0626268
0.0623525
0.0620687
0.0617752
0.0614717
0.0611579
0.0608338
0.0604993
0.0601566
0.0598315
0.0664585
0.0663276
0.0661916
0.0660502
0.0659032
0.0657504
0.0655916
0.0654267
0.0652553
0.0650774
0.0648927
0.064701
0.064502
0.0642955
0.0640814
0.0638594
0.0636292
0.0633906
0.0631435
0.0628875
0.0626224
0.062348
0.0620641
0.0617705
0.0614668
0.061153
0.0608288
0.0604942
0.0601513
0.0598261
0.0664552
0.0663244
0.0661883
0.0660469
0.0658998
0.065747
0.0655882
0.0654232
0.0652518
0.0650739
0.0648891
0.0646973
0.0644983
0.0642918
0.0640776
0.0638555
0.0636252
0.0633866
0.0631393
0.0628832
0.0626181
0.0623436
0.0620596
0.0617659
0.0614621
0.0611482
0.0608239
0.0604892
0.0601462
0.0598209
0.0664522
0.0663213
0.0661852
0.0660437
0.0658966
0.0657438
0.0655849
0.0654199
0.0652485
0.0650705
0.0648857
0.0646938
0.0644947
0.0642882
0.0640739
0.0638517
0.0636214
0.0633827
0.0631354
0.0628792
0.0626139
0.0623394
0.0620553
0.0617614
0.0614576
0.0611435
0.0608191
0.0604842
0.0601411
0.0598157
0.0664493
0.0663184
0.0661822
0.0660407
0.0658936
0.0657407
0.0655818
0.0654168
0.0652453
0.0650672
0.0648824
0.0646905
0.0644913
0.0642847
0.0640704
0.0638481
0.0636177
0.063379
0.0631315
0.0628753
0.0626099
0.0623353
0.0620511
0.0617571
0.0614532
0.061139
0.0608144
0.0604795
0.0601362
0.0598107
0.0664466
0.0663156
0.0661795
0.0660379
0.0658908
0.0657378
0.0655789
0.0654138
0.0652423
0.0650642
0.0648793
0.0646873
0.0644881
0.0642814
0.0640671
0.0638447
0.0636143
0.0633754
0.0631279
0.0628716
0.0626061
0.0623314
0.0620471
0.061753
0.0614489
0.0611346
0.0608099
0.0604748
0.0601315
0.0598058
0.0664441
0.0663131
0.0661769
0.0660353
0.0658882
0.0657352
0.0655762
0.0654111
0.0652395
0.0650614
0.0648764
0.0646844
0.0644851
0.0642784
0.0640639
0.0638415
0.063611
0.063372
0.0631245
0.062868
0.0626025
0.0623277
0.0620432
0.0617491
0.0614449
0.0611304
0.0608056
0.0604704
0.0601268
0.0598011
0.0664418
0.0663108
0.0661746
0.066033
0.0658858
0.0657327
0.0655737
0.0654085
0.0652369
0.0650587
0.0648737
0.0646817
0.0644823
0.0642755
0.064061
0.0638386
0.0636079
0.0633689
0.0631212
0.0628647
0.0625991
0.0623241
0.0620396
0.0617453
0.061441
0.0611264
0.0608015
0.0604661
0.0601224
0.0597965
0.0664398
0.0663087
0.0661725
0.0660308
0.0658836
0.0657305
0.0655715
0.0654063
0.0652346
0.0650564
0.0648713
0.0646792
0.0644798
0.0642729
0.0640583
0.0638358
0.0636051
0.063366
0.0631183
0.0628616
0.0625959
0.0623209
0.0620362
0.0617418
0.0614374
0.0611227
0.0607976
0.060462
0.0601182
0.0597921
0.066438
0.0663069
0.0661707
0.066029
0.0658817
0.0657286
0.0655695
0.0654042
0.0652326
0.0650543
0.0648691
0.064677
0.0644775
0.0642706
0.064056
0.0638334
0.0636026
0.0633634
0.0631156
0.0628588
0.062593
0.0623179
0.0620331
0.0617386
0.061434
0.0611192
0.0607939
0.0604582
0.0601142
0.0597879
0.0664365
0.0663054
0.0661691
0.0660274
0.0658801
0.065727
0.0655679
0.0654025
0.0652308
0.0650525
0.0648673
0.0646751
0.0644756
0.0642686
0.0640539
0.0638312
0.0636004
0.0633611
0.0631132
0.0628564
0.0625904
0.0623152
0.0620303
0.0617356
0.0614309
0.061116
0.0607906
0.0604547
0.0601105
0.059784
0.0664353
0.0663042
0.0661679
0.0660262
0.0658788
0.0657257
0.0655665
0.0654012
0.0652294
0.065051
0.0648658
0.0646735
0.064474
0.0642669
0.0640521
0.0638294
0.0635985
0.0633591
0.0631111
0.0628542
0.0625882
0.0623128
0.0620279
0.0617331
0.0614282
0.0611131
0.0607876
0.0604516
0.0601073
0.0597806
0.0664345
0.0663034
0.0661671
0.0660253
0.0658779
0.0657247
0.0655655
0.0654001
0.0652283
0.0650499
0.0648646
0.0646723
0.0644727
0.0642656
0.0640508
0.063828
0.063597
0.0633576
0.0631095
0.0628525
0.0625864
0.0623109
0.0620258
0.0617309
0.061426
0.0611107
0.060785
0.0604489
0.0601044
0.0597778
0.0664341
0.066303
0.0661666
0.0660248
0.0658774
0.0657242
0.065565
0.0653995
0.0652277
0.0650492
0.0648639
0.0646716
0.0644719
0.0642648
0.0640499
0.063827
0.063596
0.0633565
0.0631084
0.0628513
0.0625851
0.0623095
0.0620243
0.0617293
0.0614242
0.0611089
0.060783
0.0604468
0.0601022
0.0597754
0.0664341
0.0663029
0.0661665
0.0660247
0.0658773
0.065724
0.0655648
0.0653993
0.0652275
0.065049
0.0648637
0.0646713
0.0644716
0.0642644
0.0640495
0.0638266
0.0635955
0.0633559
0.0631077
0.0628506
0.0625843
0.0623086
0.0620234
0.0617282
0.0614231
0.0611076
0.0607816
0.0604453
0.0601006
0.0597738
0.0664343
0.0663031
0.0661667
0.0660249
0.0658775
0.0657242
0.0655649
0.0653995
0.0652276
0.0650491
0.0648637
0.0646713
0.0644716
0.0642644
0.0640494
0.0638265
0.0635953
0.0633557
0.0631075
0.0628503
0.062584
0.0623082
0.0620229
0.0617277
0.0614224
0.0611069
0.0607809
0.0604445
0.0601
0.0597733
0.0664346
0.0663034
0.066167
0.0660252
0.0658777
0.0657244
0.0655652
0.0653997
0.0652278
0.0650493
0.0648639
0.0646715
0.0644717
0.0642645
0.0640495
0.0638266
0.0635954
0.0633558
0.0631075
0.0628503
0.0625839
0.0623081
0.0620228
0.0617275
0.0614222
0.0611067
0.0607807
0.0604443
0.0601001
0.0597729
)
;

boundaryField
{
    inlet
    {
        type            fixedValue;
        value           uniform 0.1;
    }
    outlet
    {
        type            zeroGradient;
    }
    top
    {
        type            symmetryPlane;
    }
    ground
    {
        type            compressible::kqRWallFunction;
        value           nonuniform List<scalar> 
40
(
0.00103676
0.000994456
0.00105963
0.00179079
0.00260686
0.00339314
0.00417911
0.00497481
0.00578216
0.0065999
0.00742518
0.00825441
0.00908353
0.00990816
0.0107237
0.0115255
0.0123089
0.0130697
0.0138043
0.0145092
0.0151817
0.0157661
0.0162331
0.016596
0.01685
0.0169953
0.017025
0.0169262
0.016682
0.0162726
0.0156778
0.0148794
0.0138641
0.0126263
0.0111714
0.00951856
0.00770511
0.00580022
0.00387981
0.00132582
)
;
    }
    sides
    {
        type            empty;
    }
    walls
    {
        type            compressible::kqRWallFunction;
        value           nonuniform List<scalar> 
140
(
0.00103676
0.00167917
0.0027653
0.00410506
0.00523339
0.00633927
0.00738348
0.00834023
0.00919429
0.00993633
0.0105619
0.0110703
0.0114638
0.0117464
0.011923
0.0119976
0.0119719
0.0118435
0.0116027
0.011251
0.0108126
0.0103264
0.00980084
0.00924585
0.00867004
0.00808106
0.00748569
0.00688992
0.00629906
0.00571789
0.00515092
0.00460259
0.00407754
0.00358113
0.00312101
0.00270976
0.00237942
0.00230687
0.00274922
0.0074296
0.00132582
0.00285122
0.00444153
0.00583177
0.00717135
0.00849318
0.00981425
0.0111417
0.0124791
0.0138285
0.0151921
0.0165735
0.0179781
0.0194153
0.0208999
0.0224549
0.0241157
0.0259356
0.0279948
0.0304142
0.033382
0.0368552
0.0406827
0.0449272
0.0496923
0.0550733
0.0611792
0.0681487
0.0761316
0.0852155
0.0955479
0.107298
0.120672
0.13593
0.153428
0.173686
0.197639
0.227903
0.276436
0.353027
0.096734
0.0934082
0.0905114
0.0879581
0.0856896
0.0836618
0.0818402
0.0801969
0.0787092
0.0773579
0.0761267
0.0750017
0.0739711
0.0730245
0.0721529
0.0713485
0.0706045
0.0699146
0.0692737
0.0686769
0.06812
0.0675992
0.0671111
0.0666526
0.0662208
0.0658129
0.0654263
0.0650582
0.0647043
0.0643375
0.359517
0.301634
0.253725
0.215669
0.185953
0.162926
0.145292
0.131846
0.121416
0.113164
0.106496
0.100994
0.096362
0.0923866
0.088916
0.0858378
0.0830684
0.0805462
0.0782251
0.0760706
0.0740568
0.0721637
0.0703762
0.0686828
0.0670744
0.0655435
0.0640838
0.0626883
0.0613533
0.0600535
)
;
    }
}


// ************************************************************************* //
