/*--------------------------------*- C++ -*----------------------------------*\
| =========                 |                                                 |
| \\      /  F ield         | OpenFOAM: The Open Source CFD Toolbox           |
|  \\    /   O peration     | Version:  2.2.0                                 |
|   \\  /    A nd           | Web:      www.OpenFOAM.org                      |
|    \\/     M anipulation  |                                                 |
\*---------------------------------------------------------------------------*/
FoamFile
{
    version     2.0;
    format      ascii;
    class       volScalarField;
    location    "1000";
    object      p;
}
// * * * * * * * * * * * * * * * * * * * * * * * * * * * * * * * * * * * * * //

dimensions      [1 -1 -2 0 0 0 0];

internalField   nonuniform List<scalar> 
7600
(
100114
100114
100114
100114
100114
100114
100114
100114
100114
100114
100114
100113
100113
100113
100113
100113
100113
100113
100113
100113
100113
100113
100113
100113
100113
100113
100113
100113
100114
100114
100114
100114
100114
100114
100114
100114
100114
100114
100114
100114
100113
100113
100113
100113
100113
100113
100113
100113
100113
100113
100113
100112
100112
100112
100112
100112
100112
100112
100112
100112
100112
100112
100112
100112
100112
100112
100112
100112
100113
100113
100113
100113
100113
100113
100113
100113
100113
100113
100113
100113
100112
100112
100112
100112
100112
100112
100112
100112
100112
100111
100111
100111
100111
100111
100111
100111
100111
100111
100111
100111
100111
100111
100111
100111
100111
100111
100111
100111
100111
100112
100112
100112
100112
100112
100112
100112
100112
100112
100112
100112
100110
100110
100110
100110
100110
100110
100110
100110
100110
100110
100110
100110
100110
100110
100110
100110
100110
100110
100110
100110
100110
100110
100110
100110
100110
100110
100110
100110
100110
100110
100110
100110
100110
100111
100111
100111
100111
100111
100111
100111
100109
100109
100109
100109
100109
100109
100109
100109
100109
100109
100109
100109
100109
100109
100109
100109
100109
100109
100108
100108
100108
100108
100109
100109
100109
100109
100109
100109
100109
100109
100109
100109
100109
100109
100109
100109
100109
100109
100109
100109
100108
100108
100108
100108
100108
100108
100108
100107
100107
100107
100107
100107
100107
100107
100107
100107
100107
100107
100107
100107
100107
100107
100107
100107
100107
100107
100107
100107
100107
100107
100107
100108
100108
100108
100108
100108
100108
100108
100108
100108
100106
100106
100106
100106
100106
100106
100106
100106
100106
100106
100106
100106
100106
100106
100106
100105
100105
100105
100105
100105
100105
100105
100105
100105
100105
100106
100106
100106
100106
100106
100106
100106
100106
100106
100106
100106
100106
100106
100106
100106
100104
100104
100104
100104
100104
100104
100104
100104
100104
100104
100104
100104
100104
100104
100104
100104
100104
100104
100104
100104
100104
100104
100104
100104
100104
100104
100104
100104
100104
100104
100104
100104
100104
100104
100104
100104
100104
100104
100104
100104
100102
100102
100102
100102
100102
100102
100102
100102
100102
100102
100102
100102
100102
100102
100102
100102
100102
100102
100102
100102
100102
100102
100102
100102
100102
100102
100102
100102
100102
100102
100102
100102
100102
100102
100102
100102
100102
100102
100102
100102
100100
100100
100100
100100
100100
100100
100100
100100
100100
100100
100100
100100
100100
100100
100099
100099
100099
100099
100099
100099
100099
100099
100099
100099
100099
100099
100099
100100
100100
100100
100100
100100
100100
100100
100100
100100
100100
100100
100100
100100
100097
100097
100097
100097
100097
100097
100097
100097
100097
100097
100097
100097
100097
100097
100097
100097
100097
100097
100097
100097
100097
100097
100097
100097
100097
100097
100097
100097
100097
100097
100097
100097
100097
100097
100097
100097
100097
100097
100097
100097
100095
100095
100095
100095
100095
100095
100095
100095
100095
100095
100094
100094
100094
100094
100094
100094
100094
100094
100094
100094
100094
100094
100094
100094
100094
100094
100094
100094
100094
100094
100094
100095
100095
100095
100095
100095
100095
100095
100095
100095
100092
100092
100092
100092
100092
100092
100092
100092
100092
100091
100091
100091
100091
100091
100091
100091
100091
100091
100091
100091
100091
100091
100091
100091
100091
100091
100091
100091
100091
100091
100091
100091
100092
100092
100092
100092
100092
100092
100092
100092
100088
100088
100088
100088
100088
100088
100088
100088
100088
100088
100088
100088
100088
100088
100088
100088
100088
100088
100088
100088
100088
100088
100088
100088
100088
100088
100088
100088
100088
100088
100088
100088
100088
100088
100088
100088
100088
100088
100088
100088
100085
100085
100085
100085
100085
100085
100085
100085
100085
100085
100085
100084
100084
100084
100084
100084
100084
100084
100084
100084
100084
100084
100084
100084
100084
100084
100084
100084
100084
100084
100084
100084
100085
100085
100085
100085
100085
100085
100085
100085
100081
100081
100081
100081
100081
100081
100081
100081
100081
100080
100080
100080
100080
100080
100080
100080
100080
100080
100080
100080
100080
100080
100080
100080
100080
100080
100080
100080
100080
100080
100080
100080
100080
100080
100080
100080
100080
100080
100080
100080
100076
100076
100076
100076
100076
100076
100076
100076
100076
100076
100076
100076
100076
100076
100076
100076
100076
100076
100076
100076
100076
100076
100076
100076
100076
100076
100076
100076
100076
100076
100076
100076
100076
100076
100076
100076
100076
100076
100076
100076
100071
100071
100071
100071
100071
100071
100071
100071
100071
100071
100071
100071
100071
100071
100071
100071
100071
100071
100071
100071
100071
100071
100071
100071
100071
100071
100071
100071
100071
100071
100071
100071
100071
100071
100071
100071
100071
100071
100071
100071
100066
100066
100066
100066
100066
100066
100066
100066
100066
100066
100066
100066
100066
100066
100066
100066
100066
100066
100066
100066
100066
100066
100066
100066
100066
100066
100066
100066
100066
100066
100066
100066
100066
100066
100066
100066
100066
100066
100066
100066
100060
100060
100060
100060
100060
100060
100060
100060
100060
100060
100060
100060
100060
100060
100060
100060
100060
100060
100060
100060
100060
100060
100060
100060
100060
100060
100060
100060
100060
100060
100060
100060
100060
100060
100060
100060
100060
100060
100060
100060
100054
100054
100054
100054
100054
100054
100054
100054
100054
100054
100054
100054
100054
100054
100054
100054
100054
100054
100053
100053
100053
100053
100054
100054
100054
100054
100054
100054
100054
100054
100054
100054
100054
100054
100054
100054
100054
100054
100054
100054
100048
100048
100048
100048
100048
100048
100048
100048
100048
100048
100048
100048
100048
100048
100048
100048
100048
100048
100048
100048
100048
100048
100048
100048
100048
100048
100048
100048
100048
100048
100048
100048
100048
100048
100048
100048
100048
100048
100048
100048
100042
100042
100042
100042
100042
100042
100042
100042
100042
100042
100042
100042
100042
100042
100042
100042
100042
100042
100042
100042
100042
100042
100042
100042
100042
100042
100042
100042
100042
100042
100042
100042
100042
100042
100042
100042
100042
100042
100042
100042
100038
100038
100038
100038
100038
100038
100038
100038
100038
100038
100038
100037
100037
100037
100037
100037
100037
100037
100037
100037
100037
100037
100037
100037
100037
100037
100037
100037
100037
100037
100037
100037
100037
100037
100037
100037
100037
100037
100037
100037
100033
100033
100033
100033
100033
100033
100033
100033
100033
100033
100033
100033
100033
100033
100033
100033
100033
100033
100033
100033
100033
100033
100033
100033
100033
100033
100033
100033
100033
100033
100033
100033
100033
100033
100033
100033
100033
100033
100033
100033
100029
100029
100029
100029
100029
100029
100029
100029
100029
100029
100029
100029
100029
100029
100029
100029
100029
100029
100029
100029
100029
100029
100029
100029
100029
100029
100029
100029
100029
100029
100029
100029
100029
100029
100029
100029
100029
100029
100029
100029
100026
100026
100026
100026
100026
100026
100026
100026
100026
100026
100026
100026
100026
100026
100026
100025
100025
100025
100025
100025
100025
100025
100025
100025
100025
100025
100025
100026
100026
100026
100026
100026
100026
100026
100026
100026
100026
100026
100026
100026
100022
100022
100022
100022
100022
100022
100022
100022
100022
100022
100022
100022
100022
100022
100022
100022
100022
100022
100022
100022
100022
100022
100022
100022
100022
100022
100022
100022
100022
100022
100022
100022
100022
100022
100022
100022
100022
100022
100022
100022
100020
100020
100020
100020
100020
100019
100019
100019
100019
100019
100019
100019
100019
100019
100019
100019
100019
100019
100019
100019
100019
100019
100019
100019
100019
100019
100019
100019
100019
100019
100019
100019
100019
100019
100019
100020
100020
100020
100020
100020
100017
100017
100017
100017
100017
100017
100017
100017
100017
100017
100017
100017
100017
100017
100017
100017
100017
100017
100017
100017
100017
100017
100017
100017
100017
100017
100017
100017
100017
100017
100017
100017
100017
100017
100017
100017
100017
100017
100017
100017
100014
100014
100014
100014
100014
100014
100014
100014
100014
100014
100014
100014
100014
100014
100014
100014
100014
100014
100014
100014
100014
100014
100014
100014
100014
100014
100014
100014
100014
100014
100014
100014
100014
100014
100015
100015
100015
100015
100015
100015
100012
100012
100012
100012
100012
100012
100012
100012
100012
100012
100012
100012
100012
100012
100012
100012
100012
100012
100012
100012
100012
100012
100012
100012
100012
100012
100012
100012
100012
100012
100012
100012
100012
100012
100012
100012
100013
100013
100013
100013
100010
100010
100010
100010
100010
100010
100010
100010
100010
100010
100010
100010
100010
100010
100010
100010
100010
100010
100010
100010
100010
100010
100010
100010
100010
100010
100010
100010
100010
100010
100010
100010
100010
100010
100011
100011
100011
100011
100011
100011
100009
100009
100009
100009
100009
100009
100009
100008
100008
100008
100008
100008
100008
100008
100008
100008
100008
100008
100008
100008
100008
100008
100008
100008
100008
100008
100008
100008
100008
100008
100008
100009
100009
100009
100009
100009
100009
100009
100009
100009
100007
100007
100007
100007
100007
100007
100007
100007
100007
100007
100007
100007
100007
100007
100007
100007
100007
100007
100007
100006
100006
100006
100006
100006
100007
100007
100007
100007
100007
100007
100007
100007
100007
100007
100007
100007
100008
100008
100008
100008
100005
100005
100005
100005
100005
100005
100005
100005
100005
100005
100005
100005
100005
100005
100005
100005
100005
100005
100005
100005
100005
100005
100005
100005
100005
100005
100005
100005
100005
100005
100005
100006
100006
100006
100006
100006
100006
100006
100007
100007
100004
100004
100004
100004
100004
100004
100004
100004
100004
100004
100004
100004
100004
100004
100004
100004
100004
100004
100004
100004
100004
100004
100004
100004
100004
100004
100004
100004
100004
100004
100004
100004
100004
100005
100005
100005
100005
100005
100005
100006
100003
100003
100003
100003
100003
100003
100003
100003
100003
100003
100003
100003
100003
100003
100003
100003
100003
100003
100002
100002
100002
100002
100002
100002
100003
100003
100003
100003
100003
100003
100003
100003
100003
100003
100004
100004
100004
100004
100004
100005
100002
100002
100002
100002
100002
100002
100002
100002
100002
100002
100002
100002
100002
100002
100002
100002
100001
100001
100001
100001
100001
100001
100001
100001
100001
100001
100001
100002
100002
100002
100002
100002
100002
100002
100002
100003
100003
100003
100003
100004
100001
100001
100001
100001
100001
100001
100001
100001
100001
100001
100001
100001
100001
100001
100001
100001
100000
100000
100000
100000
100000
100000
100000
100000
100000
100000
100001
100001
100001
100001
100001
100001
100001
100001
100001
100002
100002
100002
100002
100003
99999.8
99999.8
99999.8
99999.8
99999.8
99999.8
99999.8
99999.8
99999.8
99999.8
99999.8
99999.8
99999.8
99999.8
99999.8
99999.8
99999.8
99999.8
99999.8
99999.8
99999.8
99999.8
99999.8
99999.8
99999.8
99999.8
99999.8
99999.8
99999.9
99999.9
99998.8
99998.8
99998.8
99998.8
99998.8
99998.8
99998.8
99998.8
99998.8
99998.8
99998.8
99998.8
99998.8
99998.8
99998.8
99998.8
99998.8
99998.8
99998.8
99998.8
99998.8
99998.8
99998.8
99998.8
99998.8
99998.9
99998.9
99998.9
99998.9
99998.9
99997.8
99997.8
99997.8
99997.8
99997.8
99997.8
99997.8
99997.8
99997.8
99997.8
99997.8
99997.8
99997.8
99997.8
99997.8
99997.8
99997.8
99997.8
99997.8
99997.8
99997.8
99997.8
99997.8
99997.8
99997.9
99997.9
99997.9
99997.9
99997.9
99997.9
99996.8
99996.8
99996.8
99996.8
99996.8
99996.8
99996.8
99996.8
99996.8
99996.8
99996.8
99996.8
99996.8
99996.8
99996.8
99996.8
99996.8
99996.8
99996.8
99996.8
99996.8
99996.8
99996.8
99996.8
99996.8
99996.8
99996.8
99996.8
99996.9
99996.9
99995.7
99995.7
99995.7
99995.7
99995.7
99995.7
99995.7
99995.7
99995.7
99995.7
99995.7
99995.7
99995.7
99995.7
99995.7
99995.7
99995.7
99995.7
99995.7
99995.7
99995.7
99995.7
99995.7
99995.8
99995.8
99995.8
99995.8
99995.8
99995.8
99995.8
99994.6
99994.6
99994.6
99994.6
99994.6
99994.6
99994.6
99994.6
99994.6
99994.6
99994.6
99994.6
99994.6
99994.6
99994.6
99994.6
99994.6
99994.6
99994.6
99994.6
99994.6
99994.6
99994.7
99994.7
99994.7
99994.7
99994.7
99994.7
99994.7
99994.7
99993.5
99993.5
99993.5
99993.5
99993.5
99993.5
99993.5
99993.5
99993.5
99993.5
99993.5
99993.5
99993.5
99993.5
99993.5
99993.5
99993.5
99993.5
99993.5
99993.5
99993.5
99993.5
99993.5
99993.5
99993.5
99993.5
99993.5
99993.5
99993.5
99993.5
99992.3
99992.3
99992.3
99992.3
99992.3
99992.3
99992.3
99992.3
99992.3
99992.3
99992.3
99992.3
99992.3
99992.3
99992.3
99992.3
99992.3
99992.3
99992.3
99992.3
99992.3
99992.3
99992.3
99992.4
99992.4
99992.4
99992.4
99992.4
99992.4
99992.4
99991.1
99991.1
99991.1
99991.1
99991.1
99991.1
99991.1
99991.1
99991.1
99991.1
99991.1
99991.1
99991.1
99991.1
99991.1
99991.1
99991.1
99991.1
99991.1
99991.1
99991.1
99991.1
99991.1
99991.1
99991.1
99991.1
99991.2
99991.2
99991.2
99991.2
99989.9
99989.9
99989.9
99989.9
99989.9
99989.9
99989.9
99989.9
99989.9
99989.9
99989.9
99989.9
99989.9
99989.9
99989.9
99989.9
99989.9
99989.9
99989.9
99989.9
99989.9
99989.9
99989.9
99989.9
99989.9
99989.9
99989.9
99989.9
99989.9
99989.9
99988.6
99988.6
99988.6
99988.6
99988.6
99988.6
99988.6
99988.6
99988.6
99988.6
99988.6
99988.6
99988.6
99988.6
99988.6
99988.6
99988.6
99988.6
99988.6
99988.6
99988.6
99988.6
99988.6
99988.6
99988.6
99988.6
99988.6
99988.6
99988.6
99988.6
99987.3
99987.3
99987.3
99987.3
99987.3
99987.3
99987.3
99987.3
99987.3
99987.3
99987.3
99987.3
99987.3
99987.3
99987.3
99987.3
99987.3
99987.3
99987.3
99987.3
99987.3
99987.3
99987.3
99987.3
99987.3
99987.3
99987.3
99987.3
99987.3
99987.3
99985.9
99985.9
99985.9
99985.9
99985.9
99985.9
99985.9
99985.9
99985.9
99985.9
99985.9
99985.9
99985.9
99985.9
99985.9
99985.9
99985.9
99985.9
99985.9
99985.9
99985.9
99985.9
99985.9
99985.9
99985.9
99985.9
99985.9
99985.9
99985.9
99985.9
99984.5
99984.5
99984.5
99984.5
99984.5
99984.5
99984.5
99984.5
99984.5
99984.5
99984.5
99984.5
99984.5
99984.5
99984.5
99984.5
99984.5
99984.5
99984.5
99984.5
99984.5
99984.5
99984.5
99984.5
99984.5
99984.5
99984.5
99984.5
99984.5
99984.5
99983
99983
99983
99983
99983
99983
99983
99983
99983
99983
99983
99983
99983
99983
99983
99983
99983
99983
99983
99983
99983
99983
99983
99983
99983
99983
99983
99983
99983
99983
99981.5
99981.5
99981.5
99981.5
99981.5
99981.5
99981.5
99981.5
99981.5
99981.5
99981.5
99981.5
99981.5
99981.5
99981.5
99981.5
99981.5
99981.5
99981.5
99981.5
99981.5
99981.5
99981.5
99981.5
99981.5
99981.5
99981.5
99981.5
99981.5
99981.5
99979.9
99979.9
99979.9
99979.9
99979.9
99979.9
99979.9
99979.9
99979.9
99979.9
99979.9
99979.9
99979.9
99979.9
99979.9
99979.9
99979.9
99979.9
99979.9
99979.9
99979.9
99979.9
99979.9
99979.9
99979.9
99979.9
99979.9
99979.9
99979.9
99979.9
99978.3
99978.3
99978.3
99978.3
99978.3
99978.3
99978.3
99978.3
99978.3
99978.3
99978.3
99978.3
99978.3
99978.3
99978.3
99978.3
99978.3
99978.3
99978.3
99978.3
99978.3
99978.3
99978.3
99978.3
99978.3
99978.3
99978.3
99978.3
99978.3
99978.3
99976.6
99976.7
99976.7
99976.7
99976.7
99976.7
99976.7
99976.7
99976.7
99976.7
99976.7
99976.7
99976.7
99976.7
99976.7
99976.7
99976.7
99976.7
99976.7
99976.7
99976.7
99976.7
99976.7
99976.7
99976.7
99976.7
99976.7
99976.7
99976.6
99976.6
99974.9
99974.9
99974.9
99974.9
99974.9
99974.9
99974.9
99974.9
99974.9
99974.9
99974.9
99974.9
99974.9
99974.9
99974.9
99974.9
99974.9
99974.9
99974.9
99974.9
99974.9
99974.9
99974.9
99974.9
99974.9
99974.9
99974.9
99974.9
99974.9
99974.9
99973.2
99973.2
99973.2
99973.2
99973.2
99973.2
99973.2
99973.2
99973.2
99973.2
99973.2
99973.2
99973.2
99973.2
99973.2
99973.2
99973.2
99973.2
99973.2
99973.2
99973.2
99973.2
99973.2
99973.2
99973.2
99973.2
99973.2
99973.2
99973.2
99973.2
99971.3
99971.3
99971.3
99971.3
99971.3
99971.3
99971.3
99971.3
99971.3
99971.3
99971.3
99971.3
99971.3
99971.3
99971.3
99971.3
99971.3
99971.3
99971.3
99971.3
99971.3
99971.3
99971.3
99971.3
99971.3
99971.3
99971.3
99971.3
99971.3
99971.3
99969.4
99969.4
99969.4
99969.4
99969.4
99969.4
99969.4
99969.4
99969.4
99969.4
99969.4
99969.4
99969.4
99969.4
99969.4
99969.4
99969.4
99969.4
99969.4
99969.4
99969.4
99969.4
99969.4
99969.4
99969.4
99969.4
99969.4
99969.4
99969.4
99969.4
99967.5
99967.5
99967.5
99967.5
99967.5
99967.5
99967.5
99967.5
99967.5
99967.5
99967.5
99967.5
99967.5
99967.5
99967.5
99967.5
99967.5
99967.5
99967.5
99967.5
99967.5
99967.5
99967.5
99967.5
99967.5
99967.5
99967.5
99967.5
99967.5
99967.5
99965.5
99965.5
99965.5
99965.5
99965.5
99965.5
99965.5
99965.5
99965.5
99965.5
99965.5
99965.5
99965.5
99965.5
99965.5
99965.5
99965.5
99965.5
99965.5
99965.5
99965.5
99965.5
99965.5
99965.5
99965.5
99965.5
99965.4
99965.4
99965.4
99965.4
99963.4
99963.4
99963.4
99963.4
99963.4
99963.4
99963.4
99963.4
99963.4
99963.4
99963.4
99963.4
99963.4
99963.4
99963.4
99963.4
99963.4
99963.4
99963.4
99963.4
99963.4
99963.4
99963.4
99963.4
99963.4
99963.4
99963.4
99963.4
99963.4
99963.4
99961.2
99961.2
99961.2
99961.2
99961.2
99961.2
99961.2
99961.2
99961.2
99961.2
99961.2
99961.2
99961.2
99961.2
99961.2
99961.2
99961.2
99961.2
99961.2
99961.2
99961.2
99961.2
99961.2
99961.2
99961.2
99961.2
99961.2
99961.2
99961.2
99961.2
99959
99959
99959
99959
99959
99959
99959
99959
99959
99959
99959
99959
99959
99959
99959
99959
99959
99959
99959
99959
99959
99959
99959
99959
99959
99959
99959
99959
99959
99959
99956.7
99956.7
99956.7
99956.7
99956.7
99956.7
99956.7
99956.7
99956.7
99956.7
99956.7
99956.7
99956.7
99956.7
99956.7
99956.7
99956.7
99956.7
99956.7
99956.7
99956.7
99956.7
99956.7
99956.7
99956.7
99956.7
99956.7
99956.7
99956.7
99956.7
99954.3
99954.3
99954.3
99954.3
99954.3
99954.3
99954.3
99954.3
99954.3
99954.3
99954.3
99954.3
99954.3
99954.3
99954.3
99954.3
99954.3
99954.3
99954.3
99954.3
99954.3
99954.3
99954.3
99954.3
99954.3
99954.3
99954.3
99954.3
99954.3
99954.3
99951.9
99951.9
99951.9
99951.9
99951.9
99951.9
99951.9
99951.9
99951.9
99951.9
99951.9
99951.9
99951.9
99951.9
99951.9
99951.9
99951.9
99951.9
99951.9
99951.9
99951.9
99951.9
99951.9
99951.9
99951.9
99951.9
99951.9
99951.9
99951.9
99951.9
99949.4
99949.4
99949.4
99949.4
99949.4
99949.4
99949.4
99949.4
99949.4
99949.4
99949.4
99949.4
99949.4
99949.4
99949.4
99949.4
99949.4
99949.4
99949.4
99949.4
99949.4
99949.4
99949.4
99949.4
99949.4
99949.4
99949.4
99949.4
99949.3
99949.3
99946.8
99946.8
99946.8
99946.8
99946.8
99946.8
99946.8
99946.8
99946.8
99946.8
99946.8
99946.8
99946.8
99946.8
99946.8
99946.8
99946.8
99946.8
99946.8
99946.8
99946.7
99946.7
99946.7
99946.7
99946.7
99946.7
99946.7
99946.7
99946.7
99946.7
99944.1
99944.1
99944.1
99944.1
99944.1
99944.1
99944.1
99944.1
99944.1
99944.1
99944.1
99944.1
99944.1
99944.1
99944.1
99944.1
99944.1
99944.1
99944.1
99944.1
99944.1
99944.1
99944.1
99944.1
99944.1
99944.1
99944
99944
99944
99944
99941.3
99941.3
99941.3
99941.3
99941.3
99941.3
99941.3
99941.3
99941.3
99941.3
99941.3
99941.3
99941.3
99941.3
99941.3
99941.3
99941.3
99941.3
99941.3
99941.3
99941.3
99941.3
99941.3
99941.3
99941.3
99941.3
99941.3
99941.3
99941.3
99941.3
99938.4
99938.4
99938.4
99938.4
99938.4
99938.4
99938.4
99938.4
99938.4
99938.4
99938.4
99938.4
99938.4
99938.4
99938.4
99938.4
99938.4
99938.4
99938.4
99938.4
99938.4
99938.4
99938.4
99938.4
99938.4
99938.4
99938.4
99938.4
99938.4
99938.4
99935.4
99935.4
99935.5
99935.4
99935.4
99935.4
99935.4
99935.4
99935.4
99935.4
99935.4
99935.4
99935.4
99935.4
99935.4
99935.4
99935.4
99935.4
99935.4
99935.4
99935.4
99935.4
99935.4
99935.4
99935.4
99935.4
99935.4
99935.4
99935.4
99935.4
99932.4
99932.4
99932.4
99932.4
99932.4
99932.4
99932.4
99932.4
99932.4
99932.4
99932.4
99932.4
99932.4
99932.4
99932.4
99932.4
99932.4
99932.4
99932.4
99932.4
99932.4
99932.4
99932.4
99932.4
99932.4
99932.4
99932.4
99932.4
99932.4
99932.4
99929.2
99929.2
99929.2
99929.2
99929.2
99929.2
99929.2
99929.2
99929.2
99929.2
99929.2
99929.2
99929.2
99929.2
99929.2
99929.2
99929.2
99929.2
99929.2
99929.2
99929.2
99929.2
99929.2
99929.2
99929.2
99929.2
99929.2
99929.2
99929.2
99929.2
99926
99926
99926
99926
99926
99926
99926
99926
99926
99926
99926
99926
99926
99926
99926
99926
99926
99925.9
99925.9
99925.9
99925.9
99925.9
99925.9
99925.9
99925.9
99925.9
99925.9
99925.9
99925.9
99925.9
99922.6
99922.6
99922.6
99922.6
99922.6
99922.6
99922.6
99922.6
99922.6
99922.6
99922.6
99922.6
99922.6
99922.6
99922.6
99922.6
99922.6
99922.6
99922.6
99922.6
99922.6
99922.6
99922.6
99922.6
99922.6
99922.6
99922.6
99922.6
99922.6
99922.6
99919.1
99919.1
99919.1
99919.1
99919.1
99919.1
99919.1
99919.1
99919.1
99919.1
99919.1
99919.1
99919.1
99919.1
99919.1
99919.1
99919.1
99919.1
99919.1
99919.1
99919.1
99919.1
99919.1
99919.1
99919.1
99919.1
99919.1
99919.1
99919.1
99919.1
99915.5
99915.5
99915.5
99915.5
99915.5
99915.5
99915.5
99915.5
99915.5
99915.5
99915.5
99915.5
99915.5
99915.5
99915.5
99915.5
99915.5
99915.5
99915.5
99915.5
99915.5
99915.5
99915.5
99915.5
99915.5
99915.5
99915.5
99915.5
99915.5
99915.5
99911.8
99911.8
99911.8
99911.8
99911.8
99911.8
99911.8
99911.8
99911.8
99911.8
99911.8
99911.8
99911.8
99911.8
99911.8
99911.8
99911.8
99911.8
99911.8
99911.8
99911.8
99911.8
99911.8
99911.8
99911.8
99911.8
99911.8
99911.8
99911.8
99911.8
99908
99908
99908
99908
99908
99908
99908
99908
99908
99908
99908
99908
99908
99908
99908
99908
99908
99908
99908
99908
99908
99908
99908
99908
99908
99908
99908
99908
99908
99907.9
99904
99904
99904
99904
99904
99904
99904
99904
99904
99904
99904
99904
99904
99904
99904
99904
99904
99904
99904
99904
99904
99904
99904
99904
99904
99904
99904
99904
99904
99904
99899.9
99899.9
99899.9
99899.9
99899.9
99899.9
99899.9
99899.9
99899.9
99899.9
99899.9
99899.9
99899.9
99899.9
99899.9
99899.9
99899.9
99899.9
99899.9
99899.9
99899.9
99899.9
99899.9
99899.9
99899.9
99899.9
99899.9
99899.9
99899.9
99899.9
99895.7
99895.7
99895.7
99895.7
99895.7
99895.7
99895.7
99895.7
99895.7
99895.7
99895.7
99895.7
99895.7
99895.7
99895.7
99895.7
99895.7
99895.7
99895.7
99895.7
99895.7
99895.7
99895.7
99895.7
99895.7
99895.7
99895.7
99895.7
99895.7
99895.7
99891.3
99891.3
99891.3
99891.3
99891.3
99891.3
99891.3
99891.3
99891.3
99891.3
99891.3
99891.3
99891.3
99891.3
99891.3
99891.3
99891.3
99891.3
99891.3
99891.3
99891.3
99891.3
99891.3
99891.3
99891.3
99891.3
99891.3
99891.3
99891.3
99891.3
99886.8
99886.8
99886.8
99886.8
99886.8
99886.8
99886.8
99886.8
99886.8
99886.8
99886.8
99886.8
99886.8
99886.8
99886.8
99886.8
99886.8
99886.8
99886.8
99886.8
99886.8
99886.8
99886.8
99886.8
99886.8
99886.8
99886.8
99886.8
99886.8
99886.8
99882.2
99882.2
99882.2
99882.2
99882.2
99882.2
99882.2
99882.2
99882.2
99882.2
99882.2
99882.2
99882.2
99882.2
99882.2
99882.2
99882.2
99882.2
99882.2
99882.2
99882.2
99882.2
99882.2
99882.2
99882.2
99882.2
99882.2
99882.2
99882.2
99882.2
99877.4
99877.4
99877.4
99877.4
99877.4
99877.4
99877.4
99877.4
99877.4
99877.4
99877.4
99877.4
99877.4
99877.4
99877.4
99877.4
99877.4
99877.4
99877.4
99877.4
99877.4
99877.4
99877.4
99877.4
99877.4
99877.4
99877.4
99877.4
99877.4
99877.4
99872.4
99872.4
99872.4
99872.4
99872.4
99872.4
99872.4
99872.4
99872.4
99872.4
99872.4
99872.4
99872.4
99872.4
99872.4
99872.4
99872.4
99872.4
99872.4
99872.4
99872.4
99872.4
99872.4
99872.4
99872.4
99872.4
99872.4
99872.4
99872.4
99872.4
99867.3
99867.3
99867.3
99867.3
99867.3
99867.3
99867.3
99867.3
99867.3
99867.3
99867.3
99867.3
99867.3
99867.3
99867.3
99867.3
99867.3
99867.3
99867.3
99867.3
99867.3
99867.3
99867.3
99867.3
99867.3
99867.3
99867.3
99867.3
99867.3
99867.3
99862
99862
99862
99862
99862
99862
99862
99862
99862
99862
99862
99862
99862
99862
99862
99862
99862
99862
99862
99862
99862
99862
99862
99862
99862
99862
99862
99862
99862
99862
99856.6
99856.6
99856.6
99856.6
99856.6
99856.6
99856.6
99856.6
99856.6
99856.6
99856.6
99856.6
99856.6
99856.6
99856.6
99856.6
99856.6
99856.6
99856.6
99856.6
99856.6
99856.6
99856.6
99856.6
99856.6
99856.6
99856.6
99856.6
99856.6
99856.6
99850.9
99851
99851
99851
99851
99851
99851
99851
99851
99851
99851
99851
99851
99851
99851
99851
99851
99851
99851
99851
99851
99851
99851
99851
99851
99851
99851
99851
99851
99851
99845.1
99845.1
99845.1
99845.1
99845.1
99845.1
99845.1
99845.1
99845.1
99845.1
99845.1
99845.1
99845.1
99845.1
99845.1
99845.1
99845.1
99845.1
99845.1
99845.1
99845.1
99845.1
99845.1
99845.1
99845.1
99845.1
99845.1
99845.1
99845.1
99845.1
99839.1
99839.1
99839.1
99839.1
99839.1
99839.1
99839.1
99839.1
99839.1
99839.1
99839.1
99839.1
99839.1
99839.1
99839.1
99839.1
99839.1
99839.1
99839.1
99839.1
99839.1
99839.1
99839.1
99839.1
99839.1
99839.1
99839.1
99839.1
99839.1
99839.1
99832.9
99832.9
99832.9
99832.9
99832.9
99832.9
99832.9
99832.9
99832.9
99832.9
99832.9
99832.9
99832.9
99832.9
99832.9
99832.9
99832.9
99832.9
99832.9
99832.9
99832.9
99832.9
99832.9
99832.9
99832.9
99832.9
99832.9
99832.9
99832.9
99832.9
99999.9
99999.9
99999.9
99999.9
99999.9
99999.9
99999.9
99999.9
99999.9
99999.8
99999.8
99999.7
99999.7
99999.7
99999.6
99999.6
99999.5
99999.5
99999.5
99999.4
99999.4
99999.4
99999.4
99999.4
99999.5
99999.5
99999.6
99999.6
99999.7
99999.8
99999.9
100000
100000
100000
100000
100001
100001
100001
100000
99999.8
99998.9
99998.9
99998.9
99998.9
99998.9
99998.9
99998.9
99998.9
99998.9
99998.9
99998.8
99998.8
99998.7
99998.7
99998.7
99998.6
99998.6
99998.5
99998.5
99998.5
99998.5
99998.5
99998.5
99998.5
99998.5
99998.6
99998.6
99998.7
99998.7
99998.8
99998.9
99999
99999.2
99999.3
99999.4
99999.5
99999.5
99999.4
99999.2
99998.9
99997.9
99997.9
99997.9
99997.9
99997.9
99997.9
99997.9
99997.9
99997.9
99997.9
99997.8
99997.8
99997.8
99997.7
99997.7
99997.6
99997.6
99997.5
99997.5
99997.5
99997.5
99997.5
99997.5
99997.5
99997.5
99997.6
99997.6
99997.7
99997.8
99997.8
99997.9
99998
99998.2
99998.2
99998.3
99998.4
99998.4
99998.2
99998
99997.7
99996.9
99996.9
99996.9
99996.9
99996.9
99996.9
99996.9
99996.9
99996.8
99996.8
99996.8
99996.8
99996.7
99996.7
99996.6
99996.6
99996.6
99996.5
99996.5
99996.5
99996.5
99996.5
99996.5
99996.5
99996.5
99996.6
99996.6
99996.7
99996.7
99996.8
99996.9
99997
99997.1
99997.2
99997.2
99997.2
99997.2
99997.1
99996.9
99996.7
99995.8
99995.8
99995.8
99995.8
99995.8
99995.8
99995.8
99995.8
99995.8
99995.8
99995.7
99995.7
99995.7
99995.6
99995.6
99995.5
99995.5
99995.5
99995.4
99995.4
99995.4
99995.4
99995.4
99995.4
99995.5
99995.5
99995.6
99995.6
99995.7
99995.8
99995.8
99995.9
99996
99996.1
99996.1
99996.1
99996
99995.9
99995.8
99995.6
99994.7
99994.7
99994.7
99994.7
99994.7
99994.7
99994.7
99994.7
99994.7
99994.6
99994.6
99994.6
99994.6
99994.5
99994.5
99994.5
99994.4
99994.4
99994.4
99994.3
99994.3
99994.3
99994.3
99994.4
99994.4
99994.4
99994.5
99994.5
99994.6
99994.7
99994.7
99994.8
99994.9
99994.9
99994.9
99994.9
99994.9
99994.8
99994.6
99994.5
99993.5
99993.6
99993.6
99993.6
99993.6
99993.6
99993.5
99993.5
99993.5
99993.5
99993.5
99993.5
99993.4
99993.4
99993.4
99993.3
99993.3
99993.3
99993.2
99993.2
99993.2
99993.2
99993.2
99993.2
99993.3
99993.3
99993.3
99993.4
99993.5
99993.5
99993.6
99993.6
99993.7
99993.7
99993.7
99993.7
99993.7
99993.6
99993.5
99993.4
99992.4
99992.4
99992.4
99992.4
99992.4
99992.4
99992.4
99992.4
99992.3
99992.3
99992.3
99992.3
99992.3
99992.2
99992.2
99992.2
99992.1
99992.1
99992.1
99992
99992
99992
99992.1
99992.1
99992.1
99992.1
99992.2
99992.2
99992.3
99992.3
99992.4
99992.4
99992.5
99992.5
99992.5
99992.5
99992.4
99992.4
99992.3
99992.2
99991.2
99991.2
99991.2
99991.2
99991.2
99991.2
99991.2
99991.1
99991.1
99991.1
99991.1
99991.1
99991.1
99991
99991
99991
99990.9
99990.9
99990.9
99990.9
99990.8
99990.8
99990.9
99990.9
99990.9
99990.9
99991
99991
99991.1
99991.1
99991.2
99991.2
99991.2
99991.2
99991.2
99991.2
99991.2
99991.1
99991.1
99991
99989.9
99989.9
99989.9
99989.9
99989.9
99989.9
99989.9
99989.9
99989.9
99989.9
99989.8
99989.8
99989.8
99989.8
99989.7
99989.7
99989.7
99989.7
99989.6
99989.6
99989.6
99989.6
99989.6
99989.6
99989.7
99989.7
99989.7
99989.8
99989.8
99989.9
99989.9
99989.9
99990
99990
99989.9
99989.9
99989.9
99989.8
99989.8
99989.8
99988.6
99988.6
99988.6
99988.6
99988.6
99988.6
99988.6
99988.6
99988.6
99988.6
99988.6
99988.5
99988.5
99988.5
99988.5
99988.4
99988.4
99988.4
99988.4
99988.3
99988.3
99988.3
99988.3
99988.4
99988.4
99988.4
99988.5
99988.5
99988.5
99988.6
99988.6
99988.6
99988.6
99988.6
99988.6
99988.6
99988.6
99988.5
99988.5
99988.5
99987.3
99987.3
99987.3
99987.3
99987.3
99987.3
99987.3
99987.3
99987.3
99987.2
99987.2
99987.2
99987.2
99987.2
99987.1
99987.1
99987.1
99987.1
99987
99987
99987
99987
99987
99987
99987.1
99987.1
99987.1
99987.2
99987.2
99987.2
99987.3
99987.3
99987.3
99987.3
99987.3
99987.2
99987.2
99987.2
99987.2
99987.1
99985.9
99985.9
99985.9
99985.9
99985.9
99985.9
99985.9
99985.9
99985.9
99985.9
99985.8
99985.8
99985.8
99985.8
99985.8
99985.7
99985.7
99985.7
99985.7
99985.7
99985.6
99985.6
99985.7
99985.7
99985.7
99985.7
99985.8
99985.8
99985.8
99985.8
99985.9
99985.9
99985.9
99985.9
99985.9
99985.8
99985.8
99985.8
99985.8
99985.8
99984.5
99984.5
99984.5
99984.5
99984.5
99984.5
99984.5
99984.5
99984.5
99984.4
99984.4
99984.4
99984.4
99984.4
99984.4
99984.3
99984.3
99984.3
99984.3
99984.2
99984.2
99984.2
99984.3
99984.3
99984.3
99984.3
99984.3
99984.4
99984.4
99984.4
99984.4
99984.4
99984.4
99984.4
99984.4
99984.4
99984.4
99984.4
99984.4
99984.3
99983
99983
99983
99983
99983
99983
99983
99983
99983
99983
99983
99982.9
99982.9
99982.9
99982.9
99982.9
99982.8
99982.8
99982.8
99982.8
99982.8
99982.8
99982.8
99982.8
99982.8
99982.9
99982.9
99982.9
99982.9
99982.9
99983
99983
99983
99983
99982.9
99982.9
99982.9
99982.9
99982.9
99982.9
99981.5
99981.5
99981.5
99981.5
99981.5
99981.5
99981.5
99981.5
99981.5
99981.5
99981.4
99981.4
99981.4
99981.4
99981.4
99981.4
99981.3
99981.3
99981.3
99981.3
99981.3
99981.3
99981.3
99981.3
99981.3
99981.3
99981.4
99981.4
99981.4
99981.4
99981.4
99981.4
99981.4
99981.4
99981.4
99981.4
99981.4
99981.4
99981.4
99981.4
99979.9
99979.9
99979.9
99979.9
99979.9
99979.9
99979.9
99979.9
99979.9
99979.9
99979.9
99979.9
99979.9
99979.8
99979.8
99979.8
99979.8
99979.8
99979.8
99979.7
99979.7
99979.7
99979.7
99979.8
99979.8
99979.8
99979.8
99979.8
99979.8
99979.9
99979.9
99979.9
99979.9
99979.9
99979.8
99979.8
99979.8
99979.8
99979.8
99979.8
99978.3
99978.3
99978.3
99978.3
99978.3
99978.3
99978.3
99978.3
99978.3
99978.3
99978.3
99978.3
99978.2
99978.2
99978.2
99978.2
99978.2
99978.2
99978.1
99978.1
99978.1
99978.1
99978.1
99978.1
99978.2
99978.2
99978.2
99978.2
99978.2
99978.2
99978.2
99978.2
99978.2
99978.2
99978.2
99978.2
99978.2
99978.2
99978.2
99978.2
99976.6
99976.6
99976.6
99976.6
99976.6
99976.6
99976.6
99976.6
99976.6
99976.6
99976.6
99976.6
99976.6
99976.6
99976.6
99976.5
99976.5
99976.5
99976.5
99976.5
99976.5
99976.5
99976.5
99976.5
99976.5
99976.5
99976.5
99976.5
99976.6
99976.6
99976.6
99976.6
99976.6
99976.6
99976.6
99976.5
99976.5
99976.5
99976.5
99976.5
99974.9
99974.9
99974.9
99974.9
99974.9
99974.9
99974.9
99974.9
99974.9
99974.9
99974.9
99974.9
99974.9
99974.9
99974.8
99974.8
99974.8
99974.8
99974.8
99974.8
99974.8
99974.8
99974.8
99974.8
99974.8
99974.8
99974.8
99974.8
99974.8
99974.8
99974.8
99974.8
99974.8
99974.8
99974.8
99974.8
99974.8
99974.8
99974.8
99974.8
99973.1
99973.1
99973.1
99973.1
99973.1
99973.1
99973.1
99973.1
99973.1
99973.1
99973.1
99973.1
99973.1
99973.1
99973.1
99973.1
99973
99973
99973
99973
99973
99973
99973
99973
99973
99973
99973
99973
99973.1
99973.1
99973.1
99973.1
99973.1
99973.1
99973.1
99973
99973
99973
99973
99973
99971.3
99971.3
99971.3
99971.3
99971.3
99971.3
99971.3
99971.3
99971.3
99971.3
99971.3
99971.3
99971.3
99971.3
99971.2
99971.2
99971.2
99971.2
99971.2
99971.2
99971.2
99971.2
99971.2
99971.2
99971.2
99971.2
99971.2
99971.2
99971.2
99971.2
99971.2
99971.2
99971.2
99971.2
99971.2
99971.2
99971.2
99971.2
99971.2
99971.2
99969.4
99969.4
99969.4
99969.4
99969.4
99969.4
99969.4
99969.4
99969.4
99969.4
99969.4
99969.4
99969.4
99969.4
99969.3
99969.3
99969.3
99969.3
99969.3
99969.3
99969.3
99969.3
99969.3
99969.3
99969.3
99969.3
99969.3
99969.3
99969.3
99969.3
99969.3
99969.3
99969.3
99969.3
99969.3
99969.3
99969.3
99969.3
99969.3
99969.3
99967.5
99967.5
99967.5
99967.5
99967.5
99967.5
99967.5
99967.4
99967.4
99967.4
99967.4
99967.4
99967.4
99967.4
99967.4
99967.4
99967.4
99967.4
99967.4
99967.3
99967.3
99967.3
99967.3
99967.3
99967.4
99967.4
99967.4
99967.4
99967.4
99967.4
99967.4
99967.4
99967.4
99967.4
99967.4
99967.4
99967.4
99967.4
99967.3
99967.3
99965.4
99965.4
99965.4
99965.4
99965.4
99965.4
99965.4
99965.4
99965.4
99965.4
99965.4
99965.4
99965.4
99965.4
99965.4
99965.4
99965.4
99965.4
99965.3
99965.3
99965.3
99965.3
99965.3
99965.3
99965.3
99965.3
99965.3
99965.4
99965.4
99965.4
99965.4
99965.4
99965.3
99965.3
99965.3
99965.3
99965.3
99965.3
99965.3
99965.3
99963.4
99963.4
99963.4
99963.4
99963.4
99963.4
99963.3
99963.3
99963.3
99963.3
99963.3
99963.3
99963.3
99963.3
99963.3
99963.3
99963.3
99963.3
99963.3
99963.3
99963.2
99963.2
99963.2
99963.3
99963.3
99963.3
99963.3
99963.3
99963.3
99963.3
99963.3
99963.3
99963.3
99963.3
99963.3
99963.3
99963.3
99963.3
99963.2
99963.2
99961.2
99961.2
99961.2
99961.2
99961.2
99961.2
99961.2
99961.2
99961.2
99961.2
99961.2
99961.2
99961.2
99961.2
99961.2
99961.1
99961.1
99961.1
99961.1
99961.1
99961.1
99961.1
99961.1
99961.1
99961.1
99961.1
99961.1
99961.1
99961.1
99961.1
99961.1
99961.1
99961.1
99961.1
99961.1
99961.1
99961.1
99961.1
99961.1
99961.1
99959
99959
99959
99959
99959
99959
99959
99959
99959
99959
99959
99959
99958.9
99958.9
99958.9
99958.9
99958.9
99958.9
99958.9
99958.9
99958.9
99958.9
99958.9
99958.9
99958.9
99958.9
99958.9
99958.9
99958.9
99958.9
99958.9
99958.9
99958.9
99958.9
99958.9
99958.9
99958.9
99958.9
99958.9
99958.9
99956.7
99956.7
99956.7
99956.7
99956.7
99956.7
99956.7
99956.7
99956.7
99956.7
99956.7
99956.7
99956.7
99956.6
99956.6
99956.6
99956.6
99956.6
99956.6
99956.6
99956.6
99956.6
99956.6
99956.6
99956.6
99956.6
99956.6
99956.6
99956.6
99956.6
99956.6
99956.6
99956.6
99956.6
99956.6
99956.6
99956.6
99956.6
99956.6
99956.6
99954.3
99954.3
99954.3
99954.3
99954.3
99954.3
99954.3
99954.3
99954.3
99954.3
99954.3
99954.3
99954.3
99954.3
99954.3
99954.3
99954.3
99954.3
99954.2
99954.2
99954.2
99954.2
99954.2
99954.2
99954.2
99954.2
99954.2
99954.2
99954.2
99954.2
99954.2
99954.2
99954.2
99954.2
99954.2
99954.2
99954.2
99954.2
99954.2
99954.2
99951.9
99951.9
99951.9
99951.9
99951.9
99951.9
99951.9
99951.9
99951.9
99951.9
99951.9
99951.8
99951.8
99951.8
99951.8
99951.8
99951.8
99951.8
99951.8
99951.8
99951.8
99951.8
99951.8
99951.8
99951.8
99951.8
99951.8
99951.8
99951.8
99951.8
99951.8
99951.8
99951.8
99951.8
99951.8
99951.8
99951.8
99951.8
99951.8
99951.8
99949.3
99949.3
99949.3
99949.3
99949.3
99949.3
99949.3
99949.3
99949.3
99949.3
99949.3
99949.3
99949.3
99949.3
99949.3
99949.3
99949.3
99949.3
99949.3
99949.3
99949.3
99949.3
99949.3
99949.3
99949.3
99949.3
99949.3
99949.3
99949.3
99949.3
99949.3
99949.3
99949.3
99949.3
99949.3
99949.3
99949.3
99949.3
99949.3
99949.2
99946.7
99946.7
99946.7
99946.7
99946.7
99946.7
99946.7
99946.7
99946.7
99946.7
99946.7
99946.7
99946.7
99946.7
99946.7
99946.7
99946.7
99946.7
99946.7
99946.7
99946.7
99946.7
99946.7
99946.7
99946.7
99946.7
99946.7
99946.7
99946.7
99946.7
99946.7
99946.7
99946.7
99946.7
99946.6
99946.6
99946.6
99946.6
99946.6
99946.6
99944
99944
99944
99944
99944
99944
99944
99944
99944
99944
99944
99944
99944
99944
99944
99944
99944
99944
99944
99944
99944
99944
99944
99944
99944
99944
99944
99944
99944
99944
99944
99944
99944
99944
99944
99944
99944
99944
99944
99944
99941.3
99941.3
99941.3
99941.3
99941.3
99941.3
99941.3
99941.3
99941.3
99941.3
99941.2
99941.2
99941.2
99941.2
99941.2
99941.2
99941.2
99941.2
99941.2
99941.2
99941.2
99941.2
99941.2
99941.2
99941.2
99941.2
99941.2
99941.2
99941.2
99941.2
99941.2
99941.2
99941.2
99941.2
99941.2
99941.2
99941.2
99941.2
99941.2
99941.2
99938.4
99938.4
99938.4
99938.4
99938.4
99938.4
99938.4
99938.4
99938.4
99938.4
99938.4
99938.4
99938.4
99938.4
99938.4
99938.4
99938.4
99938.3
99938.3
99938.3
99938.3
99938.3
99938.3
99938.3
99938.3
99938.3
99938.3
99938.3
99938.3
99938.3
99938.3
99938.3
99938.3
99938.3
99938.3
99938.3
99938.3
99938.3
99938.3
99938.3
99935.4
99935.4
99935.4
99935.4
99935.4
99935.4
99935.4
99935.4
99935.4
99935.4
99935.4
99935.4
99935.4
99935.4
99935.4
99935.4
99935.4
99935.4
99935.4
99935.4
99935.4
99935.4
99935.4
99935.4
99935.4
99935.4
99935.4
99935.4
99935.4
99935.4
99935.4
99935.4
99935.4
99935.3
99935.3
99935.3
99935.3
99935.3
99935.3
99935.3
99932.4
99932.4
99932.4
99932.4
99932.4
99932.4
99932.4
99932.4
99932.4
99932.4
99932.4
99932.3
99932.3
99932.3
99932.3
99932.3
99932.3
99932.3
99932.3
99932.3
99932.3
99932.3
99932.3
99932.3
99932.3
99932.3
99932.3
99932.3
99932.3
99932.3
99932.3
99932.3
99932.3
99932.3
99932.3
99932.3
99932.3
99932.3
99932.3
99932.3
99929.2
99929.2
99929.2
99929.2
99929.2
99929.2
99929.2
99929.2
99929.2
99929.2
99929.2
99929.2
99929.2
99929.2
99929.2
99929.2
99929.2
99929.2
99929.2
99929.2
99929.2
99929.2
99929.1
99929.1
99929.1
99929.1
99929.1
99929.1
99929.1
99929.1
99929.1
99929.1
99929.1
99929.1
99929.1
99929.1
99929.1
99929.1
99929.1
99929.1
99925.9
99925.9
99925.9
99925.9
99925.9
99925.9
99925.9
99925.9
99925.9
99925.9
99925.9
99925.9
99925.9
99925.9
99925.9
99925.9
99925.9
99925.9
99925.9
99925.9
99925.9
99925.9
99925.9
99925.9
99925.9
99925.9
99925.9
99925.9
99925.9
99925.9
99925.9
99925.9
99925.9
99925.9
99925.9
99925.9
99925.9
99925.9
99925.9
99925.9
99922.6
99922.6
99922.6
99922.6
99922.6
99922.6
99922.6
99922.6
99922.6
99922.6
99922.6
99922.6
99922.6
99922.5
99922.5
99922.5
99922.5
99922.5
99922.5
99922.5
99922.5
99922.5
99922.5
99922.5
99922.5
99922.5
99922.5
99922.5
99922.5
99922.5
99922.5
99922.5
99922.5
99922.5
99922.5
99922.5
99922.5
99922.5
99922.5
99922.5
99919.1
99919.1
99919.1
99919.1
99919.1
99919.1
99919.1
99919.1
99919.1
99919.1
99919.1
99919.1
99919.1
99919.1
99919.1
99919.1
99919.1
99919.1
99919.1
99919
99919
99919
99919
99919
99919
99919
99919
99919
99919
99919
99919
99919
99919
99919
99919
99919
99919
99919
99919
99919
99915.5
99915.5
99915.5
99915.5
99915.5
99915.5
99915.5
99915.5
99915.5
99915.5
99915.5
99915.5
99915.5
99915.5
99915.5
99915.5
99915.5
99915.5
99915.5
99915.5
99915.5
99915.5
99915.4
99915.4
99915.4
99915.4
99915.4
99915.4
99915.4
99915.4
99915.4
99915.4
99915.4
99915.4
99915.4
99915.4
99915.4
99915.4
99915.4
99915.4
99911.8
99911.8
99911.8
99911.8
99911.8
99911.8
99911.8
99911.8
99911.8
99911.8
99911.8
99911.8
99911.8
99911.8
99911.8
99911.8
99911.8
99911.8
99911.8
99911.7
99911.7
99911.7
99911.7
99911.7
99911.7
99911.7
99911.7
99911.7
99911.7
99911.7
99911.7
99911.7
99911.7
99911.7
99911.7
99911.7
99911.7
99911.7
99911.7
99911.7
99907.9
99907.9
99907.9
99907.9
99907.9
99907.9
99907.9
99907.9
99907.9
99907.9
99907.9
99907.9
99907.9
99907.9
99907.9
99907.9
99907.9
99907.9
99907.9
99907.9
99907.9
99907.9
99907.9
99907.9
99907.9
99907.9
99907.9
99907.9
99907.9
99907.9
99907.9
99907.9
99907.9
99907.9
99907.9
99907.9
99907.9
99907.9
99907.9
99907.9
99904
99904
99904
99904
99904
99904
99904
99904
99904
99904
99904
99904
99904
99904
99904
99904
99904
99904
99904
99904
99904
99904
99904
99904
99903.9
99903.9
99903.9
99903.9
99903.9
99903.9
99903.9
99903.9
99903.9
99903.9
99903.9
99903.9
99903.9
99903.9
99903.9
99903.9
99899.9
99899.9
99899.9
99899.9
99899.9
99899.9
99899.9
99899.9
99899.9
99899.9
99899.9
99899.9
99899.9
99899.9
99899.9
99899.9
99899.9
99899.9
99899.9
99899.9
99899.9
99899.9
99899.9
99899.9
99899.9
99899.9
99899.9
99899.9
99899.9
99899.9
99899.9
99899.9
99899.9
99899.9
99899.9
99899.9
99899.9
99899.8
99899.8
99899.8
99895.7
99895.7
99895.7
99895.7
99895.7
99895.7
99895.7
99895.7
99895.7
99895.7
99895.7
99895.7
99895.7
99895.7
99895.7
99895.7
99895.7
99895.7
99895.7
99895.7
99895.7
99895.7
99895.7
99895.6
99895.6
99895.6
99895.6
99895.6
99895.6
99895.6
99895.6
99895.6
99895.6
99895.6
99895.6
99895.6
99895.6
99895.6
99895.6
99895.6
99891.3
99891.3
99891.3
99891.3
99891.3
99891.3
99891.3
99891.3
99891.3
99891.3
99891.3
99891.3
99891.3
99891.3
99891.3
99891.3
99891.3
99891.3
99891.3
99891.3
99891.3
99891.3
99891.3
99891.3
99891.3
99891.3
99891.3
99891.3
99891.3
99891.3
99891.3
99891.3
99891.3
99891.3
99891.3
99891.3
99891.3
99891.3
99891.3
99891.3
99886.8
99886.8
99886.8
99886.8
99886.8
99886.8
99886.8
99886.8
99886.8
99886.8
99886.8
99886.8
99886.8
99886.8
99886.8
99886.8
99886.8
99886.8
99886.8
99886.8
99886.8
99886.8
99886.8
99886.8
99886.8
99886.8
99886.8
99886.8
99886.8
99886.8
99886.8
99886.8
99886.8
99886.8
99886.8
99886.8
99886.8
99886.8
99886.8
99886.8
99882.2
99882.2
99882.2
99882.2
99882.2
99882.2
99882.2
99882.2
99882.2
99882.2
99882.2
99882.2
99882.2
99882.2
99882.2
99882.2
99882.2
99882.2
99882.2
99882.2
99882.2
99882.2
99882.2
99882.2
99882.1
99882.1
99882.1
99882.1
99882.1
99882.1
99882.1
99882.1
99882.1
99882.1
99882.1
99882.1
99882.1
99882.1
99882.1
99882.1
99877.4
99877.4
99877.4
99877.4
99877.4
99877.4
99877.4
99877.4
99877.4
99877.4
99877.4
99877.4
99877.4
99877.4
99877.4
99877.4
99877.4
99877.4
99877.4
99877.4
99877.4
99877.4
99877.4
99877.4
99877.4
99877.4
99877.4
99877.4
99877.3
99877.3
99877.3
99877.3
99877.3
99877.3
99877.3
99877.3
99877.3
99877.3
99877.3
99877.3
99872.4
99872.4
99872.4
99872.4
99872.4
99872.4
99872.4
99872.4
99872.4
99872.4
99872.4
99872.4
99872.4
99872.4
99872.4
99872.4
99872.4
99872.4
99872.4
99872.4
99872.4
99872.4
99872.4
99872.4
99872.4
99872.4
99872.4
99872.4
99872.4
99872.4
99872.4
99872.4
99872.4
99872.4
99872.4
99872.4
99872.4
99872.4
99872.4
99872.4
99867.3
99867.3
99867.3
99867.3
99867.3
99867.3
99867.3
99867.3
99867.3
99867.3
99867.3
99867.3
99867.3
99867.3
99867.3
99867.3
99867.3
99867.3
99867.3
99867.3
99867.3
99867.3
99867.3
99867.3
99867.3
99867.3
99867.3
99867.3
99867.3
99867.3
99867.3
99867.3
99867.3
99867.3
99867.3
99867.3
99867.3
99867.3
99867.3
99867.3
99862
99862
99862
99862
99862
99862
99862
99862
99862
99862
99862
99862
99862
99862
99862
99862
99862
99862
99862
99862
99862
99862
99862
99862
99862
99862
99862
99862
99862
99862
99862
99862
99862
99862
99862
99862
99862
99862
99862
99862
99856.6
99856.6
99856.6
99856.6
99856.6
99856.6
99856.6
99856.6
99856.6
99856.6
99856.6
99856.6
99856.6
99856.6
99856.6
99856.6
99856.6
99856.6
99856.6
99856.6
99856.6
99856.6
99856.6
99856.6
99856.6
99856.6
99856.6
99856.6
99856.6
99856.6
99856.6
99856.5
99856.5
99856.5
99856.5
99856.5
99856.5
99856.5
99856.5
99856.5
99851
99850.9
99850.9
99850.9
99850.9
99850.9
99850.9
99850.9
99850.9
99850.9
99850.9
99850.9
99850.9
99850.9
99850.9
99850.9
99850.9
99850.9
99850.9
99850.9
99850.9
99850.9
99850.9
99850.9
99850.9
99850.9
99850.9
99850.9
99850.9
99850.9
99850.9
99850.9
99850.9
99850.9
99850.9
99850.9
99850.9
99850.9
99850.9
99850.9
99845.1
99845.1
99845.1
99845.1
99845.1
99845.1
99845.1
99845.1
99845.1
99845.1
99845.1
99845.1
99845.1
99845.1
99845.1
99845.1
99845.1
99845.1
99845.1
99845.1
99845.1
99845.1
99845.1
99845.1
99845.1
99845.1
99845.1
99845.1
99845.1
99845.1
99845.1
99845.1
99845.1
99845.1
99845.1
99845.1
99845.1
99845.1
99845.1
99845.1
99839.1
99839.1
99839.1
99839.1
99839.1
99839.1
99839.1
99839.1
99839.1
99839.1
99839.1
99839.1
99839.1
99839.1
99839.1
99839.1
99839.1
99839.1
99839.1
99839.1
99839.1
99839.1
99839.1
99839.1
99839.1
99839.1
99839.1
99839.1
99839.1
99839.1
99839.1
99839.1
99839.1
99839.1
99839.1
99839.1
99839.1
99839.1
99839.1
99839.1
99832.9
99832.9
99832.9
99832.9
99832.9
99832.9
99832.9
99832.9
99832.9
99832.9
99832.9
99832.9
99832.9
99832.9
99832.9
99832.9
99832.9
99832.9
99832.9
99832.9
99832.9
99832.9
99832.9
99832.9
99832.9
99832.9
99832.9
99832.9
99832.9
99832.9
99832.9
99832.9
99832.9
99832.9
99832.9
99832.9
99832.9
99832.9
99832.9
99832.9
99997.4
99998.2
99998.7
99998.9
99999
99999.1
99999.2
99999.2
99999.2
99999.3
99999.3
99999.3
99999.4
99999.4
99999.4
99999.4
99999.4
99999.4
99999.5
99999.5
99999.5
99999.5
99999.5
99999.5
99999.5
99999.5
99999.5
99999.5
99999.5
99999.5
99998
99998
99998.1
99998.1
99998.1
99998.2
99998.2
99998.3
99998.3
99998.3
99998.4
99998.4
99998.4
99998.4
99998.4
99998.5
99998.5
99998.5
99998.5
99998.5
99998.5
99998.5
99998.5
99998.5
99998.5
99998.5
99998.6
99998.6
99998.6
99998.6
99997.2
99997
99997.1
99997.1
99997.1
99997.2
99997.2
99997.3
99997.3
99997.3
99997.4
99997.4
99997.4
99997.4
99997.4
99997.5
99997.5
99997.5
99997.5
99997.5
99997.5
99997.5
99997.5
99997.5
99997.5
99997.6
99997.6
99997.6
99997.6
99997.6
99996.4
99996.3
99996.2
99996.2
99996.2
99996.2
99996.3
99996.3
99996.3
99996.3
99996.4
99996.4
99996.4
99996.4
99996.4
99996.4
99996.5
99996.5
99996.5
99996.5
99996.5
99996.5
99996.5
99996.5
99996.5
99996.5
99996.5
99996.5
99996.5
99996.5
99995.4
99995.3
99995.2
99995.2
99995.2
99995.2
99995.2
99995.2
99995.3
99995.3
99995.3
99995.3
99995.3
99995.4
99995.4
99995.4
99995.4
99995.4
99995.4
99995.4
99995.4
99995.4
99995.4
99995.5
99995.5
99995.5
99995.5
99995.5
99995.5
99995.5
99994.4
99994.3
99994.2
99994.2
99994.2
99994.2
99994.2
99994.2
99994.2
99994.2
99994.2
99994.2
99994.3
99994.3
99994.3
99994.3
99994.3
99994.3
99994.3
99994.3
99994.3
99994.3
99994.4
99994.4
99994.4
99994.4
99994.4
99994.4
99994.4
99994.4
99993.3
99993.2
99993.2
99993.1
99993.1
99993.1
99993.1
99993.1
99993.1
99993.1
99993.1
99993.1
99993.1
99993.1
99993.2
99993.2
99993.2
99993.2
99993.2
99993.2
99993.2
99993.2
99993.2
99993.2
99993.2
99993.2
99993.2
99993.2
99993.3
99993.3
99992.2
99992.1
99992.1
99992
99992
99992
99992
99991.9
99991.9
99992
99992
99992
99992
99992
99992
99992
99992
99992
99992
99992
99992
99992.1
99992.1
99992.1
99992.1
99992.1
99992.1
99992.1
99992.1
99992.1
99991
99990.9
99990.9
99990.8
99990.8
99990.8
99990.8
99990.8
99990.8
99990.8
99990.8
99990.8
99990.8
99990.8
99990.8
99990.8
99990.8
99990.8
99990.8
99990.8
99990.8
99990.8
99990.9
99990.9
99990.9
99990.9
99990.9
99990.9
99990.9
99990.9
99989.7
99989.7
99989.7
99989.6
99989.6
99989.6
99989.6
99989.6
99989.5
99989.5
99989.5
99989.5
99989.5
99989.6
99989.6
99989.6
99989.6
99989.6
99989.6
99989.6
99989.6
99989.6
99989.6
99989.6
99989.6
99989.6
99989.6
99989.6
99989.6
99989.6
99988.4
99988.4
99988.4
99988.4
99988.3
99988.3
99988.3
99988.3
99988.3
99988.3
99988.3
99988.3
99988.3
99988.3
99988.3
99988.3
99988.3
99988.3
99988.3
99988.3
99988.3
99988.3
99988.3
99988.3
99988.3
99988.3
99988.3
99988.3
99988.4
99988.3
99987.1
99987.1
99987.1
99987
99987
99987
99987
99987
99987
99987
99987
99987
99987
99987
99987
99987
99987
99987
99987
99987
99987
99987
99987
99987
99987
99987
99987
99987
99987
99987
99985.7
99985.7
99985.7
99985.7
99985.7
99985.7
99985.6
99985.6
99985.6
99985.6
99985.6
99985.6
99985.6
99985.6
99985.6
99985.6
99985.6
99985.6
99985.6
99985.6
99985.6
99985.6
99985.6
99985.6
99985.6
99985.6
99985.6
99985.6
99985.7
99985.7
99984.3
99984.3
99984.3
99984.3
99984.3
99984.2
99984.2
99984.2
99984.2
99984.2
99984.2
99984.2
99984.2
99984.2
99984.2
99984.2
99984.2
99984.2
99984.2
99984.2
99984.2
99984.2
99984.2
99984.2
99984.2
99984.2
99984.2
99984.2
99984.2
99984.2
99982.9
99982.8
99982.8
99982.8
99982.8
99982.8
99982.8
99982.8
99982.8
99982.8
99982.8
99982.7
99982.7
99982.7
99982.7
99982.7
99982.7
99982.7
99982.7
99982.8
99982.8
99982.8
99982.8
99982.8
99982.8
99982.8
99982.8
99982.8
99982.8
99982.8
99981.3
99981.3
99981.3
99981.3
99981.3
99981.3
99981.3
99981.3
99981.3
99981.3
99981.3
99981.3
99981.2
99981.2
99981.2
99981.2
99981.2
99981.2
99981.2
99981.2
99981.2
99981.3
99981.3
99981.3
99981.3
99981.3
99981.3
99981.3
99981.3
99981.3
99979.8
99979.8
99979.8
99979.8
99979.8
99979.7
99979.7
99979.7
99979.7
99979.7
99979.7
99979.7
99979.7
99979.7
99979.7
99979.7
99979.7
99979.7
99979.7
99979.7
99979.7
99979.7
99979.7
99979.7
99979.7
99979.7
99979.7
99979.7
99979.7
99979.7
99978.2
99978.2
99978.2
99978.2
99978.1
99978.1
99978.1
99978.1
99978.1
99978.1
99978.1
99978.1
99978.1
99978.1
99978.1
99978.1
99978.1
99978.1
99978.1
99978.1
99978.1
99978.1
99978.1
99978.1
99978.1
99978.1
99978.1
99978.1
99978.1
99978.1
99976.5
99976.5
99976.5
99976.5
99976.5
99976.5
99976.5
99976.5
99976.5
99976.5
99976.4
99976.4
99976.4
99976.4
99976.4
99976.4
99976.4
99976.4
99976.4
99976.4
99976.4
99976.4
99976.4
99976.4
99976.4
99976.4
99976.4
99976.4
99976.4
99976.4
99974.8
99974.8
99974.8
99974.8
99974.8
99974.8
99974.8
99974.8
99974.7
99974.7
99974.7
99974.7
99974.7
99974.7
99974.7
99974.7
99974.7
99974.7
99974.7
99974.7
99974.7
99974.7
99974.7
99974.7
99974.7
99974.7
99974.7
99974.7
99974.7
99974.7
99973
99973
99973
99973
99973
99973
99973
99973
99973
99973
99973
99973
99973
99973
99973
99973
99973
99973
99972.9
99972.9
99972.9
99972.9
99972.9
99972.9
99972.9
99973
99973
99973
99973
99973
99971.2
99971.2
99971.2
99971.2
99971.2
99971.2
99971.2
99971.2
99971.2
99971.1
99971.1
99971.1
99971.1
99971.1
99971.1
99971.1
99971.1
99971.1
99971.1
99971.1
99971.1
99971.1
99971.1
99971.1
99971.1
99971.1
99971.1
99971.1
99971.1
99971.1
99969.3
99969.3
99969.3
99969.3
99969.3
99969.3
99969.3
99969.3
99969.3
99969.3
99969.3
99969.3
99969.3
99969.2
99969.2
99969.2
99969.2
99969.2
99969.2
99969.2
99969.2
99969.2
99969.2
99969.2
99969.2
99969.2
99969.2
99969.2
99969.2
99969.2
99967.3
99967.3
99967.3
99967.3
99967.3
99967.3
99967.3
99967.3
99967.3
99967.3
99967.3
99967.3
99967.3
99967.3
99967.3
99967.3
99967.3
99967.3
99967.3
99967.3
99967.3
99967.3
99967.3
99967.3
99967.3
99967.3
99967.3
99967.3
99967.3
99967.3
99965.3
99965.3
99965.3
99965.3
99965.3
99965.3
99965.3
99965.3
99965.3
99965.3
99965.3
99965.3
99965.3
99965.3
99965.3
99965.3
99965.3
99965.3
99965.3
99965.3
99965.3
99965.3
99965.3
99965.3
99965.3
99965.3
99965.3
99965.3
99965.3
99965.3
99963.2
99963.2
99963.2
99963.2
99963.2
99963.2
99963.2
99963.2
99963.2
99963.2
99963.2
99963.2
99963.2
99963.2
99963.2
99963.2
99963.2
99963.2
99963.2
99963.2
99963.2
99963.2
99963.2
99963.2
99963.2
99963.2
99963.2
99963.2
99963.2
99963.2
99961.1
99961.1
99961.1
99961.1
99961.1
99961.1
99961.1
99961.1
99961.1
99961.1
99961.1
99961.1
99961.1
99961.1
99961.1
99961.1
99961.1
99961.1
99961.1
99961.1
99961
99961
99961
99961
99961
99961
99961
99961
99961
99961
99958.9
99958.9
99958.9
99958.9
99958.9
99958.9
99958.9
99958.9
99958.9
99958.9
99958.9
99958.9
99958.8
99958.8
99958.8
99958.8
99958.8
99958.8
99958.8
99958.8
99958.8
99958.8
99958.8
99958.8
99958.8
99958.8
99958.8
99958.8
99958.8
99958.8
99956.6
99956.6
99956.6
99956.6
99956.6
99956.6
99956.6
99956.6
99956.6
99956.6
99956.6
99956.6
99956.6
99956.6
99956.6
99956.6
99956.6
99956.5
99956.5
99956.5
99956.5
99956.5
99956.5
99956.5
99956.5
99956.5
99956.5
99956.5
99956.5
99956.5
99954.2
99954.2
99954.2
99954.2
99954.2
99954.2
99954.2
99954.2
99954.2
99954.2
99954.2
99954.2
99954.2
99954.2
99954.2
99954.2
99954.2
99954.2
99954.2
99954.2
99954.2
99954.2
99954.2
99954.2
99954.2
99954.2
99954.2
99954.2
99954.2
99954.2
99951.8
99951.8
99951.8
99951.8
99951.8
99951.8
99951.8
99951.8
99951.8
99951.8
99951.8
99951.8
99951.8
99951.8
99951.7
99951.7
99951.7
99951.7
99951.7
99951.7
99951.7
99951.7
99951.7
99951.7
99951.7
99951.7
99951.7
99951.7
99951.7
99951.7
99949.2
99949.2
99949.2
99949.2
99949.2
99949.2
99949.2
99949.2
99949.2
99949.2
99949.2
99949.2
99949.2
99949.2
99949.2
99949.2
99949.2
99949.2
99949.2
99949.2
99949.2
99949.2
99949.2
99949.2
99949.2
99949.2
99949.2
99949.2
99949.2
99949.2
99946.6
99946.6
99946.6
99946.6
99946.6
99946.6
99946.6
99946.6
99946.6
99946.6
99946.6
99946.6
99946.6
99946.6
99946.6
99946.6
99946.6
99946.6
99946.6
99946.6
99946.6
99946.6
99946.6
99946.6
99946.6
99946.6
99946.6
99946.6
99946.6
99946.6
99944
99944
99944
99943.9
99943.9
99943.9
99943.9
99943.9
99943.9
99943.9
99943.9
99943.9
99943.9
99943.9
99943.9
99943.9
99943.9
99943.9
99943.9
99943.9
99943.9
99943.9
99943.9
99943.9
99943.9
99943.9
99943.9
99943.9
99943.9
99943.9
99941.2
99941.2
99941.2
99941.2
99941.2
99941.2
99941.2
99941.2
99941.2
99941.2
99941.2
99941.2
99941.2
99941.2
99941.2
99941.2
99941.2
99941.2
99941.2
99941.1
99941.1
99941.1
99941.1
99941.1
99941.1
99941.1
99941.1
99941.1
99941.1
99941.1
99938.3
99938.3
99938.3
99938.3
99938.3
99938.3
99938.3
99938.3
99938.3
99938.3
99938.3
99938.3
99938.3
99938.3
99938.3
99938.3
99938.3
99938.3
99938.3
99938.3
99938.3
99938.3
99938.3
99938.3
99938.3
99938.3
99938.3
99938.3
99938.3
99938.3
99935.3
99935.3
99935.3
99935.3
99935.3
99935.3
99935.3
99935.3
99935.3
99935.3
99935.3
99935.3
99935.3
99935.3
99935.3
99935.3
99935.3
99935.3
99935.3
99935.3
99935.3
99935.3
99935.3
99935.3
99935.3
99935.3
99935.3
99935.3
99935.3
99935.3
99932.3
99932.3
99932.3
99932.3
99932.3
99932.3
99932.3
99932.3
99932.3
99932.3
99932.3
99932.3
99932.3
99932.3
99932.3
99932.3
99932.3
99932.3
99932.3
99932.3
99932.3
99932.3
99932.3
99932.3
99932.3
99932.3
99932.2
99932.2
99932.2
99932.2
99929.1
99929.1
99929.1
99929.1
99929.1
99929.1
99929.1
99929.1
99929.1
99929.1
99929.1
99929.1
99929.1
99929.1
99929.1
99929.1
99929.1
99929.1
99929.1
99929.1
99929.1
99929.1
99929.1
99929.1
99929.1
99929.1
99929.1
99929.1
99929.1
99929.1
99925.9
99925.9
99925.9
99925.9
99925.9
99925.9
99925.9
99925.9
99925.9
99925.9
99925.9
99925.9
99925.9
99925.9
99925.9
99925.8
99925.8
99925.8
99925.8
99925.8
99925.8
99925.8
99925.8
99925.8
99925.8
99925.8
99925.8
99925.8
99925.8
99925.8
99922.5
99922.5
99922.5
99922.5
99922.5
99922.5
99922.5
99922.5
99922.5
99922.5
99922.5
99922.5
99922.5
99922.5
99922.5
99922.5
99922.5
99922.5
99922.5
99922.5
99922.5
99922.5
99922.5
99922.5
99922.5
99922.5
99922.5
99922.5
99922.5
99922.5
99919
99919
99919
99919
99919
99919
99919
99919
99919
99919
99919
99919
99919
99919
99919
99919
99919
99919
99919
99919
99919
99919
99919
99919
99919
99919
99919
99919
99919
99919
99915.4
99915.4
99915.4
99915.4
99915.4
99915.4
99915.4
99915.4
99915.4
99915.4
99915.4
99915.4
99915.4
99915.4
99915.4
99915.4
99915.4
99915.4
99915.4
99915.4
99915.4
99915.4
99915.4
99915.4
99915.4
99915.4
99915.4
99915.4
99915.4
99915.4
99911.7
99911.7
99911.7
99911.7
99911.7
99911.7
99911.7
99911.7
99911.7
99911.7
99911.7
99911.7
99911.7
99911.7
99911.7
99911.7
99911.7
99911.7
99911.7
99911.7
99911.7
99911.7
99911.7
99911.7
99911.7
99911.7
99911.7
99911.7
99911.7
99911.7
99907.9
99907.9
99907.9
99907.9
99907.9
99907.9
99907.9
99907.9
99907.9
99907.9
99907.9
99907.9
99907.9
99907.9
99907.9
99907.9
99907.9
99907.9
99907.9
99907.9
99907.9
99907.9
99907.9
99907.9
99907.9
99907.9
99907.9
99907.9
99907.9
99907.9
99903.9
99903.9
99903.9
99903.9
99903.9
99903.9
99903.9
99903.9
99903.9
99903.9
99903.9
99903.9
99903.9
99903.9
99903.9
99903.9
99903.9
99903.9
99903.9
99903.9
99903.9
99903.9
99903.9
99903.9
99903.9
99903.9
99903.9
99903.9
99903.9
99903.9
99899.8
99899.8
99899.8
99899.8
99899.8
99899.8
99899.8
99899.8
99899.8
99899.8
99899.8
99899.8
99899.8
99899.8
99899.8
99899.8
99899.8
99899.8
99899.8
99899.8
99899.8
99899.8
99899.8
99899.8
99899.8
99899.8
99899.8
99899.8
99899.8
99899.8
99895.6
99895.6
99895.6
99895.6
99895.6
99895.6
99895.6
99895.6
99895.6
99895.6
99895.6
99895.6
99895.6
99895.6
99895.6
99895.6
99895.6
99895.6
99895.6
99895.6
99895.6
99895.6
99895.6
99895.6
99895.6
99895.6
99895.6
99895.6
99895.6
99895.6
99891.3
99891.3
99891.3
99891.3
99891.3
99891.3
99891.3
99891.3
99891.3
99891.3
99891.3
99891.3
99891.3
99891.3
99891.3
99891.3
99891.3
99891.3
99891.3
99891.3
99891.3
99891.3
99891.3
99891.3
99891.3
99891.3
99891.3
99891.3
99891.3
99891.3
99886.8
99886.8
99886.8
99886.8
99886.8
99886.8
99886.8
99886.8
99886.8
99886.8
99886.8
99886.8
99886.8
99886.8
99886.8
99886.8
99886.8
99886.8
99886.8
99886.8
99886.8
99886.8
99886.8
99886.8
99886.8
99886.8
99886.8
99886.8
99886.8
99886.8
99882.1
99882.1
99882.1
99882.1
99882.1
99882.1
99882.1
99882.1
99882.1
99882.1
99882.1
99882.1
99882.1
99882.1
99882.1
99882.1
99882.1
99882.1
99882.1
99882.1
99882.1
99882.1
99882.1
99882.1
99882.1
99882.1
99882.1
99882.1
99882.1
99882.1
99877.3
99877.3
99877.3
99877.3
99877.3
99877.3
99877.3
99877.3
99877.3
99877.3
99877.3
99877.3
99877.3
99877.3
99877.3
99877.3
99877.3
99877.3
99877.3
99877.3
99877.3
99877.3
99877.3
99877.3
99877.3
99877.3
99877.3
99877.3
99877.3
99877.3
99872.4
99872.4
99872.4
99872.4
99872.4
99872.4
99872.4
99872.4
99872.4
99872.4
99872.4
99872.4
99872.4
99872.4
99872.4
99872.4
99872.4
99872.4
99872.4
99872.4
99872.4
99872.4
99872.4
99872.4
99872.4
99872.4
99872.4
99872.4
99872.4
99872.4
99867.3
99867.3
99867.3
99867.3
99867.3
99867.3
99867.3
99867.3
99867.3
99867.3
99867.3
99867.3
99867.3
99867.3
99867.3
99867.3
99867.3
99867.3
99867.3
99867.3
99867.3
99867.3
99867.3
99867.3
99867.3
99867.3
99867.3
99867.3
99867.3
99867.3
99862
99862
99862
99862
99862
99862
99862
99862
99862
99862
99862
99862
99862
99862
99862
99862
99862
99862
99862
99862
99862
99862
99862
99862
99862
99862
99862
99862
99862
99862
99856.5
99856.5
99856.5
99856.5
99856.5
99856.5
99856.5
99856.5
99856.5
99856.5
99856.5
99856.5
99856.5
99856.5
99856.5
99856.5
99856.5
99856.5
99856.5
99856.5
99856.5
99856.5
99856.6
99856.6
99856.6
99856.6
99856.6
99856.6
99856.6
99856.6
99850.9
99850.9
99850.9
99850.9
99850.9
99850.9
99850.9
99850.9
99850.9
99850.9
99850.9
99850.9
99850.9
99850.9
99850.9
99850.9
99850.9
99850.9
99850.9
99850.9
99850.9
99850.9
99850.9
99850.9
99850.9
99850.9
99850.9
99850.9
99850.9
99850.9
99845.1
99845.1
99845.1
99845.1
99845.1
99845.1
99845.1
99845.1
99845.1
99845.1
99845.1
99845.1
99845.1
99845.1
99845.1
99845.1
99845.1
99845.1
99845.1
99845.1
99845.1
99845.1
99845.1
99845.1
99845.1
99845.1
99845.1
99845.1
99845.1
99845.1
99839.1
99839.1
99839.1
99839.1
99839.1
99839.1
99839.1
99839.1
99839.1
99839.1
99839.1
99839.1
99839.1
99839.1
99839.1
99839.1
99839.1
99839.1
99839.1
99839.1
99839.1
99839.1
99839.1
99839.1
99839.1
99839.1
99839.1
99839.1
99839.1
99839.1
99832.9
99832.9
99832.9
99832.9
99832.9
99832.9
99832.9
99832.9
99832.9
99832.9
99832.9
99832.9
99832.9
99832.9
99832.9
99832.9
99832.9
99832.9
99832.9
99832.9
99832.9
99832.9
99832.9
99832.9
99832.9
99832.9
99832.9
99832.9
99832.9
99832.9
)
;

boundaryField
{
    inlet
    {
        type            calculated;
        value           nonuniform List<scalar> 
60
(
99999.8
99998.8
99997.8
99996.8
99995.7
99994.6
99993.5
99992.3
99991.1
99989.9
99988.6
99987.3
99985.9
99984.5
99983
99981.5
99979.9
99978.3
99976.7
99974.9
99973.2
99971.3
99969.4
99967.5
99965.5
99963.4
99961.2
99959
99956.7
99954.4
99951.9
99949.4
99946.8
99944.1
99941.3
99938.4
99935.5
99932.4
99929.2
99926
99922.6
99919.1
99915.5
99911.8
99908
99904
99899.9
99895.7
99891.4
99886.9
99882.2
99877.4
99872.5
99867.3
99862.1
99856.6
99851
99845.2
99839.2
99833
)
;
    }
    outlet
    {
        type            calculated;
        value           nonuniform List<scalar> 
60
(
99999.5
99998.6
99997.6
99996.5
99995.5
99994.4
99993.3
99992.1
99990.9
99989.6
99988.4
99987
99985.7
99984.2
99982.8
99981.3
99979.7
99978.1
99976.4
99974.7
99973
99971.1
99969.2
99967.3
99965.3
99963.2
99961
99958.8
99956.5
99954.2
99951.7
99949.2
99946.6
99943.9
99941.1
99938.3
99935.3
99932.2
99929.1
99925.8
99922.5
99919
99915.4
99911.7
99907.9
99903.9
99899.8
99895.6
99891.3
99886.8
99882.1
99877.3
99872.4
99867.3
99862
99856.6
99850.9
99845.1
99839.1
99832.9
)
;
    }
    top
    {
        type            symmetryPlane;
    }
    ground
    {
        type            calculated;
        value           nonuniform List<scalar> 
40
(
100114
100114
100114
100114
100114
100114
100114
100114
100114
100114
100114
100114
100114
100114
100114
100114
100114
100114
100114
100114
100114
100114
100114
100114
100114
100114
100114
100114
100114
100114
100114
100114
100114
100114
100114
100114
100114
100114
100114
100114
)
;
    }
    sides
    {
        type            empty;
    }
    walls
    {
        type            calculated;
        value           nonuniform List<scalar> 
140
(
100114
100113
100112
100110
100109
100108
100106
100104
100102
100100
100097
100095
100092
100088
100085
100081
100076
100071
100066
100060
100054
100048
100042
100038
100033
100029
100026
100022
100020
100017
100014
100012
100010
100009
100007
100005
100004
100003
100002
100001
100114
100113
100112
100111
100109
100108
100106
100104
100102
100100
100097
100095
100092
100088
100085
100080
100076
100071
100066
100060
100054
100048
100042
100037
100033
100029
100026
100022
100020
100017
100015
100013
100011
100009
100008
100007
100006
100005
100004
100003
100000
100000
100000
100000
100000
100000
100000
100000
100000
100000
100000
100000
100000
100000
100000
100000
100000
100000
100000
100000
100000
100000
100000
100000
100000
100000
100000
100000
100000
100000
99997.9
99998.7
99999.2
99999.4
99999.5
99999.6
99999.6
99999.7
99999.7
99999.8
99999.8
99999.8
99999.8
99999.9
99999.9
99999.9
99999.9
99999.9
99999.9
99999.9
100000
100000
100000
100000
100000
100000
100000
100000
100000
100000
)
;
    }
}


// ************************************************************************* //
