/*--------------------------------*- C++ -*----------------------------------*\
| =========                 |                                                 |
| \\      /  F ield         | OpenFOAM: The Open Source CFD Toolbox           |
|  \\    /   O peration     | Version:  2.2.0                                 |
|   \\  /    A nd           | Web:      www.OpenFOAM.org                      |
|    \\/     M anipulation  |                                                 |
\*---------------------------------------------------------------------------*/
FoamFile
{
    version     2.0;
    format      ascii;
    class       volScalarField;
    location    "1000";
    object      rho;
}
// * * * * * * * * * * * * * * * * * * * * * * * * * * * * * * * * * * * * * //

dimensions      [1 -3 0 0 0 0 0];

internalField   nonuniform List<scalar> 
7600
(
1.15994
1.15994
1.15994
1.15993
1.15993
1.15993
1.15993
1.15993
1.15993
1.15993
1.15993
1.15993
1.15993
1.15993
1.15993
1.15993
1.15993
1.15993
1.15993
1.15993
1.15993
1.15993
1.15993
1.15993
1.15993
1.15993
1.15993
1.15993
1.15993
1.15993
1.15993
1.15994
1.15994
1.15994
1.15994
1.15994
1.15994
1.15994
1.15994
1.15994
1.15992
1.15992
1.15992
1.15992
1.15992
1.15992
1.15992
1.15992
1.15992
1.15992
1.15992
1.15992
1.15992
1.15992
1.15992
1.15992
1.15992
1.15992
1.15992
1.15992
1.15992
1.15992
1.15992
1.15992
1.15992
1.15992
1.15992
1.15992
1.15992
1.15992
1.15992
1.15992
1.15992
1.15992
1.15992
1.15992
1.15992
1.15992
1.15993
1.15993
1.15991
1.15991
1.15991
1.15991
1.15991
1.15991
1.15991
1.15991
1.15991
1.15991
1.15991
1.15991
1.15991
1.15991
1.15991
1.15991
1.1599
1.1599
1.1599
1.1599
1.1599
1.1599
1.1599
1.15991
1.15991
1.15991
1.15991
1.15991
1.15991
1.15991
1.15991
1.15991
1.15991
1.15991
1.15991
1.15991
1.15991
1.15991
1.15991
1.15991
1.1599
1.1599
1.1599
1.1599
1.1599
1.1599
1.15989
1.15989
1.15989
1.15989
1.15989
1.15989
1.15989
1.15989
1.15989
1.15989
1.15989
1.15989
1.15989
1.15989
1.15989
1.15989
1.15989
1.15989
1.15989
1.15989
1.15989
1.15989
1.15989
1.15989
1.1599
1.1599
1.1599
1.1599
1.1599
1.1599
1.1599
1.1599
1.1599
1.1599
1.15988
1.15988
1.15988
1.15988
1.15988
1.15988
1.15988
1.15988
1.15988
1.15988
1.15988
1.15988
1.15988
1.15988
1.15988
1.15988
1.15988
1.15987
1.15987
1.15987
1.15987
1.15987
1.15987
1.15988
1.15988
1.15988
1.15988
1.15988
1.15988
1.15988
1.15988
1.15988
1.15988
1.15988
1.15988
1.15988
1.15988
1.15988
1.15988
1.15988
1.15986
1.15986
1.15986
1.15986
1.15986
1.15986
1.15986
1.15986
1.15986
1.15986
1.15986
1.15986
1.15986
1.15986
1.15986
1.15986
1.15986
1.15986
1.15986
1.15986
1.15986
1.15986
1.15986
1.15986
1.15986
1.15986
1.15986
1.15986
1.15986
1.15986
1.15986
1.15986
1.15986
1.15986
1.15986
1.15986
1.15986
1.15986
1.15986
1.15986
1.15984
1.15984
1.15984
1.15984
1.15984
1.15984
1.15984
1.15984
1.15984
1.15984
1.15984
1.15984
1.15984
1.15984
1.15984
1.15984
1.15984
1.15984
1.15984
1.15984
1.15984
1.15984
1.15984
1.15984
1.15984
1.15984
1.15984
1.15984
1.15984
1.15984
1.15984
1.15984
1.15984
1.15984
1.15984
1.15984
1.15984
1.15984
1.15984
1.15985
1.15982
1.15982
1.15982
1.15982
1.15982
1.15982
1.15982
1.15982
1.15982
1.15982
1.15982
1.15982
1.15982
1.15982
1.15982
1.15982
1.15982
1.15982
1.15982
1.15982
1.15982
1.15982
1.15982
1.15982
1.15982
1.15982
1.15982
1.15982
1.15982
1.15982
1.15982
1.15982
1.15982
1.15982
1.15982
1.15982
1.15982
1.15982
1.15982
1.15982
1.1598
1.1598
1.1598
1.1598
1.1598
1.1598
1.1598
1.1598
1.1598
1.1598
1.1598
1.1598
1.1598
1.1598
1.1598
1.1598
1.15979
1.15979
1.15979
1.15979
1.15979
1.15979
1.15979
1.15979
1.1598
1.1598
1.1598
1.1598
1.1598
1.1598
1.1598
1.1598
1.1598
1.1598
1.1598
1.1598
1.1598
1.1598
1.1598
1.1598
1.15977
1.15977
1.15977
1.15977
1.15977
1.15977
1.15977
1.15977
1.15977
1.15977
1.15977
1.15977
1.15977
1.15977
1.15977
1.15977
1.15977
1.15977
1.15977
1.15977
1.15977
1.15977
1.15977
1.15977
1.15977
1.15977
1.15977
1.15977
1.15977
1.15977
1.15977
1.15977
1.15977
1.15977
1.15977
1.15977
1.15977
1.15977
1.15977
1.15977
1.15975
1.15975
1.15974
1.15974
1.15974
1.15974
1.15974
1.15974
1.15974
1.15974
1.15974
1.15974
1.15974
1.15974
1.15974
1.15974
1.15974
1.15974
1.15974
1.15974
1.15974
1.15974
1.15974
1.15974
1.15974
1.15974
1.15974
1.15974
1.15974
1.15974
1.15974
1.15974
1.15974
1.15974
1.15974
1.15974
1.15974
1.15974
1.15974
1.15974
1.15971
1.15971
1.15971
1.15971
1.15971
1.15971
1.15971
1.15971
1.15971
1.15971
1.15971
1.15971
1.15971
1.15971
1.15971
1.15971
1.15971
1.15971
1.15971
1.15971
1.15971
1.15971
1.15971
1.15971
1.15971
1.15971
1.15971
1.15971
1.15971
1.15971
1.15971
1.15971
1.15971
1.15971
1.15971
1.15971
1.15971
1.15971
1.15971
1.15971
1.15968
1.15968
1.15968
1.15968
1.15968
1.15968
1.15968
1.15968
1.15968
1.15968
1.15968
1.15968
1.15968
1.15968
1.15968
1.15968
1.15968
1.15967
1.15967
1.15967
1.15967
1.15967
1.15967
1.15967
1.15968
1.15968
1.15968
1.15968
1.15968
1.15968
1.15968
1.15968
1.15968
1.15968
1.15968
1.15968
1.15968
1.15968
1.15968
1.15968
1.15964
1.15964
1.15964
1.15964
1.15964
1.15964
1.15964
1.15964
1.15964
1.15964
1.15964
1.15964
1.15964
1.15964
1.15964
1.15964
1.15964
1.15964
1.15964
1.15964
1.15964
1.15964
1.15964
1.15964
1.15964
1.15964
1.15964
1.15964
1.15964
1.15964
1.15964
1.15964
1.15964
1.15964
1.15964
1.15964
1.15964
1.15964
1.15964
1.15964
1.1596
1.1596
1.1596
1.1596
1.1596
1.1596
1.1596
1.1596
1.1596
1.1596
1.1596
1.1596
1.1596
1.1596
1.1596
1.1596
1.15959
1.15959
1.15959
1.15959
1.15959
1.15959
1.15959
1.15959
1.15959
1.1596
1.1596
1.1596
1.1596
1.1596
1.1596
1.1596
1.1596
1.1596
1.1596
1.1596
1.1596
1.1596
1.1596
1.1596
1.15955
1.15955
1.15955
1.15955
1.15955
1.15955
1.15955
1.15955
1.15955
1.15955
1.15955
1.15955
1.15955
1.15955
1.15955
1.15955
1.15955
1.15955
1.15955
1.15955
1.15955
1.15955
1.15955
1.15955
1.15955
1.15955
1.15955
1.15955
1.15955
1.15955
1.15955
1.15955
1.15955
1.15955
1.15955
1.15955
1.15955
1.15955
1.15955
1.15955
1.1595
1.1595
1.1595
1.1595
1.1595
1.1595
1.1595
1.1595
1.1595
1.1595
1.1595
1.1595
1.1595
1.1595
1.1595
1.1595
1.1595
1.1595
1.1595
1.1595
1.1595
1.1595
1.1595
1.1595
1.1595
1.1595
1.1595
1.1595
1.1595
1.1595
1.1595
1.1595
1.1595
1.1595
1.1595
1.1595
1.1595
1.1595
1.1595
1.1595
1.15944
1.15944
1.15944
1.15944
1.15944
1.15944
1.15944
1.15944
1.15944
1.15944
1.15944
1.15944
1.15944
1.15944
1.15944
1.15944
1.15944
1.15944
1.15944
1.15944
1.15944
1.15944
1.15944
1.15944
1.15944
1.15944
1.15944
1.15944
1.15944
1.15944
1.15944
1.15944
1.15944
1.15944
1.15944
1.15944
1.15944
1.15944
1.15944
1.15944
1.15938
1.15938
1.15938
1.15938
1.15938
1.15938
1.15938
1.15938
1.15938
1.15938
1.15938
1.15938
1.15938
1.15938
1.15938
1.15938
1.15938
1.15938
1.15938
1.15938
1.15938
1.15938
1.15938
1.15938
1.15938
1.15938
1.15938
1.15938
1.15938
1.15938
1.15938
1.15938
1.15938
1.15938
1.15938
1.15938
1.15938
1.15938
1.15938
1.15938
1.15931
1.15931
1.15931
1.15931
1.15931
1.15931
1.15931
1.15931
1.15931
1.15931
1.15931
1.15931
1.15931
1.15931
1.15931
1.15931
1.15931
1.15931
1.15931
1.15931
1.15931
1.15931
1.15931
1.15931
1.15931
1.15931
1.15931
1.15931
1.15931
1.15931
1.15931
1.15931
1.15931
1.15931
1.15931
1.15931
1.15931
1.15931
1.15931
1.15931
1.15924
1.15924
1.15924
1.15924
1.15924
1.15924
1.15924
1.15924
1.15924
1.15924
1.15924
1.15924
1.15924
1.15924
1.15924
1.15924
1.15924
1.15924
1.15924
1.15924
1.15924
1.15924
1.15924
1.15924
1.15924
1.15924
1.15924
1.15924
1.15924
1.15924
1.15924
1.15924
1.15924
1.15924
1.15924
1.15924
1.15924
1.15924
1.15924
1.15924
1.15917
1.15917
1.15917
1.15917
1.15917
1.15917
1.15917
1.15917
1.15917
1.15917
1.15917
1.15917
1.15917
1.15917
1.15917
1.15917
1.15917
1.15917
1.15917
1.15917
1.15917
1.15917
1.15917
1.15917
1.15917
1.15917
1.15917
1.15917
1.15917
1.15917
1.15917
1.15917
1.15917
1.15917
1.15917
1.15917
1.15917
1.15917
1.15917
1.15917
1.15911
1.15911
1.15911
1.15911
1.15911
1.15911
1.15911
1.15911
1.15911
1.15911
1.15911
1.15911
1.15911
1.15911
1.15911
1.15911
1.15911
1.15911
1.15911
1.15911
1.15911
1.15911
1.15911
1.15911
1.15911
1.15911
1.15911
1.15911
1.15911
1.15911
1.15911
1.15911
1.15911
1.15911
1.15911
1.15911
1.15911
1.15911
1.15911
1.15911
1.15905
1.15905
1.15905
1.15905
1.15905
1.15905
1.15905
1.15905
1.15905
1.15905
1.15905
1.15905
1.15905
1.15905
1.15905
1.15905
1.15905
1.15905
1.15905
1.15905
1.15905
1.15905
1.15905
1.15905
1.15905
1.15905
1.15905
1.15905
1.15905
1.15905
1.15905
1.15905
1.15905
1.15905
1.15905
1.15905
1.15905
1.15905
1.15905
1.15905
1.159
1.159
1.159
1.159
1.159
1.159
1.159
1.159
1.159
1.159
1.159
1.159
1.159
1.159
1.159
1.159
1.159
1.159
1.159
1.159
1.159
1.159
1.159
1.159
1.159
1.159
1.159
1.159
1.159
1.159
1.159
1.159
1.159
1.159
1.159
1.159
1.159
1.159
1.159
1.159
1.15896
1.15896
1.15896
1.15896
1.15896
1.15896
1.15896
1.15896
1.15896
1.15896
1.15896
1.15896
1.15895
1.15895
1.15895
1.15895
1.15895
1.15895
1.15895
1.15895
1.15895
1.15895
1.15895
1.15895
1.15895
1.15895
1.15895
1.15895
1.15895
1.15896
1.15896
1.15896
1.15896
1.15896
1.15896
1.15896
1.15896
1.15896
1.15896
1.15896
1.15892
1.15891
1.15891
1.15891
1.15891
1.15891
1.15891
1.15891
1.15891
1.15891
1.15891
1.15891
1.15891
1.15891
1.15891
1.15891
1.15891
1.15891
1.15891
1.15891
1.15891
1.15891
1.15891
1.15891
1.15891
1.15891
1.15891
1.15891
1.15891
1.15891
1.15891
1.15891
1.15891
1.15891
1.15892
1.15892
1.15892
1.15892
1.15892
1.15892
1.15888
1.15888
1.15888
1.15888
1.15888
1.15888
1.15888
1.15888
1.15888
1.15888
1.15888
1.15888
1.15888
1.15888
1.15888
1.15887
1.15887
1.15887
1.15887
1.15887
1.15887
1.15887
1.15887
1.15887
1.15887
1.15887
1.15887
1.15888
1.15888
1.15888
1.15888
1.15888
1.15888
1.15888
1.15888
1.15888
1.15888
1.15888
1.15888
1.15888
1.15884
1.15884
1.15884
1.15884
1.15884
1.15884
1.15884
1.15884
1.15884
1.15884
1.15884
1.15884
1.15884
1.15884
1.15884
1.15884
1.15884
1.15884
1.15884
1.15884
1.15884
1.15884
1.15884
1.15884
1.15884
1.15884
1.15884
1.15884
1.15884
1.15884
1.15884
1.15884
1.15884
1.15884
1.15884
1.15884
1.15884
1.15884
1.15884
1.15885
1.15881
1.15881
1.15881
1.15881
1.15881
1.15881
1.15881
1.15881
1.15881
1.15881
1.15881
1.15881
1.15881
1.15881
1.15881
1.15881
1.15881
1.15881
1.15881
1.15881
1.15881
1.15881
1.15881
1.15881
1.15881
1.15881
1.15881
1.15881
1.15881
1.15881
1.15881
1.15881
1.15881
1.15881
1.15881
1.15881
1.15881
1.15881
1.15881
1.15882
1.15879
1.15878
1.15878
1.15878
1.15878
1.15878
1.15878
1.15878
1.15878
1.15878
1.15878
1.15878
1.15878
1.15878
1.15878
1.15878
1.15878
1.15878
1.15878
1.15878
1.15878
1.15878
1.15878
1.15878
1.15878
1.15878
1.15878
1.15878
1.15878
1.15878
1.15878
1.15878
1.15878
1.15879
1.15879
1.15879
1.15879
1.15879
1.15879
1.15879
1.15876
1.15876
1.15876
1.15876
1.15876
1.15876
1.15876
1.15876
1.15876
1.15876
1.15876
1.15876
1.15876
1.15876
1.15876
1.15876
1.15876
1.15876
1.15876
1.15876
1.15876
1.15876
1.15876
1.15876
1.15876
1.15876
1.15876
1.15876
1.15876
1.15876
1.15876
1.15876
1.15876
1.15876
1.15876
1.15876
1.15876
1.15876
1.15876
1.15876
1.15874
1.15874
1.15874
1.15874
1.15874
1.15874
1.15874
1.15874
1.15874
1.15874
1.15874
1.15874
1.15873
1.15873
1.15873
1.15873
1.15873
1.15873
1.15873
1.15873
1.15873
1.15873
1.15873
1.15873
1.15873
1.15873
1.15873
1.15873
1.15873
1.15874
1.15874
1.15874
1.15874
1.15874
1.15874
1.15874
1.15874
1.15874
1.15874
1.15874
1.15872
1.15872
1.15872
1.15872
1.15872
1.15872
1.15872
1.15872
1.15872
1.15871
1.15871
1.15871
1.15871
1.15871
1.15871
1.15871
1.15871
1.15871
1.15871
1.15871
1.15871
1.15871
1.15871
1.15871
1.15871
1.15871
1.15871
1.15871
1.15871
1.15872
1.15872
1.15872
1.15872
1.15872
1.15872
1.15872
1.15872
1.15872
1.15872
1.15873
1.1587
1.1587
1.1587
1.1587
1.1587
1.1587
1.1587
1.1587
1.1587
1.1587
1.1587
1.1587
1.1587
1.15869
1.15869
1.15869
1.15869
1.15869
1.15869
1.15869
1.15869
1.15869
1.15869
1.15869
1.15869
1.15869
1.15869
1.1587
1.1587
1.1587
1.1587
1.1587
1.1587
1.1587
1.1587
1.1587
1.1587
1.15871
1.15871
1.15871
1.15868
1.15868
1.15868
1.15868
1.15868
1.15868
1.15868
1.15868
1.15868
1.15868
1.15868
1.15868
1.15868
1.15868
1.15868
1.15868
1.15868
1.15868
1.15868
1.15868
1.15868
1.15868
1.15868
1.15868
1.15868
1.15868
1.15868
1.15868
1.15868
1.15868
1.15868
1.15868
1.15868
1.15868
1.15869
1.15869
1.15869
1.15869
1.15869
1.15869
1.15867
1.15866
1.15866
1.15866
1.15866
1.15866
1.15866
1.15866
1.15866
1.15866
1.15866
1.15866
1.15866
1.15866
1.15866
1.15866
1.15866
1.15866
1.15866
1.15866
1.15866
1.15866
1.15866
1.15866
1.15866
1.15866
1.15866
1.15866
1.15866
1.15866
1.15867
1.15867
1.15867
1.15867
1.15867
1.15867
1.15867
1.15868
1.15868
1.15868
1.15865
1.15865
1.15865
1.15865
1.15865
1.15865
1.15865
1.15865
1.15865
1.15865
1.15865
1.15865
1.15865
1.15865
1.15865
1.15865
1.15865
1.15865
1.15865
1.15865
1.15865
1.15865
1.15865
1.15865
1.15865
1.15865
1.15865
1.15865
1.15865
1.15865
1.15865
1.15865
1.15865
1.15866
1.15866
1.15866
1.15866
1.15866
1.15867
1.15867
1.15864
1.15864
1.15864
1.15864
1.15864
1.15864
1.15864
1.15864
1.15864
1.15864
1.15864
1.15864
1.15864
1.15864
1.15864
1.15864
1.15864
1.15864
1.15864
1.15864
1.15864
1.15864
1.15864
1.15864
1.15864
1.15864
1.15864
1.15864
1.15864
1.15864
1.15864
1.15864
1.15864
1.15864
1.15864
1.15865
1.15865
1.15865
1.15865
1.15866
1.15863
1.15863
1.15863
1.15863
1.15863
1.15863
1.15863
1.15863
1.15863
1.15863
1.15863
1.15863
1.15863
1.15863
1.15863
1.15863
1.15862
1.15862
1.15862
1.15862
1.15862
1.15862
1.15862
1.15862
1.15862
1.15862
1.15862
1.15863
1.15863
1.15863
1.15863
1.15863
1.15863
1.15863
1.15863
1.15863
1.15863
1.15864
1.15864
1.15865
1.15862
1.15862
1.15862
1.15862
1.15862
1.15862
1.15862
1.15862
1.15862
1.15862
1.15862
1.15862
1.15862
1.15862
1.15862
1.15862
1.15862
1.15862
1.15862
1.15862
1.15862
1.15862
1.15862
1.15862
1.15862
1.15862
1.15862
1.15862
1.15862
1.15862
1.15861
1.15861
1.15861
1.15861
1.15861
1.15861
1.15861
1.15861
1.15861
1.15861
1.15861
1.15861
1.15861
1.15861
1.15861
1.15861
1.15861
1.15861
1.15861
1.15861
1.15861
1.15861
1.15861
1.15861
1.15861
1.15861
1.15861
1.15861
1.15861
1.15861
1.1586
1.1586
1.1586
1.1586
1.1586
1.1586
1.1586
1.1586
1.1586
1.1586
1.1586
1.1586
1.1586
1.1586
1.1586
1.1586
1.1586
1.1586
1.1586
1.1586
1.1586
1.1586
1.1586
1.1586
1.1586
1.1586
1.1586
1.1586
1.1586
1.1586
1.15859
1.15859
1.15859
1.15859
1.15859
1.15859
1.15859
1.15859
1.15859
1.15859
1.15859
1.15859
1.15859
1.15859
1.15859
1.15859
1.15859
1.15859
1.15859
1.15859
1.15859
1.15859
1.15859
1.15859
1.15859
1.15859
1.15859
1.15859
1.15859
1.15859
1.15857
1.15857
1.15857
1.15857
1.15857
1.15857
1.15857
1.15857
1.15857
1.15857
1.15857
1.15857
1.15857
1.15857
1.15857
1.15857
1.15857
1.15857
1.15857
1.15857
1.15857
1.15857
1.15857
1.15857
1.15857
1.15857
1.15857
1.15857
1.15857
1.15857
1.15856
1.15856
1.15856
1.15856
1.15856
1.15856
1.15856
1.15856
1.15856
1.15856
1.15856
1.15856
1.15856
1.15856
1.15856
1.15856
1.15856
1.15856
1.15856
1.15856
1.15856
1.15856
1.15856
1.15856
1.15856
1.15856
1.15856
1.15856
1.15856
1.15856
1.15855
1.15855
1.15855
1.15855
1.15855
1.15855
1.15855
1.15855
1.15855
1.15855
1.15855
1.15855
1.15855
1.15855
1.15855
1.15855
1.15855
1.15855
1.15855
1.15855
1.15855
1.15855
1.15855
1.15855
1.15855
1.15855
1.15855
1.15855
1.15855
1.15855
1.15853
1.15853
1.15853
1.15853
1.15853
1.15853
1.15853
1.15853
1.15853
1.15853
1.15853
1.15853
1.15853
1.15853
1.15853
1.15853
1.15853
1.15853
1.15853
1.15853
1.15853
1.15853
1.15853
1.15853
1.15853
1.15853
1.15853
1.15853
1.15853
1.15853
1.15852
1.15852
1.15852
1.15852
1.15852
1.15852
1.15852
1.15852
1.15852
1.15852
1.15852
1.15852
1.15852
1.15852
1.15852
1.15852
1.15852
1.15852
1.15852
1.15852
1.15852
1.15852
1.15852
1.15852
1.15852
1.15852
1.15852
1.15852
1.15852
1.15852
1.15851
1.15851
1.15851
1.15851
1.15851
1.15851
1.15851
1.15851
1.15851
1.15851
1.15851
1.15851
1.15851
1.15851
1.15851
1.15851
1.15851
1.15851
1.15851
1.15851
1.15851
1.15851
1.15851
1.15851
1.15851
1.15851
1.15851
1.15851
1.15851
1.15851
1.15849
1.15849
1.15849
1.15849
1.15849
1.15849
1.15849
1.15849
1.15849
1.15849
1.15849
1.15849
1.15849
1.15849
1.15849
1.15849
1.15849
1.15849
1.15849
1.15849
1.15849
1.15849
1.15849
1.15849
1.15849
1.15849
1.15849
1.15849
1.15849
1.15849
1.15847
1.15848
1.15848
1.15847
1.15847
1.15847
1.15847
1.15847
1.15847
1.15847
1.15847
1.15847
1.15847
1.15848
1.15848
1.15848
1.15848
1.15848
1.15848
1.15848
1.15848
1.15848
1.15848
1.15848
1.15848
1.15848
1.15848
1.15848
1.15848
1.15848
1.15846
1.15846
1.15846
1.15846
1.15846
1.15846
1.15846
1.15846
1.15846
1.15846
1.15846
1.15846
1.15846
1.15846
1.15846
1.15846
1.15846
1.15846
1.15846
1.15846
1.15846
1.15846
1.15846
1.15846
1.15846
1.15846
1.15846
1.15846
1.15846
1.15846
1.15844
1.15844
1.15844
1.15844
1.15844
1.15844
1.15844
1.15844
1.15844
1.15844
1.15844
1.15844
1.15844
1.15844
1.15844
1.15844
1.15844
1.15844
1.15844
1.15844
1.15844
1.15844
1.15844
1.15844
1.15844
1.15844
1.15844
1.15844
1.15844
1.15844
1.15843
1.15843
1.15843
1.15843
1.15843
1.15843
1.15843
1.15843
1.15843
1.15843
1.15843
1.15843
1.15843
1.15843
1.15843
1.15843
1.15843
1.15843
1.15843
1.15843
1.15843
1.15843
1.15843
1.15843
1.15843
1.15843
1.15843
1.15843
1.15843
1.15843
1.15841
1.15841
1.15841
1.15841
1.15841
1.15841
1.15841
1.15841
1.15841
1.15841
1.15841
1.15841
1.15841
1.15841
1.15841
1.15841
1.15841
1.15841
1.15841
1.15841
1.15841
1.15841
1.15841
1.15841
1.15841
1.15841
1.15841
1.15841
1.15841
1.15841
1.15839
1.15839
1.15839
1.15839
1.15839
1.15839
1.15839
1.15839
1.15839
1.15839
1.15839
1.15839
1.15839
1.15839
1.15839
1.15839
1.15839
1.15839
1.15839
1.15839
1.15839
1.15839
1.15839
1.15839
1.15839
1.15839
1.15839
1.15839
1.15839
1.15839
1.15837
1.15837
1.15837
1.15837
1.15837
1.15837
1.15837
1.15837
1.15837
1.15837
1.15837
1.15837
1.15837
1.15837
1.15837
1.15837
1.15837
1.15837
1.15837
1.15837
1.15837
1.15837
1.15837
1.15837
1.15837
1.15837
1.15837
1.15837
1.15837
1.15837
1.15835
1.15835
1.15835
1.15835
1.15835
1.15835
1.15835
1.15835
1.15835
1.15835
1.15835
1.15835
1.15835
1.15835
1.15835
1.15835
1.15835
1.15835
1.15835
1.15835
1.15835
1.15835
1.15835
1.15835
1.15835
1.15835
1.15835
1.15835
1.15835
1.15835
1.15833
1.15833
1.15833
1.15833
1.15833
1.15833
1.15833
1.15833
1.15833
1.15833
1.15833
1.15833
1.15833
1.15833
1.15833
1.15833
1.15833
1.15833
1.15833
1.15833
1.15833
1.15833
1.15833
1.15833
1.15833
1.15833
1.15833
1.15833
1.15833
1.15833
1.15831
1.15831
1.15831
1.15831
1.15831
1.15831
1.15831
1.15831
1.15831
1.15831
1.15831
1.15831
1.15831
1.15831
1.15831
1.15831
1.15831
1.15831
1.15831
1.15831
1.15831
1.15831
1.15831
1.15831
1.15831
1.15831
1.15831
1.15831
1.15831
1.15831
1.15829
1.15829
1.15829
1.15829
1.15829
1.15829
1.15829
1.15829
1.15829
1.15829
1.15829
1.15829
1.15829
1.15829
1.15829
1.15829
1.15829
1.15829
1.15829
1.15829
1.15829
1.15829
1.15829
1.15829
1.15829
1.15829
1.15829
1.15829
1.15829
1.15829
1.15827
1.15827
1.15827
1.15827
1.15827
1.15827
1.15827
1.15827
1.15827
1.15827
1.15827
1.15827
1.15827
1.15827
1.15827
1.15827
1.15827
1.15827
1.15827
1.15827
1.15827
1.15827
1.15827
1.15827
1.15827
1.15827
1.15827
1.15827
1.15827
1.15827
1.15825
1.15825
1.15825
1.15825
1.15825
1.15825
1.15825
1.15825
1.15825
1.15825
1.15825
1.15825
1.15825
1.15825
1.15825
1.15825
1.15825
1.15825
1.15825
1.15825
1.15825
1.15825
1.15825
1.15825
1.15825
1.15825
1.15825
1.15825
1.15825
1.15825
1.15822
1.15822
1.15822
1.15822
1.15822
1.15822
1.15822
1.15822
1.15822
1.15822
1.15822
1.15822
1.15822
1.15822
1.15822
1.15822
1.15822
1.15822
1.15822
1.15822
1.15822
1.15822
1.15822
1.15822
1.15822
1.15822
1.15822
1.15822
1.15822
1.15822
1.1582
1.1582
1.1582
1.1582
1.1582
1.1582
1.1582
1.1582
1.1582
1.1582
1.1582
1.1582
1.1582
1.1582
1.1582
1.1582
1.1582
1.1582
1.1582
1.1582
1.1582
1.1582
1.1582
1.1582
1.1582
1.1582
1.1582
1.1582
1.1582
1.1582
1.15817
1.15817
1.15817
1.15817
1.15817
1.15817
1.15817
1.15817
1.15817
1.15817
1.15817
1.15817
1.15817
1.15817
1.15817
1.15817
1.15817
1.15817
1.15817
1.15817
1.15817
1.15817
1.15817
1.15817
1.15817
1.15817
1.15817
1.15817
1.15817
1.15817
1.15815
1.15815
1.15815
1.15815
1.15815
1.15815
1.15815
1.15815
1.15815
1.15815
1.15815
1.15815
1.15815
1.15815
1.15815
1.15815
1.15815
1.15815
1.15815
1.15815
1.15815
1.15815
1.15815
1.15815
1.15815
1.15815
1.15815
1.15815
1.15815
1.15815
1.15812
1.15812
1.15812
1.15812
1.15812
1.15812
1.15812
1.15812
1.15812
1.15812
1.15812
1.15812
1.15812
1.15812
1.15812
1.15812
1.15812
1.15812
1.15812
1.15812
1.15812
1.15812
1.15812
1.15812
1.15812
1.15812
1.15812
1.15812
1.15812
1.15812
1.15809
1.15809
1.15809
1.15809
1.15809
1.15809
1.15809
1.15809
1.15809
1.15809
1.15809
1.15809
1.15809
1.15809
1.15809
1.15809
1.15809
1.15809
1.15809
1.15809
1.15809
1.15809
1.15809
1.15809
1.15809
1.15809
1.15809
1.15809
1.15809
1.15809
1.15807
1.15807
1.15807
1.15807
1.15807
1.15807
1.15807
1.15807
1.15807
1.15807
1.15807
1.15807
1.15807
1.15807
1.15807
1.15807
1.15807
1.15807
1.15807
1.15807
1.15807
1.15807
1.15807
1.15807
1.15807
1.15807
1.15807
1.15807
1.15807
1.15807
1.15804
1.15804
1.15804
1.15804
1.15804
1.15804
1.15804
1.15804
1.15804
1.15804
1.15804
1.15804
1.15804
1.15804
1.15804
1.15804
1.15804
1.15804
1.15804
1.15804
1.15804
1.15804
1.15804
1.15804
1.15804
1.15804
1.15804
1.15804
1.15804
1.15804
1.15801
1.15801
1.15801
1.15801
1.15801
1.15801
1.15801
1.15801
1.15801
1.15801
1.15801
1.15801
1.15801
1.15801
1.15801
1.15801
1.15801
1.15801
1.15801
1.15801
1.15801
1.15801
1.15801
1.15801
1.15801
1.15801
1.15801
1.15801
1.15801
1.15801
1.15797
1.15797
1.15797
1.15797
1.15797
1.15797
1.15797
1.15797
1.15797
1.15797
1.15797
1.15797
1.15797
1.15797
1.15797
1.15797
1.15797
1.15797
1.15797
1.15797
1.15797
1.15797
1.15797
1.15797
1.15797
1.15797
1.15797
1.15797
1.15797
1.15797
1.15794
1.15794
1.15794
1.15794
1.15794
1.15794
1.15794
1.15794
1.15794
1.15794
1.15794
1.15794
1.15794
1.15794
1.15794
1.15794
1.15794
1.15794
1.15794
1.15794
1.15794
1.15794
1.15794
1.15794
1.15794
1.15794
1.15794
1.15794
1.15794
1.15794
1.15791
1.15791
1.15791
1.15791
1.15791
1.15791
1.15791
1.15791
1.15791
1.15791
1.15791
1.15791
1.15791
1.15791
1.15791
1.15791
1.15791
1.15791
1.15791
1.15791
1.15791
1.15791
1.15791
1.15791
1.15791
1.15791
1.15791
1.15791
1.15791
1.15791
1.15787
1.15787
1.15787
1.15787
1.15787
1.15787
1.15787
1.15787
1.15787
1.15787
1.15787
1.15787
1.15787
1.15787
1.15787
1.15787
1.15787
1.15787
1.15787
1.15787
1.15787
1.15787
1.15787
1.15787
1.15787
1.15787
1.15787
1.15787
1.15787
1.15787
1.15784
1.15784
1.15784
1.15784
1.15784
1.15784
1.15784
1.15784
1.15784
1.15784
1.15784
1.15784
1.15784
1.15784
1.15784
1.15784
1.15784
1.15784
1.15784
1.15784
1.15784
1.15784
1.15784
1.15784
1.15784
1.15784
1.15784
1.15784
1.15784
1.15784
1.1578
1.1578
1.1578
1.1578
1.1578
1.1578
1.1578
1.1578
1.1578
1.1578
1.1578
1.1578
1.1578
1.1578
1.1578
1.1578
1.1578
1.1578
1.1578
1.1578
1.1578
1.1578
1.1578
1.1578
1.1578
1.1578
1.1578
1.1578
1.1578
1.1578
1.15776
1.15776
1.15776
1.15776
1.15776
1.15776
1.15776
1.15776
1.15776
1.15776
1.15776
1.15776
1.15776
1.15776
1.15776
1.15776
1.15776
1.15776
1.15776
1.15776
1.15776
1.15776
1.15776
1.15776
1.15776
1.15776
1.15776
1.15776
1.15776
1.15776
1.15773
1.15773
1.15773
1.15773
1.15773
1.15773
1.15773
1.15773
1.15773
1.15773
1.15773
1.15773
1.15773
1.15773
1.15773
1.15773
1.15773
1.15773
1.15773
1.15773
1.15773
1.15773
1.15773
1.15773
1.15773
1.15773
1.15773
1.15773
1.15773
1.15773
1.15769
1.15769
1.15769
1.15769
1.15769
1.15769
1.15769
1.15769
1.15769
1.15769
1.15769
1.15769
1.15769
1.15769
1.15769
1.15769
1.15769
1.15769
1.15769
1.15769
1.15769
1.15769
1.15769
1.15769
1.15769
1.15769
1.15769
1.15769
1.15769
1.15769
1.15764
1.15764
1.15764
1.15764
1.15764
1.15764
1.15764
1.15764
1.15764
1.15764
1.15764
1.15764
1.15764
1.15764
1.15764
1.15764
1.15764
1.15764
1.15764
1.15764
1.15764
1.15764
1.15764
1.15764
1.15764
1.15764
1.15764
1.15764
1.15764
1.15764
1.1576
1.1576
1.1576
1.1576
1.1576
1.1576
1.1576
1.1576
1.1576
1.1576
1.1576
1.1576
1.1576
1.1576
1.1576
1.1576
1.1576
1.1576
1.1576
1.1576
1.1576
1.1576
1.1576
1.1576
1.1576
1.1576
1.1576
1.1576
1.1576
1.1576
1.15756
1.15756
1.15756
1.15756
1.15756
1.15756
1.15756
1.15756
1.15756
1.15756
1.15756
1.15756
1.15756
1.15756
1.15756
1.15756
1.15756
1.15756
1.15756
1.15756
1.15756
1.15756
1.15756
1.15756
1.15756
1.15756
1.15756
1.15756
1.15756
1.15756
1.15751
1.15751
1.15751
1.15751
1.15751
1.15751
1.15751
1.15751
1.15751
1.15751
1.15751
1.15751
1.15751
1.15751
1.15751
1.15751
1.15751
1.15751
1.15751
1.15751
1.15751
1.15751
1.15751
1.15751
1.15751
1.15751
1.15751
1.15751
1.15751
1.15751
1.15746
1.15746
1.15746
1.15746
1.15746
1.15746
1.15746
1.15746
1.15746
1.15746
1.15746
1.15746
1.15746
1.15746
1.15746
1.15746
1.15746
1.15746
1.15746
1.15746
1.15746
1.15746
1.15746
1.15746
1.15746
1.15746
1.15746
1.15746
1.15746
1.15746
1.15741
1.15741
1.15741
1.15741
1.15741
1.15741
1.15741
1.15741
1.15741
1.15741
1.15741
1.15741
1.15741
1.15741
1.15741
1.15741
1.15741
1.15741
1.15741
1.15741
1.15741
1.15741
1.15741
1.15741
1.15741
1.15741
1.15741
1.15741
1.15741
1.15741
1.15736
1.15736
1.15736
1.15736
1.15736
1.15736
1.15736
1.15736
1.15736
1.15736
1.15736
1.15736
1.15736
1.15736
1.15736
1.15736
1.15736
1.15736
1.15736
1.15736
1.15736
1.15736
1.15736
1.15736
1.15736
1.15736
1.15736
1.15736
1.15736
1.15736
1.15731
1.15731
1.15731
1.15731
1.15731
1.15731
1.15731
1.15731
1.15731
1.15731
1.15731
1.15731
1.15731
1.15731
1.15731
1.15731
1.15731
1.15731
1.15731
1.15731
1.15731
1.15731
1.15731
1.15731
1.15731
1.15731
1.15731
1.15731
1.15731
1.15731
1.15726
1.15726
1.15726
1.15726
1.15726
1.15726
1.15726
1.15726
1.15726
1.15726
1.15726
1.15726
1.15726
1.15726
1.15726
1.15726
1.15726
1.15726
1.15726
1.15726
1.15726
1.15726
1.15726
1.15726
1.15726
1.15726
1.15726
1.15726
1.15726
1.15726
1.1572
1.1572
1.1572
1.1572
1.1572
1.1572
1.1572
1.1572
1.1572
1.1572
1.1572
1.1572
1.1572
1.1572
1.1572
1.1572
1.1572
1.1572
1.1572
1.1572
1.1572
1.1572
1.1572
1.1572
1.1572
1.1572
1.1572
1.1572
1.1572
1.1572
1.15714
1.15714
1.15714
1.15714
1.15714
1.15714
1.15714
1.15714
1.15714
1.15714
1.15714
1.15714
1.15714
1.15714
1.15714
1.15714
1.15714
1.15714
1.15714
1.15714
1.15714
1.15714
1.15714
1.15714
1.15714
1.15714
1.15714
1.15714
1.15714
1.15714
1.15709
1.15709
1.15709
1.15709
1.15709
1.15709
1.15709
1.15709
1.15709
1.15709
1.15709
1.15709
1.15709
1.15709
1.15709
1.15709
1.15709
1.15709
1.15709
1.15709
1.15709
1.15709
1.15709
1.15709
1.15709
1.15709
1.15709
1.15709
1.15709
1.15709
1.15702
1.15702
1.15702
1.15702
1.15702
1.15702
1.15702
1.15702
1.15702
1.15702
1.15702
1.15702
1.15702
1.15702
1.15702
1.15702
1.15702
1.15702
1.15702
1.15702
1.15702
1.15702
1.15702
1.15702
1.15702
1.15702
1.15702
1.15702
1.15702
1.15702
1.15696
1.15696
1.15696
1.15696
1.15696
1.15696
1.15696
1.15696
1.15696
1.15696
1.15696
1.15696
1.15696
1.15696
1.15696
1.15696
1.15696
1.15696
1.15696
1.15696
1.15696
1.15696
1.15696
1.15696
1.15696
1.15696
1.15696
1.15696
1.15696
1.15696
1.1569
1.1569
1.1569
1.1569
1.1569
1.1569
1.1569
1.1569
1.1569
1.1569
1.1569
1.1569
1.1569
1.1569
1.1569
1.1569
1.1569
1.1569
1.1569
1.1569
1.1569
1.1569
1.1569
1.1569
1.1569
1.1569
1.1569
1.1569
1.1569
1.1569
1.15683
1.15683
1.15683
1.15683
1.15683
1.15683
1.15683
1.15683
1.15683
1.15683
1.15683
1.15683
1.15683
1.15683
1.15683
1.15683
1.15683
1.15683
1.15683
1.15683
1.15683
1.15683
1.15683
1.15683
1.15683
1.15683
1.15683
1.15683
1.15683
1.15683
1.15676
1.15676
1.15676
1.15676
1.15676
1.15676
1.15676
1.15676
1.15676
1.15676
1.15676
1.15676
1.15676
1.15676
1.15676
1.15676
1.15676
1.15676
1.15676
1.15676
1.15676
1.15676
1.15676
1.15676
1.15676
1.15676
1.15676
1.15676
1.15676
1.15676
1.15669
1.15669
1.15669
1.15669
1.15669
1.15669
1.15669
1.15669
1.15669
1.15669
1.15669
1.15669
1.15669
1.15669
1.15669
1.15669
1.15669
1.15669
1.15669
1.15669
1.15669
1.15669
1.15669
1.15669
1.15669
1.15669
1.15669
1.15669
1.15669
1.15669
1.15862
1.15862
1.15862
1.15862
1.15862
1.15862
1.15862
1.15862
1.15862
1.15862
1.15861
1.15861
1.15861
1.15861
1.15861
1.15861
1.15861
1.15861
1.15861
1.15861
1.15861
1.15861
1.15861
1.15861
1.15861
1.15861
1.15861
1.15861
1.15861
1.15862
1.15862
1.15862
1.15862
1.15862
1.15862
1.15862
1.15862
1.15862
1.15862
1.15862
1.15861
1.15861
1.15861
1.15861
1.15861
1.15861
1.15861
1.15861
1.15861
1.15861
1.15861
1.1586
1.1586
1.1586
1.1586
1.1586
1.1586
1.1586
1.1586
1.1586
1.1586
1.1586
1.1586
1.1586
1.1586
1.1586
1.1586
1.1586
1.1586
1.1586
1.15861
1.15861
1.15861
1.15861
1.15861
1.15861
1.15861
1.15861
1.15861
1.15861
1.1586
1.1586
1.1586
1.1586
1.1586
1.1586
1.1586
1.1586
1.1586
1.1586
1.1586
1.1586
1.15859
1.15859
1.15859
1.15859
1.15859
1.15859
1.15859
1.15859
1.15859
1.15859
1.15859
1.15859
1.15859
1.15859
1.15859
1.15859
1.15859
1.15859
1.15859
1.15859
1.1586
1.1586
1.1586
1.1586
1.1586
1.1586
1.15859
1.15859
1.15859
1.15859
1.15859
1.15859
1.15859
1.15859
1.15859
1.15859
1.15859
1.15859
1.15858
1.15858
1.15858
1.15858
1.15858
1.15858
1.15858
1.15858
1.15858
1.15858
1.15858
1.15858
1.15858
1.15858
1.15858
1.15858
1.15858
1.15858
1.15858
1.15858
1.15858
1.15858
1.15858
1.15858
1.15858
1.15859
1.15858
1.15858
1.15858
1.15858
1.15857
1.15857
1.15857
1.15857
1.15857
1.15857
1.15857
1.15857
1.15857
1.15857
1.15857
1.15857
1.15857
1.15857
1.15857
1.15857
1.15857
1.15857
1.15857
1.15857
1.15857
1.15857
1.15857
1.15857
1.15857
1.15857
1.15857
1.15857
1.15857
1.15857
1.15857
1.15857
1.15857
1.15857
1.15857
1.15857
1.15857
1.15857
1.15857
1.15857
1.15856
1.15856
1.15856
1.15856
1.15856
1.15856
1.15856
1.15856
1.15856
1.15856
1.15856
1.15856
1.15856
1.15856
1.15856
1.15856
1.15856
1.15856
1.15856
1.15856
1.15856
1.15856
1.15856
1.15856
1.15856
1.15856
1.15856
1.15856
1.15856
1.15856
1.15856
1.15856
1.15856
1.15856
1.15856
1.15856
1.15856
1.15856
1.15856
1.15856
1.15855
1.15855
1.15855
1.15855
1.15855
1.15855
1.15855
1.15855
1.15855
1.15855
1.15855
1.15855
1.15855
1.15855
1.15855
1.15855
1.15855
1.15854
1.15854
1.15854
1.15854
1.15854
1.15854
1.15854
1.15854
1.15854
1.15854
1.15854
1.15854
1.15855
1.15855
1.15855
1.15855
1.15855
1.15855
1.15855
1.15855
1.15855
1.15854
1.15854
1.15853
1.15853
1.15853
1.15853
1.15853
1.15853
1.15853
1.15853
1.15853
1.15853
1.15853
1.15853
1.15853
1.15853
1.15853
1.15853
1.15853
1.15853
1.15853
1.15853
1.15853
1.15853
1.15853
1.15853
1.15853
1.15853
1.15853
1.15853
1.15853
1.15853
1.15853
1.15853
1.15853
1.15853
1.15853
1.15853
1.15853
1.15853
1.15853
1.15853
1.15852
1.15852
1.15852
1.15852
1.15852
1.15852
1.15852
1.15852
1.15852
1.15852
1.15852
1.15852
1.15852
1.15852
1.15852
1.15852
1.15852
1.15852
1.15852
1.15852
1.15852
1.15852
1.15852
1.15852
1.15852
1.15852
1.15852
1.15852
1.15852
1.15852
1.15852
1.15852
1.15852
1.15852
1.15852
1.15852
1.15852
1.15852
1.15852
1.15852
1.15851
1.15851
1.15851
1.15851
1.15851
1.15851
1.15851
1.15851
1.15851
1.15851
1.15851
1.1585
1.1585
1.1585
1.1585
1.1585
1.1585
1.1585
1.1585
1.1585
1.1585
1.1585
1.1585
1.1585
1.1585
1.1585
1.1585
1.1585
1.1585
1.1585
1.1585
1.15851
1.15851
1.15851
1.15851
1.1585
1.1585
1.1585
1.1585
1.1585
1.15849
1.15849
1.15849
1.15849
1.15849
1.15849
1.15849
1.15849
1.15849
1.15849
1.15849
1.15849
1.15849
1.15849
1.15849
1.15849
1.15849
1.15849
1.15849
1.15849
1.15849
1.15849
1.15849
1.15849
1.15849
1.15849
1.15849
1.15849
1.15849
1.15849
1.15849
1.15849
1.15849
1.15849
1.15849
1.15849
1.15849
1.15849
1.15849
1.15849
1.15848
1.15848
1.15848
1.15848
1.15848
1.15848
1.15848
1.15848
1.15847
1.15847
1.15847
1.15847
1.15847
1.15847
1.15847
1.15847
1.15847
1.15847
1.15847
1.15847
1.15847
1.15847
1.15847
1.15847
1.15847
1.15847
1.15847
1.15847
1.15847
1.15847
1.15847
1.15847
1.15847
1.15847
1.15847
1.15847
1.15847
1.15847
1.15847
1.15847
1.15846
1.15846
1.15846
1.15846
1.15846
1.15846
1.15846
1.15846
1.15846
1.15846
1.15846
1.15846
1.15846
1.15846
1.15846
1.15846
1.15846
1.15846
1.15846
1.15846
1.15846
1.15846
1.15846
1.15846
1.15846
1.15846
1.15846
1.15846
1.15846
1.15846
1.15846
1.15846
1.15846
1.15846
1.15846
1.15846
1.15846
1.15846
1.15846
1.15846
1.15844
1.15844
1.15844
1.15844
1.15844
1.15844
1.15844
1.15844
1.15844
1.15844
1.15844
1.15844
1.15844
1.15844
1.15844
1.15844
1.15844
1.15844
1.15844
1.15844
1.15844
1.15844
1.15844
1.15844
1.15844
1.15844
1.15844
1.15844
1.15844
1.15844
1.15844
1.15844
1.15844
1.15844
1.15844
1.15844
1.15844
1.15844
1.15844
1.15844
1.15843
1.15843
1.15843
1.15843
1.15843
1.15843
1.15843
1.15843
1.15843
1.15843
1.15843
1.15843
1.15843
1.15843
1.15842
1.15842
1.15842
1.15842
1.15842
1.15842
1.15842
1.15842
1.15842
1.15842
1.15842
1.15842
1.15842
1.15842
1.15842
1.15843
1.15843
1.15843
1.15843
1.15843
1.15843
1.15843
1.15842
1.15842
1.15842
1.15842
1.15841
1.15841
1.15841
1.15841
1.15841
1.15841
1.15841
1.15841
1.15841
1.15841
1.15841
1.15841
1.15841
1.15841
1.15841
1.15841
1.15841
1.15841
1.15841
1.15841
1.15841
1.15841
1.15841
1.15841
1.15841
1.15841
1.15841
1.15841
1.15841
1.15841
1.15841
1.15841
1.15841
1.15841
1.15841
1.15841
1.15841
1.15841
1.15841
1.15841
1.15839
1.15839
1.15839
1.15839
1.15839
1.15839
1.15839
1.15839
1.15839
1.15839
1.15839
1.15839
1.15839
1.15839
1.15839
1.15839
1.15839
1.15839
1.15839
1.15839
1.15839
1.15839
1.15839
1.15839
1.15839
1.15839
1.15839
1.15839
1.15839
1.15839
1.15839
1.15839
1.15839
1.15839
1.15839
1.15839
1.15839
1.15839
1.15839
1.15839
1.15837
1.15837
1.15837
1.15837
1.15837
1.15837
1.15837
1.15837
1.15837
1.15837
1.15837
1.15837
1.15837
1.15837
1.15837
1.15837
1.15837
1.15837
1.15837
1.15837
1.15837
1.15837
1.15837
1.15837
1.15837
1.15837
1.15837
1.15837
1.15837
1.15837
1.15837
1.15837
1.15837
1.15837
1.15837
1.15837
1.15837
1.15837
1.15837
1.15837
1.15835
1.15835
1.15835
1.15835
1.15835
1.15835
1.15835
1.15835
1.15835
1.15835
1.15835
1.15835
1.15835
1.15835
1.15835
1.15835
1.15835
1.15835
1.15835
1.15835
1.15835
1.15835
1.15835
1.15835
1.15835
1.15835
1.15835
1.15835
1.15835
1.15835
1.15835
1.15835
1.15835
1.15835
1.15835
1.15835
1.15835
1.15835
1.15835
1.15835
1.15833
1.15833
1.15833
1.15833
1.15833
1.15833
1.15833
1.15833
1.15833
1.15833
1.15833
1.15833
1.15833
1.15833
1.15833
1.15833
1.15833
1.15833
1.15833
1.15833
1.15833
1.15833
1.15833
1.15833
1.15833
1.15833
1.15833
1.15833
1.15833
1.15833
1.15833
1.15833
1.15833
1.15833
1.15833
1.15833
1.15833
1.15833
1.15833
1.15833
1.15831
1.15831
1.15831
1.15831
1.15831
1.15831
1.15831
1.15831
1.15831
1.15831
1.15831
1.15831
1.15831
1.15831
1.15831
1.15831
1.15831
1.15831
1.15831
1.15831
1.15831
1.15831
1.15831
1.15831
1.15831
1.15831
1.15831
1.15831
1.15831
1.15831
1.15831
1.15831
1.15831
1.15831
1.15831
1.15831
1.15831
1.15831
1.15831
1.15831
1.15829
1.15829
1.15829
1.15829
1.15829
1.15829
1.15829
1.15829
1.15829
1.15829
1.15829
1.15829
1.15829
1.15829
1.15829
1.15829
1.15829
1.15829
1.15829
1.15829
1.15829
1.15829
1.15829
1.15829
1.15829
1.15829
1.15829
1.15829
1.15829
1.15829
1.15829
1.15829
1.15829
1.15829
1.15829
1.15829
1.15829
1.15829
1.15829
1.15829
1.15827
1.15827
1.15827
1.15827
1.15827
1.15827
1.15827
1.15827
1.15827
1.15827
1.15827
1.15827
1.15827
1.15827
1.15827
1.15827
1.15827
1.15827
1.15827
1.15827
1.15827
1.15827
1.15827
1.15827
1.15827
1.15827
1.15827
1.15827
1.15827
1.15827
1.15827
1.15827
1.15827
1.15827
1.15827
1.15827
1.15827
1.15827
1.15827
1.15827
1.15825
1.15825
1.15825
1.15825
1.15825
1.15825
1.15825
1.15825
1.15825
1.15825
1.15825
1.15825
1.15825
1.15825
1.15825
1.15825
1.15825
1.15824
1.15824
1.15824
1.15824
1.15824
1.15824
1.15824
1.15824
1.15824
1.15824
1.15824
1.15824
1.15824
1.15824
1.15824
1.15824
1.15824
1.15824
1.15824
1.15824
1.15824
1.15824
1.15824
1.15822
1.15822
1.15822
1.15822
1.15822
1.15822
1.15822
1.15822
1.15822
1.15822
1.15822
1.15822
1.15822
1.15822
1.15822
1.15822
1.15822
1.15822
1.15822
1.15822
1.15822
1.15822
1.15822
1.15822
1.15822
1.15822
1.15822
1.15822
1.15822
1.15822
1.15822
1.15822
1.15822
1.15822
1.15822
1.15822
1.15822
1.15822
1.15822
1.15822
1.1582
1.1582
1.1582
1.1582
1.1582
1.1582
1.1582
1.1582
1.1582
1.1582
1.1582
1.1582
1.1582
1.1582
1.1582
1.1582
1.1582
1.1582
1.1582
1.1582
1.1582
1.1582
1.1582
1.1582
1.1582
1.1582
1.1582
1.1582
1.1582
1.1582
1.1582
1.1582
1.1582
1.1582
1.1582
1.1582
1.1582
1.1582
1.1582
1.1582
1.15817
1.15817
1.15817
1.15817
1.15817
1.15817
1.15817
1.15817
1.15817
1.15817
1.15817
1.15817
1.15817
1.15817
1.15817
1.15817
1.15817
1.15817
1.15817
1.15817
1.15817
1.15817
1.15817
1.15817
1.15817
1.15817
1.15817
1.15817
1.15817
1.15817
1.15817
1.15817
1.15817
1.15817
1.15817
1.15817
1.15817
1.15817
1.15817
1.15817
1.15815
1.15815
1.15815
1.15815
1.15815
1.15815
1.15815
1.15815
1.15815
1.15815
1.15815
1.15815
1.15815
1.15815
1.15815
1.15815
1.15815
1.15815
1.15815
1.15815
1.15815
1.15815
1.15815
1.15815
1.15815
1.15815
1.15815
1.15815
1.15815
1.15815
1.15815
1.15815
1.15815
1.15815
1.15815
1.15815
1.15815
1.15815
1.15815
1.15815
1.15812
1.15812
1.15812
1.15812
1.15812
1.15812
1.15812
1.15812
1.15812
1.15812
1.15812
1.15812
1.15812
1.15812
1.15812
1.15812
1.15812
1.15812
1.15812
1.15812
1.15812
1.15812
1.15812
1.15812
1.15812
1.15812
1.15812
1.15812
1.15812
1.15812
1.15812
1.15812
1.15812
1.15812
1.15812
1.15812
1.15812
1.15812
1.15812
1.15812
1.15809
1.15809
1.15809
1.15809
1.15809
1.15809
1.15809
1.15809
1.15809
1.15809
1.15809
1.15809
1.15809
1.15809
1.15809
1.15809
1.15809
1.15809
1.15809
1.15809
1.15809
1.15809
1.15809
1.15809
1.15809
1.15809
1.15809
1.15809
1.15809
1.15809
1.15809
1.15809
1.15809
1.15809
1.15809
1.15809
1.15809
1.15809
1.15809
1.15809
1.15807
1.15807
1.15807
1.15807
1.15807
1.15807
1.15807
1.15807
1.15807
1.15807
1.15806
1.15806
1.15806
1.15806
1.15806
1.15806
1.15806
1.15806
1.15806
1.15806
1.15806
1.15806
1.15806
1.15806
1.15806
1.15806
1.15806
1.15806
1.15806
1.15806
1.15806
1.15806
1.15806
1.15806
1.15806
1.15806
1.15806
1.15806
1.15806
1.15806
1.15804
1.15804
1.15804
1.15804
1.15804
1.15804
1.15804
1.15804
1.15804
1.15804
1.15804
1.15804
1.15804
1.15804
1.15804
1.15804
1.15804
1.15804
1.15804
1.15804
1.15804
1.15804
1.15804
1.15804
1.15804
1.15804
1.15804
1.15804
1.15804
1.15804
1.15804
1.15804
1.15804
1.15804
1.15804
1.15804
1.15804
1.15804
1.15804
1.15804
1.15801
1.15801
1.15801
1.15801
1.15801
1.15801
1.15801
1.15801
1.15801
1.15801
1.15801
1.15801
1.15801
1.15801
1.15801
1.15801
1.15801
1.15801
1.15801
1.15801
1.15801
1.15801
1.15801
1.15801
1.15801
1.15801
1.15801
1.158
1.158
1.158
1.158
1.158
1.158
1.158
1.158
1.158
1.158
1.158
1.158
1.158
1.15797
1.15797
1.15797
1.15797
1.15797
1.15797
1.15797
1.15797
1.15797
1.15797
1.15797
1.15797
1.15797
1.15797
1.15797
1.15797
1.15797
1.15797
1.15797
1.15797
1.15797
1.15797
1.15797
1.15797
1.15797
1.15797
1.15797
1.15797
1.15797
1.15797
1.15797
1.15797
1.15797
1.15797
1.15797
1.15797
1.15797
1.15797
1.15797
1.15797
1.15794
1.15794
1.15794
1.15794
1.15794
1.15794
1.15794
1.15794
1.15794
1.15794
1.15794
1.15794
1.15794
1.15794
1.15794
1.15794
1.15794
1.15794
1.15794
1.15794
1.15794
1.15794
1.15794
1.15794
1.15794
1.15794
1.15794
1.15794
1.15794
1.15794
1.15794
1.15794
1.15794
1.15794
1.15794
1.15794
1.15794
1.15794
1.15794
1.15794
1.15791
1.15791
1.15791
1.15791
1.15791
1.15791
1.15791
1.15791
1.15791
1.15791
1.15791
1.15791
1.15791
1.15791
1.15791
1.15791
1.15791
1.15791
1.15791
1.15791
1.15791
1.15791
1.15791
1.15791
1.15791
1.15791
1.15791
1.15791
1.15791
1.15791
1.15791
1.15791
1.15791
1.15791
1.15791
1.15791
1.15791
1.15791
1.15791
1.15791
1.15787
1.15787
1.15787
1.15787
1.15787
1.15787
1.15787
1.15787
1.15787
1.15787
1.15787
1.15787
1.15787
1.15787
1.15787
1.15787
1.15787
1.15787
1.15787
1.15787
1.15787
1.15787
1.15787
1.15787
1.15787
1.15787
1.15787
1.15787
1.15787
1.15787
1.15787
1.15787
1.15787
1.15787
1.15787
1.15787
1.15787
1.15787
1.15787
1.15787
1.15784
1.15784
1.15784
1.15784
1.15784
1.15784
1.15784
1.15784
1.15784
1.15784
1.15784
1.15784
1.15784
1.15784
1.15784
1.15784
1.15784
1.15784
1.15784
1.15784
1.15784
1.15784
1.15784
1.15784
1.15784
1.15784
1.15784
1.15784
1.15784
1.15784
1.15784
1.15784
1.15784
1.15784
1.15784
1.15784
1.15784
1.15784
1.15784
1.15784
1.1578
1.1578
1.1578
1.1578
1.1578
1.1578
1.1578
1.1578
1.1578
1.1578
1.1578
1.1578
1.1578
1.1578
1.1578
1.1578
1.1578
1.1578
1.1578
1.1578
1.1578
1.1578
1.1578
1.1578
1.1578
1.1578
1.1578
1.1578
1.1578
1.1578
1.1578
1.1578
1.1578
1.1578
1.1578
1.1578
1.1578
1.1578
1.1578
1.1578
1.15776
1.15776
1.15776
1.15776
1.15776
1.15776
1.15776
1.15776
1.15776
1.15776
1.15776
1.15776
1.15776
1.15776
1.15776
1.15776
1.15776
1.15776
1.15776
1.15776
1.15776
1.15776
1.15776
1.15776
1.15776
1.15776
1.15776
1.15776
1.15776
1.15776
1.15776
1.15776
1.15776
1.15776
1.15776
1.15776
1.15776
1.15776
1.15776
1.15776
1.15773
1.15773
1.15773
1.15773
1.15773
1.15773
1.15773
1.15773
1.15773
1.15773
1.15773
1.15773
1.15773
1.15773
1.15773
1.15773
1.15773
1.15773
1.15773
1.15773
1.15773
1.15773
1.15773
1.15773
1.15773
1.15773
1.15773
1.15773
1.15773
1.15773
1.15773
1.15773
1.15773
1.15773
1.15773
1.15773
1.15773
1.15772
1.15772
1.15772
1.15769
1.15769
1.15769
1.15769
1.15769
1.15769
1.15769
1.15769
1.15769
1.15769
1.15769
1.15769
1.15769
1.15769
1.15769
1.15769
1.15769
1.15769
1.15768
1.15768
1.15768
1.15768
1.15768
1.15768
1.15768
1.15768
1.15768
1.15768
1.15768
1.15768
1.15768
1.15768
1.15768
1.15768
1.15768
1.15768
1.15768
1.15768
1.15768
1.15768
1.15764
1.15764
1.15764
1.15764
1.15764
1.15764
1.15764
1.15764
1.15764
1.15764
1.15764
1.15764
1.15764
1.15764
1.15764
1.15764
1.15764
1.15764
1.15764
1.15764
1.15764
1.15764
1.15764
1.15764
1.15764
1.15764
1.15764
1.15764
1.15764
1.15764
1.15764
1.15764
1.15764
1.15764
1.15764
1.15764
1.15764
1.15764
1.15764
1.15764
1.1576
1.1576
1.1576
1.1576
1.1576
1.1576
1.1576
1.1576
1.1576
1.1576
1.1576
1.1576
1.1576
1.1576
1.1576
1.1576
1.1576
1.1576
1.1576
1.1576
1.1576
1.1576
1.1576
1.1576
1.1576
1.1576
1.1576
1.1576
1.1576
1.1576
1.1576
1.1576
1.1576
1.1576
1.1576
1.1576
1.1576
1.1576
1.1576
1.1576
1.15756
1.15756
1.15756
1.15756
1.15756
1.15756
1.15756
1.15756
1.15756
1.15756
1.15756
1.15756
1.15756
1.15756
1.15756
1.15756
1.15756
1.15756
1.15756
1.15756
1.15756
1.15756
1.15756
1.15756
1.15756
1.15756
1.15756
1.15756
1.15756
1.15756
1.15756
1.15756
1.15756
1.15756
1.15756
1.15756
1.15756
1.15756
1.15756
1.15756
1.15751
1.15751
1.15751
1.15751
1.15751
1.15751
1.15751
1.15751
1.15751
1.15751
1.15751
1.15751
1.15751
1.15751
1.15751
1.15751
1.15751
1.15751
1.15751
1.15751
1.15751
1.15751
1.15751
1.15751
1.15751
1.15751
1.15751
1.15751
1.15751
1.15751
1.15751
1.15751
1.15751
1.15751
1.15751
1.15751
1.15751
1.15751
1.15751
1.15751
1.15746
1.15746
1.15746
1.15746
1.15746
1.15746
1.15746
1.15746
1.15746
1.15746
1.15746
1.15746
1.15746
1.15746
1.15746
1.15746
1.15746
1.15746
1.15746
1.15746
1.15746
1.15746
1.15746
1.15746
1.15746
1.15746
1.15746
1.15746
1.15746
1.15746
1.15746
1.15746
1.15746
1.15746
1.15746
1.15746
1.15746
1.15746
1.15746
1.15746
1.15741
1.15741
1.15741
1.15741
1.15741
1.15741
1.15741
1.15741
1.15741
1.15741
1.15741
1.15741
1.15741
1.15741
1.15741
1.15741
1.15741
1.15741
1.15741
1.15741
1.15741
1.15741
1.15741
1.15741
1.15741
1.15741
1.15741
1.15741
1.15741
1.15741
1.15741
1.15741
1.15741
1.15741
1.15741
1.15741
1.15741
1.15741
1.15741
1.15741
1.15736
1.15736
1.15736
1.15736
1.15736
1.15736
1.15736
1.15736
1.15736
1.15736
1.15736
1.15736
1.15736
1.15736
1.15736
1.15736
1.15736
1.15736
1.15736
1.15736
1.15736
1.15736
1.15736
1.15736
1.15736
1.15736
1.15736
1.15736
1.15736
1.15736
1.15736
1.15736
1.15736
1.15736
1.15736
1.15736
1.15736
1.15736
1.15736
1.15736
1.15731
1.15731
1.15731
1.15731
1.15731
1.15731
1.15731
1.15731
1.15731
1.15731
1.15731
1.15731
1.15731
1.15731
1.15731
1.15731
1.15731
1.15731
1.15731
1.15731
1.15731
1.15731
1.15731
1.15731
1.15731
1.15731
1.15731
1.15731
1.15731
1.15731
1.15731
1.15731
1.15731
1.15731
1.15731
1.15731
1.15731
1.15731
1.15731
1.15731
1.15726
1.15726
1.15726
1.15726
1.15726
1.15726
1.15726
1.15726
1.15726
1.15726
1.15726
1.15726
1.15726
1.15726
1.15726
1.15726
1.15726
1.15726
1.15726
1.15726
1.15726
1.15726
1.15726
1.15726
1.15726
1.15726
1.15726
1.15726
1.15726
1.15726
1.15726
1.15726
1.15726
1.15726
1.15726
1.15726
1.15726
1.15726
1.15726
1.15726
1.1572
1.1572
1.1572
1.1572
1.1572
1.1572
1.1572
1.1572
1.1572
1.1572
1.1572
1.1572
1.1572
1.1572
1.1572
1.1572
1.1572
1.1572
1.1572
1.1572
1.1572
1.1572
1.1572
1.1572
1.1572
1.1572
1.1572
1.1572
1.1572
1.1572
1.1572
1.1572
1.1572
1.1572
1.1572
1.1572
1.1572
1.1572
1.1572
1.1572
1.15714
1.15714
1.15714
1.15714
1.15714
1.15714
1.15714
1.15714
1.15714
1.15714
1.15714
1.15714
1.15714
1.15714
1.15714
1.15714
1.15714
1.15714
1.15714
1.15714
1.15714
1.15714
1.15714
1.15714
1.15714
1.15714
1.15714
1.15714
1.15714
1.15714
1.15714
1.15714
1.15714
1.15714
1.15714
1.15714
1.15714
1.15714
1.15714
1.15714
1.15709
1.15709
1.15709
1.15709
1.15709
1.15709
1.15709
1.15709
1.15709
1.15709
1.15709
1.15709
1.15709
1.15709
1.15709
1.15709
1.15709
1.15709
1.15709
1.15709
1.15709
1.15709
1.15709
1.15709
1.15709
1.15709
1.15709
1.15709
1.15709
1.15709
1.15709
1.15709
1.15709
1.15709
1.15709
1.15709
1.15709
1.15709
1.15709
1.15709
1.15702
1.15702
1.15702
1.15702
1.15702
1.15702
1.15702
1.15702
1.15702
1.15702
1.15702
1.15702
1.15702
1.15702
1.15702
1.15702
1.15702
1.15702
1.15702
1.15702
1.15702
1.15702
1.15702
1.15702
1.15702
1.15702
1.15702
1.15702
1.15702
1.15702
1.15702
1.15702
1.15702
1.15702
1.15702
1.15702
1.15702
1.15702
1.15702
1.15702
1.15696
1.15696
1.15696
1.15696
1.15696
1.15696
1.15696
1.15696
1.15696
1.15696
1.15696
1.15696
1.15696
1.15696
1.15696
1.15696
1.15696
1.15696
1.15696
1.15696
1.15696
1.15696
1.15696
1.15696
1.15696
1.15696
1.15696
1.15696
1.15696
1.15696
1.15696
1.15696
1.15696
1.15696
1.15696
1.15696
1.15696
1.15696
1.15696
1.15696
1.1569
1.1569
1.1569
1.1569
1.1569
1.1569
1.1569
1.1569
1.1569
1.1569
1.1569
1.1569
1.1569
1.1569
1.1569
1.1569
1.1569
1.1569
1.1569
1.1569
1.1569
1.1569
1.1569
1.1569
1.1569
1.1569
1.1569
1.1569
1.1569
1.1569
1.1569
1.1569
1.1569
1.1569
1.1569
1.1569
1.1569
1.1569
1.1569
1.1569
1.15683
1.15683
1.15683
1.15683
1.15683
1.15683
1.15683
1.15683
1.15683
1.15683
1.15683
1.15683
1.15683
1.15683
1.15683
1.15683
1.15683
1.15683
1.15683
1.15683
1.15683
1.15683
1.15683
1.15683
1.15683
1.15683
1.15683
1.15683
1.15683
1.15683
1.15683
1.15683
1.15683
1.15683
1.15683
1.15683
1.15683
1.15683
1.15683
1.15683
1.15676
1.15676
1.15676
1.15676
1.15676
1.15676
1.15676
1.15676
1.15676
1.15676
1.15676
1.15676
1.15676
1.15676
1.15676
1.15676
1.15676
1.15676
1.15676
1.15676
1.15676
1.15676
1.15676
1.15676
1.15676
1.15676
1.15676
1.15676
1.15676
1.15676
1.15676
1.15676
1.15676
1.15676
1.15676
1.15676
1.15676
1.15676
1.15676
1.15676
1.15669
1.15669
1.15669
1.15669
1.15669
1.15669
1.15669
1.15669
1.15669
1.15669
1.15669
1.15669
1.15669
1.15669
1.15669
1.15669
1.15669
1.15669
1.15669
1.15669
1.15669
1.15669
1.15669
1.15669
1.15669
1.15669
1.15669
1.15669
1.15669
1.15669
1.15669
1.15669
1.15669
1.15669
1.15669
1.15669
1.15669
1.15669
1.15669
1.15669
1.15859
1.1586
1.1586
1.1586
1.1586
1.15861
1.15861
1.15861
1.15861
1.15861
1.15861
1.15861
1.15861
1.15861
1.15861
1.15861
1.15861
1.15861
1.15861
1.15861
1.15861
1.15861
1.15861
1.15861
1.15861
1.15861
1.15861
1.15861
1.15861
1.15861
1.1586
1.1586
1.1586
1.1586
1.1586
1.1586
1.1586
1.1586
1.1586
1.1586
1.1586
1.1586
1.1586
1.1586
1.1586
1.1586
1.1586
1.1586
1.1586
1.1586
1.1586
1.1586
1.1586
1.1586
1.1586
1.1586
1.1586
1.1586
1.1586
1.1586
1.15859
1.15859
1.15859
1.15859
1.15859
1.15859
1.15859
1.15859
1.15859
1.15859
1.15859
1.15859
1.15859
1.15859
1.15859
1.15859
1.15859
1.15859
1.15859
1.15859
1.15859
1.15859
1.15859
1.15859
1.15859
1.15859
1.15859
1.15859
1.15859
1.15859
1.15858
1.15858
1.15858
1.15858
1.15858
1.15858
1.15858
1.15858
1.15858
1.15858
1.15858
1.15858
1.15858
1.15858
1.15858
1.15858
1.15858
1.15858
1.15858
1.15858
1.15858
1.15858
1.15858
1.15858
1.15858
1.15858
1.15858
1.15858
1.15858
1.15858
1.15857
1.15857
1.15856
1.15856
1.15856
1.15856
1.15856
1.15856
1.15856
1.15856
1.15856
1.15857
1.15857
1.15857
1.15857
1.15857
1.15857
1.15857
1.15857
1.15857
1.15857
1.15857
1.15857
1.15857
1.15857
1.15857
1.15857
1.15857
1.15857
1.15857
1.15856
1.15855
1.15855
1.15855
1.15855
1.15855
1.15855
1.15855
1.15855
1.15855
1.15855
1.15855
1.15855
1.15855
1.15855
1.15855
1.15855
1.15855
1.15855
1.15855
1.15855
1.15855
1.15855
1.15855
1.15855
1.15855
1.15855
1.15855
1.15855
1.15855
1.15854
1.15854
1.15854
1.15854
1.15854
1.15854
1.15854
1.15854
1.15854
1.15854
1.15854
1.15854
1.15854
1.15854
1.15854
1.15854
1.15854
1.15854
1.15854
1.15854
1.15854
1.15854
1.15854
1.15854
1.15854
1.15854
1.15854
1.15854
1.15854
1.15854
1.15853
1.15853
1.15853
1.15853
1.15853
1.15853
1.15853
1.15853
1.15853
1.15853
1.15853
1.15853
1.15853
1.15853
1.15853
1.15853
1.15853
1.15853
1.15853
1.15853
1.15853
1.15853
1.15853
1.15853
1.15853
1.15853
1.15853
1.15853
1.15853
1.15853
1.15852
1.15852
1.15852
1.15852
1.15852
1.15852
1.15852
1.15852
1.15852
1.15851
1.15851
1.15851
1.15851
1.15851
1.15851
1.15851
1.15852
1.15852
1.15852
1.15852
1.15852
1.15852
1.15852
1.15852
1.15852
1.15852
1.15852
1.15852
1.15852
1.15851
1.1585
1.1585
1.1585
1.1585
1.1585
1.1585
1.1585
1.1585
1.1585
1.1585
1.1585
1.1585
1.1585
1.1585
1.1585
1.1585
1.1585
1.1585
1.1585
1.1585
1.1585
1.1585
1.1585
1.1585
1.1585
1.1585
1.1585
1.1585
1.1585
1.1585
1.15849
1.15849
1.15849
1.15849
1.15849
1.15849
1.15849
1.15849
1.15849
1.15849
1.15849
1.15849
1.15849
1.15849
1.15849
1.15849
1.15849
1.15849
1.15849
1.15849
1.15849
1.15849
1.15849
1.15849
1.15849
1.15849
1.15849
1.15849
1.15849
1.15849
1.15847
1.15847
1.15847
1.15847
1.15847
1.15847
1.15847
1.15847
1.15847
1.15847
1.15847
1.15847
1.15847
1.15847
1.15847
1.15847
1.15847
1.15847
1.15847
1.15847
1.15847
1.15847
1.15847
1.15847
1.15847
1.15847
1.15847
1.15847
1.15847
1.15847
1.15846
1.15846
1.15846
1.15846
1.15846
1.15846
1.15846
1.15846
1.15846
1.15846
1.15846
1.15846
1.15846
1.15846
1.15846
1.15846
1.15846
1.15846
1.15846
1.15846
1.15846
1.15846
1.15846
1.15846
1.15846
1.15846
1.15846
1.15846
1.15846
1.15846
1.15844
1.15844
1.15844
1.15844
1.15844
1.15844
1.15844
1.15844
1.15844
1.15844
1.15844
1.15844
1.15844
1.15844
1.15844
1.15844
1.15844
1.15844
1.15844
1.15844
1.15844
1.15844
1.15844
1.15844
1.15844
1.15844
1.15844
1.15844
1.15844
1.15844
1.15842
1.15842
1.15842
1.15842
1.15842
1.15842
1.15842
1.15842
1.15842
1.15842
1.15842
1.15842
1.15842
1.15842
1.15842
1.15842
1.15842
1.15842
1.15842
1.15842
1.15842
1.15842
1.15842
1.15842
1.15842
1.15842
1.15842
1.15842
1.15842
1.15842
1.15841
1.15841
1.15841
1.15841
1.15841
1.15841
1.15841
1.15841
1.15841
1.15841
1.15841
1.15841
1.15841
1.15841
1.15841
1.15841
1.15841
1.15841
1.15841
1.15841
1.15841
1.15841
1.15841
1.15841
1.15841
1.15841
1.15841
1.15841
1.15841
1.15841
1.15839
1.15839
1.15839
1.15839
1.15839
1.15839
1.15839
1.15839
1.15839
1.15839
1.15839
1.15839
1.15839
1.15839
1.15839
1.15839
1.15839
1.15839
1.15839
1.15839
1.15839
1.15839
1.15839
1.15839
1.15839
1.15839
1.15839
1.15839
1.15839
1.15839
1.15837
1.15837
1.15837
1.15837
1.15837
1.15837
1.15837
1.15837
1.15837
1.15837
1.15837
1.15837
1.15837
1.15837
1.15837
1.15837
1.15837
1.15837
1.15837
1.15837
1.15837
1.15837
1.15837
1.15837
1.15837
1.15837
1.15837
1.15837
1.15837
1.15837
1.15835
1.15835
1.15835
1.15835
1.15835
1.15835
1.15835
1.15835
1.15835
1.15835
1.15835
1.15835
1.15835
1.15835
1.15835
1.15835
1.15835
1.15835
1.15835
1.15835
1.15835
1.15835
1.15835
1.15835
1.15835
1.15835
1.15835
1.15835
1.15835
1.15835
1.15833
1.15833
1.15833
1.15833
1.15833
1.15833
1.15833
1.15833
1.15833
1.15833
1.15833
1.15833
1.15833
1.15833
1.15833
1.15833
1.15833
1.15833
1.15833
1.15833
1.15833
1.15833
1.15833
1.15833
1.15833
1.15833
1.15833
1.15833
1.15833
1.15833
1.15831
1.15831
1.15831
1.15831
1.15831
1.15831
1.15831
1.15831
1.15831
1.15831
1.15831
1.15831
1.15831
1.15831
1.15831
1.15831
1.15831
1.15831
1.15831
1.15831
1.15831
1.15831
1.15831
1.15831
1.15831
1.15831
1.15831
1.15831
1.15831
1.15831
1.15829
1.15829
1.15829
1.15829
1.15829
1.15829
1.15829
1.15829
1.15829
1.15829
1.15829
1.15829
1.15829
1.15829
1.15829
1.15829
1.15829
1.15829
1.15829
1.15829
1.15829
1.15829
1.15829
1.15829
1.15829
1.15829
1.15829
1.15829
1.15829
1.15829
1.15827
1.15827
1.15827
1.15827
1.15827
1.15827
1.15827
1.15827
1.15827
1.15827
1.15827
1.15827
1.15827
1.15827
1.15827
1.15827
1.15827
1.15827
1.15827
1.15827
1.15827
1.15827
1.15827
1.15827
1.15827
1.15827
1.15827
1.15827
1.15827
1.15827
1.15824
1.15824
1.15824
1.15824
1.15824
1.15824
1.15824
1.15824
1.15824
1.15824
1.15824
1.15824
1.15824
1.15824
1.15824
1.15824
1.15824
1.15824
1.15824
1.15824
1.15824
1.15824
1.15824
1.15824
1.15824
1.15824
1.15824
1.15824
1.15824
1.15824
1.15822
1.15822
1.15822
1.15822
1.15822
1.15822
1.15822
1.15822
1.15822
1.15822
1.15822
1.15822
1.15822
1.15822
1.15822
1.15822
1.15822
1.15822
1.15822
1.15822
1.15822
1.15822
1.15822
1.15822
1.15822
1.15822
1.15822
1.15822
1.15822
1.15822
1.1582
1.1582
1.1582
1.1582
1.1582
1.1582
1.1582
1.1582
1.1582
1.1582
1.1582
1.1582
1.1582
1.1582
1.1582
1.1582
1.1582
1.1582
1.1582
1.1582
1.1582
1.1582
1.1582
1.1582
1.1582
1.1582
1.1582
1.1582
1.1582
1.1582
1.15817
1.15817
1.15817
1.15817
1.15817
1.15817
1.15817
1.15817
1.15817
1.15817
1.15817
1.15817
1.15817
1.15817
1.15817
1.15817
1.15817
1.15817
1.15817
1.15817
1.15817
1.15817
1.15817
1.15817
1.15817
1.15817
1.15817
1.15817
1.15817
1.15817
1.15815
1.15815
1.15815
1.15815
1.15815
1.15815
1.15815
1.15815
1.15815
1.15815
1.15815
1.15815
1.15815
1.15815
1.15815
1.15815
1.15815
1.15815
1.15815
1.15815
1.15815
1.15815
1.15815
1.15815
1.15815
1.15815
1.15815
1.15815
1.15815
1.15815
1.15812
1.15812
1.15812
1.15812
1.15812
1.15812
1.15812
1.15812
1.15812
1.15812
1.15812
1.15812
1.15812
1.15812
1.15812
1.15812
1.15812
1.15812
1.15812
1.15812
1.15812
1.15812
1.15812
1.15812
1.15812
1.15812
1.15812
1.15812
1.15812
1.15812
1.15809
1.15809
1.15809
1.15809
1.15809
1.15809
1.15809
1.15809
1.15809
1.15809
1.15809
1.15809
1.15809
1.15809
1.15809
1.15809
1.15809
1.15809
1.15809
1.15809
1.15809
1.15809
1.15809
1.15809
1.15809
1.15809
1.15809
1.15809
1.15809
1.15809
1.15806
1.15806
1.15806
1.15806
1.15806
1.15806
1.15806
1.15806
1.15806
1.15806
1.15806
1.15806
1.15806
1.15806
1.15806
1.15806
1.15806
1.15806
1.15806
1.15806
1.15806
1.15806
1.15806
1.15806
1.15806
1.15806
1.15806
1.15806
1.15806
1.15806
1.15804
1.15804
1.15804
1.15804
1.15804
1.15803
1.15803
1.15803
1.15803
1.15803
1.15803
1.15803
1.15803
1.15803
1.15803
1.15803
1.15803
1.15803
1.15803
1.15803
1.15803
1.15803
1.15803
1.15803
1.15803
1.15803
1.15803
1.15803
1.15803
1.15803
1.158
1.158
1.158
1.158
1.158
1.158
1.158
1.158
1.158
1.158
1.158
1.158
1.158
1.158
1.158
1.158
1.158
1.158
1.158
1.158
1.158
1.158
1.158
1.158
1.158
1.158
1.158
1.158
1.158
1.158
1.15797
1.15797
1.15797
1.15797
1.15797
1.15797
1.15797
1.15797
1.15797
1.15797
1.15797
1.15797
1.15797
1.15797
1.15797
1.15797
1.15797
1.15797
1.15797
1.15797
1.15797
1.15797
1.15797
1.15797
1.15797
1.15797
1.15797
1.15797
1.15797
1.15797
1.15794
1.15794
1.15794
1.15794
1.15794
1.15794
1.15794
1.15794
1.15794
1.15794
1.15794
1.15794
1.15794
1.15794
1.15794
1.15794
1.15794
1.15794
1.15794
1.15794
1.15794
1.15794
1.15794
1.15794
1.15794
1.15794
1.15794
1.15794
1.15794
1.15794
1.15791
1.15791
1.15791
1.15791
1.15791
1.15791
1.15791
1.15791
1.15791
1.15791
1.15791
1.15791
1.15791
1.15791
1.15791
1.15791
1.15791
1.15791
1.15791
1.15791
1.15791
1.15791
1.15791
1.15791
1.15791
1.15791
1.15791
1.15791
1.15791
1.15791
1.15787
1.15787
1.15787
1.15787
1.15787
1.15787
1.15787
1.15787
1.15787
1.15787
1.15787
1.15787
1.15787
1.15787
1.15787
1.15787
1.15787
1.15787
1.15787
1.15787
1.15787
1.15787
1.15787
1.15787
1.15787
1.15787
1.15787
1.15787
1.15787
1.15787
1.15784
1.15784
1.15784
1.15784
1.15784
1.15784
1.15784
1.15784
1.15784
1.15784
1.15784
1.15784
1.15784
1.15784
1.15784
1.15784
1.15784
1.15784
1.15784
1.15784
1.15784
1.15784
1.15784
1.15784
1.15784
1.15784
1.15784
1.15784
1.15784
1.15784
1.1578
1.1578
1.1578
1.1578
1.1578
1.1578
1.1578
1.1578
1.1578
1.1578
1.1578
1.1578
1.1578
1.1578
1.1578
1.1578
1.1578
1.1578
1.1578
1.1578
1.1578
1.1578
1.1578
1.1578
1.1578
1.1578
1.1578
1.1578
1.1578
1.1578
1.15776
1.15776
1.15776
1.15776
1.15776
1.15776
1.15776
1.15776
1.15776
1.15776
1.15776
1.15776
1.15776
1.15776
1.15776
1.15776
1.15776
1.15776
1.15776
1.15776
1.15776
1.15776
1.15776
1.15776
1.15776
1.15776
1.15776
1.15776
1.15776
1.15776
1.15772
1.15772
1.15772
1.15772
1.15772
1.15772
1.15772
1.15772
1.15772
1.15772
1.15772
1.15772
1.15772
1.15772
1.15772
1.15772
1.15772
1.15772
1.15772
1.15772
1.15772
1.15772
1.15772
1.15772
1.15772
1.15772
1.15772
1.15772
1.15772
1.15772
1.15768
1.15768
1.15768
1.15768
1.15768
1.15768
1.15768
1.15768
1.15768
1.15768
1.15768
1.15768
1.15768
1.15768
1.15768
1.15768
1.15768
1.15768
1.15768
1.15768
1.15768
1.15768
1.15768
1.15768
1.15768
1.15768
1.15768
1.15768
1.15768
1.15768
1.15764
1.15764
1.15764
1.15764
1.15764
1.15764
1.15764
1.15764
1.15764
1.15764
1.15764
1.15764
1.15764
1.15764
1.15764
1.15764
1.15764
1.15764
1.15764
1.15764
1.15764
1.15764
1.15764
1.15764
1.15764
1.15764
1.15764
1.15764
1.15764
1.15764
1.1576
1.1576
1.1576
1.1576
1.1576
1.1576
1.1576
1.1576
1.1576
1.1576
1.1576
1.1576
1.1576
1.1576
1.1576
1.1576
1.1576
1.1576
1.1576
1.1576
1.1576
1.1576
1.1576
1.1576
1.1576
1.1576
1.1576
1.1576
1.1576
1.1576
1.15756
1.15756
1.15756
1.15756
1.15756
1.15756
1.15756
1.15756
1.15756
1.15756
1.15756
1.15756
1.15756
1.15756
1.15756
1.15756
1.15756
1.15756
1.15756
1.15756
1.15756
1.15756
1.15756
1.15756
1.15756
1.15756
1.15756
1.15756
1.15756
1.15756
1.15751
1.15751
1.15751
1.15751
1.15751
1.15751
1.15751
1.15751
1.15751
1.15751
1.15751
1.15751
1.15751
1.15751
1.15751
1.15751
1.15751
1.15751
1.15751
1.15751
1.15751
1.15751
1.15751
1.15751
1.15751
1.15751
1.15751
1.15751
1.15751
1.15751
1.15746
1.15746
1.15746
1.15746
1.15746
1.15746
1.15746
1.15746
1.15746
1.15746
1.15746
1.15746
1.15746
1.15746
1.15746
1.15746
1.15746
1.15746
1.15746
1.15746
1.15746
1.15746
1.15746
1.15746
1.15746
1.15746
1.15746
1.15746
1.15746
1.15746
1.15741
1.15741
1.15741
1.15741
1.15741
1.15741
1.15741
1.15741
1.15741
1.15741
1.15741
1.15741
1.15741
1.15741
1.15741
1.15741
1.15741
1.15741
1.15741
1.15741
1.15741
1.15741
1.15741
1.15741
1.15741
1.15741
1.15741
1.15741
1.15741
1.15741
1.15736
1.15736
1.15736
1.15736
1.15736
1.15736
1.15736
1.15736
1.15736
1.15736
1.15736
1.15736
1.15736
1.15736
1.15736
1.15736
1.15736
1.15736
1.15736
1.15736
1.15736
1.15736
1.15736
1.15736
1.15736
1.15736
1.15736
1.15736
1.15736
1.15736
1.15731
1.15731
1.15731
1.15731
1.15731
1.15731
1.15731
1.15731
1.15731
1.15731
1.15731
1.15731
1.15731
1.15731
1.15731
1.15731
1.15731
1.15731
1.15731
1.15731
1.15731
1.15731
1.15731
1.15731
1.15731
1.15731
1.15731
1.15731
1.15731
1.15731
1.15726
1.15726
1.15726
1.15726
1.15726
1.15726
1.15726
1.15726
1.15726
1.15726
1.15726
1.15726
1.15726
1.15726
1.15726
1.15726
1.15726
1.15726
1.15726
1.15726
1.15726
1.15726
1.15726
1.15726
1.15726
1.15726
1.15726
1.15726
1.15726
1.15726
1.1572
1.1572
1.1572
1.1572
1.1572
1.1572
1.1572
1.1572
1.1572
1.1572
1.1572
1.1572
1.1572
1.1572
1.1572
1.1572
1.1572
1.1572
1.1572
1.1572
1.1572
1.1572
1.1572
1.1572
1.1572
1.1572
1.1572
1.1572
1.1572
1.1572
1.15714
1.15714
1.15714
1.15714
1.15714
1.15714
1.15714
1.15714
1.15714
1.15714
1.15714
1.15714
1.15714
1.15714
1.15714
1.15714
1.15714
1.15714
1.15714
1.15714
1.15714
1.15714
1.15714
1.15714
1.15714
1.15714
1.15714
1.15714
1.15714
1.15714
1.15709
1.15709
1.15709
1.15709
1.15709
1.15709
1.15709
1.15709
1.15709
1.15709
1.15709
1.15709
1.15709
1.15709
1.15709
1.15709
1.15709
1.15709
1.15709
1.15709
1.15709
1.15709
1.15709
1.15709
1.15709
1.15709
1.15709
1.15709
1.15709
1.15709
1.15702
1.15702
1.15702
1.15702
1.15702
1.15702
1.15702
1.15702
1.15702
1.15702
1.15702
1.15702
1.15702
1.15702
1.15702
1.15702
1.15702
1.15702
1.15702
1.15702
1.15702
1.15702
1.15702
1.15702
1.15702
1.15702
1.15702
1.15702
1.15702
1.15702
1.15696
1.15696
1.15696
1.15696
1.15696
1.15696
1.15696
1.15696
1.15696
1.15696
1.15696
1.15696
1.15696
1.15696
1.15696
1.15696
1.15696
1.15696
1.15696
1.15696
1.15696
1.15696
1.15696
1.15696
1.15696
1.15696
1.15696
1.15696
1.15696
1.15696
1.1569
1.1569
1.1569
1.1569
1.1569
1.1569
1.1569
1.1569
1.1569
1.1569
1.1569
1.1569
1.1569
1.1569
1.1569
1.1569
1.1569
1.1569
1.1569
1.1569
1.1569
1.1569
1.1569
1.1569
1.1569
1.1569
1.1569
1.1569
1.1569
1.1569
1.15683
1.15683
1.15683
1.15683
1.15683
1.15683
1.15683
1.15683
1.15683
1.15683
1.15683
1.15683
1.15683
1.15683
1.15683
1.15683
1.15683
1.15683
1.15683
1.15683
1.15683
1.15683
1.15683
1.15683
1.15683
1.15683
1.15683
1.15683
1.15683
1.15683
1.15676
1.15676
1.15676
1.15676
1.15676
1.15676
1.15676
1.15676
1.15676
1.15676
1.15676
1.15676
1.15676
1.15676
1.15676
1.15676
1.15676
1.15676
1.15676
1.15676
1.15676
1.15676
1.15676
1.15676
1.15676
1.15676
1.15676
1.15676
1.15676
1.15676
1.15669
1.15669
1.15669
1.15669
1.15669
1.15669
1.15669
1.15669
1.15669
1.15669
1.15669
1.15669
1.15669
1.15669
1.15669
1.15669
1.15669
1.15669
1.15669
1.15669
1.15669
1.15669
1.15669
1.15669
1.15669
1.15669
1.15669
1.15669
1.15669
1.15669
)
;

boundaryField
{
    inlet
    {
        type            calculated;
        value           nonuniform List<scalar> 
60
(
1.15862
1.15861
1.1586
1.15859
1.15857
1.15856
1.15855
1.15853
1.15852
1.15851
1.15849
1.15848
1.15846
1.15844
1.15843
1.15841
1.15839
1.15837
1.15835
1.15833
1.15831
1.15829
1.15827
1.15825
1.15822
1.1582
1.15817
1.15815
1.15812
1.15809
1.15807
1.15804
1.15801
1.15797
1.15794
1.15791
1.15787
1.15784
1.1578
1.15776
1.15773
1.15769
1.15764
1.1576
1.15756
1.15751
1.15746
1.15741
1.15736
1.15731
1.15726
1.1572
1.15714
1.15709
1.15702
1.15696
1.1569
1.15683
1.15676
1.15669
)
;
    }
    outlet
    {
        type            calculated;
        value           nonuniform List<scalar> 
60
(
1.15861
1.1586
1.15859
1.15858
1.15857
1.15855
1.15854
1.15853
1.15852
1.1585
1.15849
1.15847
1.15846
1.15844
1.15842
1.15841
1.15839
1.15837
1.15835
1.15833
1.15831
1.15829
1.15827
1.15824
1.15822
1.1582
1.15817
1.15815
1.15812
1.15809
1.15806
1.15803
1.158
1.15797
1.15794
1.15791
1.15787
1.15784
1.1578
1.15776
1.15772
1.15768
1.15764
1.1576
1.15756
1.15751
1.15746
1.15741
1.15736
1.15731
1.15726
1.1572
1.15714
1.15709
1.15702
1.15696
1.1569
1.15683
1.15676
1.15669
)
;
    }
    top
    {
        type            symmetryPlane;
    }
    ground
    {
        type            calculated;
        value           nonuniform List<scalar> 
40
(
1.15995
1.15995
1.15995
1.15995
1.15995
1.15995
1.15995
1.15994
1.15994
1.15994
1.15994
1.15994
1.15994
1.15994
1.15994
1.15994
1.15994
1.15994
1.15994
1.15994
1.15994
1.15994
1.15994
1.15994
1.15994
1.15994
1.15994
1.15994
1.15994
1.15994
1.15995
1.15995
1.15995
1.15995
1.15995
1.15995
1.15995
1.15995
1.15995
1.15995
)
;
    }
    sides
    {
        type            empty;
    }
    walls
    {
        type            calculated;
        value           nonuniform List<scalar> 
140
(
1.15994
1.15993
1.15992
1.1599
1.15989
1.15987
1.15985
1.15983
1.15981
1.15978
1.15975
1.15972
1.15968
1.15965
1.1596
1.15956
1.1595
1.15945
1.15939
1.15932
1.15924
1.15918
1.15911
1.15906
1.15901
1.15896
1.15892
1.15888
1.15885
1.15882
1.15879
1.15876
1.15874
1.15872
1.1587
1.15869
1.15867
1.15866
1.15864
1.15863
1.15994
1.15993
1.15992
1.1599
1.15989
1.15987
1.15985
1.15983
1.15981
1.15978
1.15975
1.15972
1.15968
1.15964
1.1596
1.15956
1.1595
1.15945
1.15938
1.15932
1.15924
1.15917
1.15911
1.15906
1.15901
1.15896
1.15892
1.15888
1.15885
1.15882
1.15879
1.15877
1.15875
1.15873
1.15871
1.1587
1.15869
1.15868
1.15867
1.15866
1.15863
1.15863
1.15863
1.15863
1.15863
1.15863
1.15863
1.15863
1.15863
1.15863
1.15863
1.15863
1.15863
1.15863
1.15863
1.15863
1.15863
1.15863
1.15863
1.15863
1.15863
1.15863
1.15863
1.15863
1.15863
1.15863
1.15863
1.15863
1.15863
1.15863
1.1586
1.15861
1.15861
1.15862
1.15862
1.15862
1.15862
1.15862
1.15862
1.15862
1.15862
1.15862
1.15862
1.15862
1.15862
1.15862
1.15862
1.15862
1.15862
1.15862
1.15862
1.15862
1.15862
1.15862
1.15862
1.15862
1.15862
1.15862
1.15862
1.15862
)
;
    }
}


// ************************************************************************* //
