/*--------------------------------*- C++ -*----------------------------------*\
| =========                 |                                                 |
| \\      /  F ield         | OpenFOAM: The Open Source CFD Toolbox           |
|  \\    /   O peration     | Version:  2.2.0                                 |
|   \\  /    A nd           | Web:      www.OpenFOAM.org                      |
|    \\/     M anipulation  |                                                 |
\*---------------------------------------------------------------------------*/
FoamFile
{
    version     2.0;
    format      ascii;
    class       vectorField;
    location    "constant/polyMesh";
    object      points;
}
// * * * * * * * * * * * * * * * * * * * * * * * * * * * * * * * * * * * * * //


2010
(
(15 -10 0)
(15.05 -10 0)
(15.1 -10 0)
(15.15 -10 0)
(15.2 -10 0)
(15 -9.95 0)
(15.05 -9.95 0)
(15.1 -9.95 0)
(15.15 -9.95 0)
(15.2 -9.95 0)
(15 -9.9 0)
(15.05 -9.9 0)
(15.1 -9.9 0)
(15.15 -9.9 0)
(15.2 -9.9 0)
(15 -9.85 0)
(15.05 -9.85 0)
(15.1 -9.85 0)
(15.15 -9.85 0)
(15.2 -9.85 0)
(15 -9.8 0)
(15.05 -9.8 0)
(15.1 -9.8 0)
(15.15 -9.8 0)
(15.2 -9.8 0)
(15 -9.75 0)
(15.05 -9.75 0)
(15.1 -9.75 0)
(15.15 -9.75 0)
(15.2 -9.75 0)
(15 -9.7 0)
(15.05 -9.7 0)
(15.1 -9.7 0)
(15.15 -9.7 0)
(15.2 -9.7 0)
(15 -9.65 0)
(15.05 -9.65 0)
(15.1 -9.65 0)
(15.15 -9.65 0)
(15.2 -9.65 0)
(15 -9.6 0)
(15.05 -9.6 0)
(15.1 -9.6 0)
(15.15 -9.6 0)
(15.2 -9.6 0)
(15 -9.55 0)
(15.05 -9.55 0)
(15.1 -9.55 0)
(15.15 -9.55 0)
(15.2 -9.55 0)
(15 -9.5 0)
(15.05 -9.5 0)
(15.1 -9.5 0)
(15.15 -9.5 0)
(15.2 -9.5 0)
(15 -9.45 0)
(15.05 -9.45 0)
(15.1 -9.45 0)
(15.15 -9.45 0)
(15.2 -9.45 0)
(15 -9.4 0)
(15.05 -9.4 0)
(15.1 -9.4 0)
(15.15 -9.4 0)
(15.2 -9.4 0)
(15 -9.35 0)
(15.05 -9.35 0)
(15.1 -9.35 0)
(15.15 -9.35 0)
(15.2 -9.35 0)
(15 -9.3 0)
(15.05 -9.3 0)
(15.1 -9.3 0)
(15.15 -9.3 0)
(15.2 -9.3 0)
(15 -9.25 0)
(15.05 -9.25 0)
(15.1 -9.25 0)
(15.15 -9.25 0)
(15.2 -9.25 0)
(15 -9.2 0)
(15.05 -9.2 0)
(15.1 -9.2 0)
(15.15 -9.2 0)
(15.2 -9.2 0)
(15 -9.15 0)
(15.05 -9.15 0)
(15.1 -9.15 0)
(15.15 -9.15 0)
(15.2 -9.15 0)
(15 -9.1 0)
(15.05 -9.1 0)
(15.1 -9.1 0)
(15.15 -9.1 0)
(15.2 -9.1 0)
(15 -9.05 0)
(15.05 -9.05 0)
(15.1 -9.05 0)
(15.15 -9.05 0)
(15.2 -9.05 0)
(15 -9 0)
(15.05 -9 0)
(15.1 -9 0)
(15.15 -9 0)
(15.2 -9 0)
(15 -8.95 0)
(15.05 -8.95 0)
(15.1 -8.95 0)
(15.15 -8.95 0)
(15.2 -8.95 0)
(15 -8.9 0)
(15.05 -8.9 0)
(15.1 -8.9 0)
(15.15 -8.9 0)
(15.2 -8.9 0)
(15 -8.85 0)
(15.05 -8.85 0)
(15.1 -8.85 0)
(15.15 -8.85 0)
(15.2 -8.85 0)
(15 -8.8 0)
(15.05 -8.8 0)
(15.1 -8.8 0)
(15.15 -8.8 0)
(15.2 -8.8 0)
(15 -8.75 0)
(15.05 -8.75 0)
(15.1 -8.75 0)
(15.15 -8.75 0)
(15.2 -8.75 0)
(15 -8.7 0)
(15.05 -8.7 0)
(15.1 -8.7 0)
(15.15 -8.7 0)
(15.2 -8.7 0)
(15 -8.65 0)
(15.05 -8.65 0)
(15.1 -8.65 0)
(15.15 -8.65 0)
(15.2 -8.65 0)
(15 -8.6 0)
(15.05 -8.6 0)
(15.1 -8.6 0)
(15.15 -8.6 0)
(15.2 -8.6 0)
(15 -8.55 0)
(15.05 -8.55 0)
(15.1 -8.55 0)
(15.15 -8.55 0)
(15.2 -8.55 0)
(15 -8.5 0)
(15.05 -8.5 0)
(15.1 -8.5 0)
(15.15 -8.5 0)
(15.2 -8.5 0)
(15 -8.45 0)
(15.05 -8.45 0)
(15.1 -8.45 0)
(15.15 -8.45 0)
(15.2 -8.45 0)
(15 -8.4 0)
(15.05 -8.4 0)
(15.1 -8.4 0)
(15.15 -8.4 0)
(15.2 -8.4 0)
(15 -8.35 0)
(15.05 -8.35 0)
(15.1 -8.35 0)
(15.15 -8.35 0)
(15.2 -8.35 0)
(15 -8.3 0)
(15.05 -8.3 0)
(15.1 -8.3 0)
(15.15 -8.3 0)
(15.2 -8.3 0)
(15 -8.25 0)
(15.05 -8.25 0)
(15.1 -8.25 0)
(15.15 -8.25 0)
(15.2 -8.25 0)
(15 -8.2 0)
(15.05 -8.2 0)
(15.1 -8.2 0)
(15.15 -8.2 0)
(15.2 -8.2 0)
(15 -8.15 0)
(15.05 -8.15 0)
(15.1 -8.15 0)
(15.15 -8.15 0)
(15.2 -8.15 0)
(15 -8.1 0)
(15.05 -8.1 0)
(15.1 -8.1 0)
(15.15 -8.1 0)
(15.2 -8.1 0)
(15 -8.05 0)
(15.05 -8.05 0)
(15.1 -8.05 0)
(15.15 -8.05 0)
(15.2 -8.05 0)
(15 -8 0)
(15.05 -8 0)
(15.1 -8 0)
(15.15 -8 0)
(15.2 -8 0)
(15 -7.95 0)
(15.05 -7.95 0)
(15.1 -7.95 0)
(15.15 -7.95 0)
(15.2 -7.95 0)
(15 -7.9 0)
(15.05 -7.9 0)
(15.1 -7.9 0)
(15.15 -7.9 0)
(15.2 -7.9 0)
(15 -7.85 0)
(15.05 -7.85 0)
(15.1 -7.85 0)
(15.15 -7.85 0)
(15.2 -7.85 0)
(15 -7.8 0)
(15.05 -7.8 0)
(15.1 -7.8 0)
(15.15 -7.8 0)
(15.2 -7.8 0)
(15 -7.75 0)
(15.05 -7.75 0)
(15.1 -7.75 0)
(15.15 -7.75 0)
(15.2 -7.75 0)
(15 -7.7 0)
(15.05 -7.7 0)
(15.1 -7.7 0)
(15.15 -7.7 0)
(15.2 -7.7 0)
(15 -7.65 0)
(15.05 -7.65 0)
(15.1 -7.65 0)
(15.15 -7.65 0)
(15.2 -7.65 0)
(15 -7.6 0)
(15.05 -7.6 0)
(15.1 -7.6 0)
(15.15 -7.6 0)
(15.2 -7.6 0)
(15 -7.55 0)
(15.05 -7.55 0)
(15.1 -7.55 0)
(15.15 -7.55 0)
(15.2 -7.55 0)
(15 -7.5 0)
(15.05 -7.5 0)
(15.1 -7.5 0)
(15.15 -7.5 0)
(15.2 -7.5 0)
(15 -7.45 0)
(15.05 -7.45 0)
(15.1 -7.45 0)
(15.15 -7.45 0)
(15.2 -7.45 0)
(15 -7.4 0)
(15.05 -7.4 0)
(15.1 -7.4 0)
(15.15 -7.4 0)
(15.2 -7.4 0)
(15 -7.35 0)
(15.05 -7.35 0)
(15.1 -7.35 0)
(15.15 -7.35 0)
(15.2 -7.35 0)
(15 -7.3 0)
(15.05 -7.3 0)
(15.1 -7.3 0)
(15.15 -7.3 0)
(15.2 -7.3 0)
(15 -7.25 0)
(15.05 -7.25 0)
(15.1 -7.25 0)
(15.15 -7.25 0)
(15.2 -7.25 0)
(15 -7.2 0)
(15.05 -7.2 0)
(15.1 -7.2 0)
(15.15 -7.2 0)
(15.2 -7.2 0)
(15 -7.15 0)
(15.05 -7.15 0)
(15.1 -7.15 0)
(15.15 -7.15 0)
(15.2 -7.15 0)
(15 -7.1 0)
(15.05 -7.1 0)
(15.1 -7.1 0)
(15.15 -7.1 0)
(15.2 -7.1 0)
(15 -7.05 0)
(15.05 -7.05 0)
(15.1 -7.05 0)
(15.15 -7.05 0)
(15.2 -7.05 0)
(15 -7 0)
(15.05 -7 0)
(15.1 -7 0)
(15.15 -7 0)
(15.2 -7 0)
(15 -6.95 0)
(15.05 -6.95 0)
(15.1 -6.95 0)
(15.15 -6.95 0)
(15.2 -6.95 0)
(15 -6.9 0)
(15.05 -6.9 0)
(15.1 -6.9 0)
(15.15 -6.9 0)
(15.2 -6.9 0)
(15 -6.85 0)
(15.05 -6.85 0)
(15.1 -6.85 0)
(15.15 -6.85 0)
(15.2 -6.85 0)
(15 -6.8 0)
(15.05 -6.8 0)
(15.1 -6.8 0)
(15.15 -6.8 0)
(15.2 -6.8 0)
(15 -6.75 0)
(15.05 -6.75 0)
(15.1 -6.75 0)
(15.15 -6.75 0)
(15.2 -6.75 0)
(15 -6.7 0)
(15.05 -6.7 0)
(15.1 -6.7 0)
(15.15 -6.7 0)
(15.2 -6.7 0)
(15 -6.65 0)
(15.05 -6.65 0)
(15.1 -6.65 0)
(15.15 -6.65 0)
(15.2 -6.65 0)
(15 -6.6 0)
(15.05 -6.6 0)
(15.1 -6.6 0)
(15.15 -6.6 0)
(15.2 -6.6 0)
(15 -6.55 0)
(15.05 -6.55 0)
(15.1 -6.55 0)
(15.15 -6.55 0)
(15.2 -6.55 0)
(15 -6.5 0)
(15.05 -6.5 0)
(15.1 -6.5 0)
(15.15 -6.5 0)
(15.2 -6.5 0)
(15 -6.45 0)
(15.05 -6.45 0)
(15.1 -6.45 0)
(15.15 -6.45 0)
(15.2 -6.45 0)
(15 -6.4 0)
(15.05 -6.4 0)
(15.1 -6.4 0)
(15.15 -6.4 0)
(15.2 -6.4 0)
(15 -6.35 0)
(15.05 -6.35 0)
(15.1 -6.35 0)
(15.15 -6.35 0)
(15.2 -6.35 0)
(15 -6.3 0)
(15.05 -6.3 0)
(15.1 -6.3 0)
(15.15 -6.3 0)
(15.2 -6.3 0)
(15 -6.25 0)
(15.05 -6.25 0)
(15.1 -6.25 0)
(15.15 -6.25 0)
(15.2 -6.25 0)
(15 -6.2 0)
(15.05 -6.2 0)
(15.1 -6.2 0)
(15.15 -6.2 0)
(15.2 -6.2 0)
(15 -6.15 0)
(15.05 -6.15 0)
(15.1 -6.15 0)
(15.15 -6.15 0)
(15.2 -6.15 0)
(15 -6.1 0)
(15.05 -6.1 0)
(15.1 -6.1 0)
(15.15 -6.1 0)
(15.2 -6.1 0)
(15 -6.05 0)
(15.05 -6.05 0)
(15.1 -6.05 0)
(15.15 -6.05 0)
(15.2 -6.05 0)
(15 -6 0)
(15.05 -6 0)
(15.1 -6 0)
(15.15 -6 0)
(15.2 -6 0)
(15 -5.95 0)
(15.05 -5.95 0)
(15.1 -5.95 0)
(15.15 -5.95 0)
(15.2 -5.95 0)
(15 -5.9 0)
(15.05 -5.9 0)
(15.1 -5.9 0)
(15.15 -5.9 0)
(15.2 -5.9 0)
(15 -5.85 0)
(15.05 -5.85 0)
(15.1 -5.85 0)
(15.15 -5.85 0)
(15.2 -5.85 0)
(15 -5.8 0)
(15.05 -5.8 0)
(15.1 -5.8 0)
(15.15 -5.8 0)
(15.2 -5.8 0)
(15 -5.75 0)
(15.05 -5.75 0)
(15.1 -5.75 0)
(15.15 -5.75 0)
(15.2 -5.75 0)
(15 -5.7 0)
(15.05 -5.7 0)
(15.1 -5.7 0)
(15.15 -5.7 0)
(15.2 -5.7 0)
(15 -5.65 0)
(15.05 -5.65 0)
(15.1 -5.65 0)
(15.15 -5.65 0)
(15.2 -5.65 0)
(15 -5.6 0)
(15.05 -5.6 0)
(15.1 -5.6 0)
(15.15 -5.6 0)
(15.2 -5.6 0)
(15 -5.55 0)
(15.05 -5.55 0)
(15.1 -5.55 0)
(15.15 -5.55 0)
(15.2 -5.55 0)
(15 -5.5 0)
(15.05 -5.5 0)
(15.1 -5.5 0)
(15.15 -5.5 0)
(15.2 -5.5 0)
(15 -5.45 0)
(15.05 -5.45 0)
(15.1 -5.45 0)
(15.15 -5.45 0)
(15.2 -5.45 0)
(15 -5.4 0)
(15.05 -5.4 0)
(15.1 -5.4 0)
(15.15 -5.4 0)
(15.2 -5.4 0)
(15 -5.35 0)
(15.05 -5.35 0)
(15.1 -5.35 0)
(15.15 -5.35 0)
(15.2 -5.35 0)
(15 -5.3 0)
(15.05 -5.3 0)
(15.1 -5.3 0)
(15.15 -5.3 0)
(15.2 -5.3 0)
(15 -5.25 0)
(15.05 -5.25 0)
(15.1 -5.25 0)
(15.15 -5.25 0)
(15.2 -5.25 0)
(15 -5.2 0)
(15.05 -5.2 0)
(15.1 -5.2 0)
(15.15 -5.2 0)
(15.2 -5.2 0)
(15 -5.15 0)
(15.05 -5.15 0)
(15.1 -5.15 0)
(15.15 -5.15 0)
(15.2 -5.15 0)
(15 -5.1 0)
(15.05 -5.1 0)
(15.1 -5.1 0)
(15.15 -5.1 0)
(15.2 -5.1 0)
(15 -5.05 0)
(15.05 -5.05 0)
(15.1 -5.05 0)
(15.15 -5.05 0)
(15.2 -5.05 0)
(15 -5 0)
(15.05 -5 0)
(15.1 -5 0)
(15.15 -5 0)
(15.2 -5 0)
(15 -4.95 0)
(15.05 -4.95 0)
(15.1 -4.95 0)
(15.15 -4.95 0)
(15.2 -4.95 0)
(15 -4.9 0)
(15.05 -4.9 0)
(15.1 -4.9 0)
(15.15 -4.9 0)
(15.2 -4.9 0)
(15 -4.85 0)
(15.05 -4.85 0)
(15.1 -4.85 0)
(15.15 -4.85 0)
(15.2 -4.85 0)
(15 -4.8 0)
(15.05 -4.8 0)
(15.1 -4.8 0)
(15.15 -4.8 0)
(15.2 -4.8 0)
(15 -4.75 0)
(15.05 -4.75 0)
(15.1 -4.75 0)
(15.15 -4.75 0)
(15.2 -4.75 0)
(15 -4.7 0)
(15.05 -4.7 0)
(15.1 -4.7 0)
(15.15 -4.7 0)
(15.2 -4.7 0)
(15 -4.65 0)
(15.05 -4.65 0)
(15.1 -4.65 0)
(15.15 -4.65 0)
(15.2 -4.65 0)
(15 -4.6 0)
(15.05 -4.6 0)
(15.1 -4.6 0)
(15.15 -4.6 0)
(15.2 -4.6 0)
(15 -4.55 0)
(15.05 -4.55 0)
(15.1 -4.55 0)
(15.15 -4.55 0)
(15.2 -4.55 0)
(15 -4.5 0)
(15.05 -4.5 0)
(15.1 -4.5 0)
(15.15 -4.5 0)
(15.2 -4.5 0)
(15 -4.45 0)
(15.05 -4.45 0)
(15.1 -4.45 0)
(15.15 -4.45 0)
(15.2 -4.45 0)
(15 -4.4 0)
(15.05 -4.4 0)
(15.1 -4.4 0)
(15.15 -4.4 0)
(15.2 -4.4 0)
(15 -4.35 0)
(15.05 -4.35 0)
(15.1 -4.35 0)
(15.15 -4.35 0)
(15.2 -4.35 0)
(15 -4.3 0)
(15.05 -4.3 0)
(15.1 -4.3 0)
(15.15 -4.3 0)
(15.2 -4.3 0)
(15 -4.25 0)
(15.05 -4.25 0)
(15.1 -4.25 0)
(15.15 -4.25 0)
(15.2 -4.25 0)
(15 -4.2 0)
(15.05 -4.2 0)
(15.1 -4.2 0)
(15.15 -4.2 0)
(15.2 -4.2 0)
(15 -4.15 0)
(15.05 -4.15 0)
(15.1 -4.15 0)
(15.15 -4.15 0)
(15.2 -4.15 0)
(15 -4.1 0)
(15.05 -4.1 0)
(15.1 -4.1 0)
(15.15 -4.1 0)
(15.2 -4.1 0)
(15 -4.05 0)
(15.05 -4.05 0)
(15.1 -4.05 0)
(15.15 -4.05 0)
(15.2 -4.05 0)
(15 -4 0)
(15.05 -4 0)
(15.1 -4 0)
(15.15 -4 0)
(15.2 -4 0)
(15 -3.95 0)
(15.05 -3.95 0)
(15.1 -3.95 0)
(15.15 -3.95 0)
(15.2 -3.95 0)
(15 -3.9 0)
(15.05 -3.9 0)
(15.1 -3.9 0)
(15.15 -3.9 0)
(15.2 -3.9 0)
(15 -3.85 0)
(15.05 -3.85 0)
(15.1 -3.85 0)
(15.15 -3.85 0)
(15.2 -3.85 0)
(15 -3.8 0)
(15.05 -3.8 0)
(15.1 -3.8 0)
(15.15 -3.8 0)
(15.2 -3.8 0)
(15 -3.75 0)
(15.05 -3.75 0)
(15.1 -3.75 0)
(15.15 -3.75 0)
(15.2 -3.75 0)
(15 -3.7 0)
(15.05 -3.7 0)
(15.1 -3.7 0)
(15.15 -3.7 0)
(15.2 -3.7 0)
(15 -3.65 0)
(15.05 -3.65 0)
(15.1 -3.65 0)
(15.15 -3.65 0)
(15.2 -3.65 0)
(15 -3.6 0)
(15.05 -3.6 0)
(15.1 -3.6 0)
(15.15 -3.6 0)
(15.2 -3.6 0)
(15 -3.55 0)
(15.05 -3.55 0)
(15.1 -3.55 0)
(15.15 -3.55 0)
(15.2 -3.55 0)
(15 -3.5 0)
(15.05 -3.5 0)
(15.1 -3.5 0)
(15.15 -3.5 0)
(15.2 -3.5 0)
(15 -3.45 0)
(15.05 -3.45 0)
(15.1 -3.45 0)
(15.15 -3.45 0)
(15.2 -3.45 0)
(15 -3.4 0)
(15.05 -3.4 0)
(15.1 -3.4 0)
(15.15 -3.4 0)
(15.2 -3.4 0)
(15 -3.35 0)
(15.05 -3.35 0)
(15.1 -3.35 0)
(15.15 -3.35 0)
(15.2 -3.35 0)
(15 -3.3 0)
(15.05 -3.3 0)
(15.1 -3.3 0)
(15.15 -3.3 0)
(15.2 -3.3 0)
(15 -3.25 0)
(15.05 -3.25 0)
(15.1 -3.25 0)
(15.15 -3.25 0)
(15.2 -3.25 0)
(15 -3.2 0)
(15.05 -3.2 0)
(15.1 -3.2 0)
(15.15 -3.2 0)
(15.2 -3.2 0)
(15 -3.15 0)
(15.05 -3.15 0)
(15.1 -3.15 0)
(15.15 -3.15 0)
(15.2 -3.15 0)
(15 -3.1 0)
(15.05 -3.1 0)
(15.1 -3.1 0)
(15.15 -3.1 0)
(15.2 -3.1 0)
(15 -3.05 0)
(15.05 -3.05 0)
(15.1 -3.05 0)
(15.15 -3.05 0)
(15.2 -3.05 0)
(15 -3 0)
(15.05 -3 0)
(15.1 -3 0)
(15.15 -3 0)
(15.2 -3 0)
(15 -2.95 0)
(15.05 -2.95 0)
(15.1 -2.95 0)
(15.15 -2.95 0)
(15.2 -2.95 0)
(15 -2.9 0)
(15.05 -2.9 0)
(15.1 -2.9 0)
(15.15 -2.9 0)
(15.2 -2.9 0)
(15 -2.85 0)
(15.05 -2.85 0)
(15.1 -2.85 0)
(15.15 -2.85 0)
(15.2 -2.85 0)
(15 -2.8 0)
(15.05 -2.8 0)
(15.1 -2.8 0)
(15.15 -2.8 0)
(15.2 -2.8 0)
(15 -2.75 0)
(15.05 -2.75 0)
(15.1 -2.75 0)
(15.15 -2.75 0)
(15.2 -2.75 0)
(15 -2.7 0)
(15.05 -2.7 0)
(15.1 -2.7 0)
(15.15 -2.7 0)
(15.2 -2.7 0)
(15 -2.65 0)
(15.05 -2.65 0)
(15.1 -2.65 0)
(15.15 -2.65 0)
(15.2 -2.65 0)
(15 -2.6 0)
(15.05 -2.6 0)
(15.1 -2.6 0)
(15.15 -2.6 0)
(15.2 -2.6 0)
(15 -2.55 0)
(15.05 -2.55 0)
(15.1 -2.55 0)
(15.15 -2.55 0)
(15.2 -2.55 0)
(15 -2.5 0)
(15.05 -2.5 0)
(15.1 -2.5 0)
(15.15 -2.5 0)
(15.2 -2.5 0)
(15 -2.45 0)
(15.05 -2.45 0)
(15.1 -2.45 0)
(15.15 -2.45 0)
(15.2 -2.45 0)
(15 -2.4 0)
(15.05 -2.4 0)
(15.1 -2.4 0)
(15.15 -2.4 0)
(15.2 -2.4 0)
(15 -2.35 0)
(15.05 -2.35 0)
(15.1 -2.35 0)
(15.15 -2.35 0)
(15.2 -2.35 0)
(15 -2.3 0)
(15.05 -2.3 0)
(15.1 -2.3 0)
(15.15 -2.3 0)
(15.2 -2.3 0)
(15 -2.25 0)
(15.05 -2.25 0)
(15.1 -2.25 0)
(15.15 -2.25 0)
(15.2 -2.25 0)
(15 -2.2 0)
(15.05 -2.2 0)
(15.1 -2.2 0)
(15.15 -2.2 0)
(15.2 -2.2 0)
(15 -2.15 0)
(15.05 -2.15 0)
(15.1 -2.15 0)
(15.15 -2.15 0)
(15.2 -2.15 0)
(15 -2.1 0)
(15.05 -2.1 0)
(15.1 -2.1 0)
(15.15 -2.1 0)
(15.2 -2.1 0)
(15 -2.05 0)
(15.05 -2.05 0)
(15.1 -2.05 0)
(15.15 -2.05 0)
(15.2 -2.05 0)
(15 -2 0)
(15.05 -2 0)
(15.1 -2 0)
(15.15 -2 0)
(15.2 -2 0)
(15 -1.95 0)
(15.05 -1.95 0)
(15.1 -1.95 0)
(15.15 -1.95 0)
(15.2 -1.95 0)
(15 -1.9 0)
(15.05 -1.9 0)
(15.1 -1.9 0)
(15.15 -1.9 0)
(15.2 -1.9 0)
(15 -1.85 0)
(15.05 -1.85 0)
(15.1 -1.85 0)
(15.15 -1.85 0)
(15.2 -1.85 0)
(15 -1.8 0)
(15.05 -1.8 0)
(15.1 -1.8 0)
(15.15 -1.8 0)
(15.2 -1.8 0)
(15 -1.75 0)
(15.05 -1.75 0)
(15.1 -1.75 0)
(15.15 -1.75 0)
(15.2 -1.75 0)
(15 -1.7 0)
(15.05 -1.7 0)
(15.1 -1.7 0)
(15.15 -1.7 0)
(15.2 -1.7 0)
(15 -1.65 0)
(15.05 -1.65 0)
(15.1 -1.65 0)
(15.15 -1.65 0)
(15.2 -1.65 0)
(15 -1.6 0)
(15.05 -1.6 0)
(15.1 -1.6 0)
(15.15 -1.6 0)
(15.2 -1.6 0)
(15 -1.55 0)
(15.05 -1.55 0)
(15.1 -1.55 0)
(15.15 -1.55 0)
(15.2 -1.55 0)
(15 -1.5 0)
(15.05 -1.5 0)
(15.1 -1.5 0)
(15.15 -1.5 0)
(15.2 -1.5 0)
(15 -1.45 0)
(15.05 -1.45 0)
(15.1 -1.45 0)
(15.15 -1.45 0)
(15.2 -1.45 0)
(15 -1.4 0)
(15.05 -1.4 0)
(15.1 -1.4 0)
(15.15 -1.4 0)
(15.2 -1.4 0)
(15 -1.35 0)
(15.05 -1.35 0)
(15.1 -1.35 0)
(15.15 -1.35 0)
(15.2 -1.35 0)
(15 -1.3 0)
(15.05 -1.3 0)
(15.1 -1.3 0)
(15.15 -1.3 0)
(15.2 -1.3 0)
(15 -1.25 0)
(15.05 -1.25 0)
(15.1 -1.25 0)
(15.15 -1.25 0)
(15.2 -1.25 0)
(15 -1.2 0)
(15.05 -1.2 0)
(15.1 -1.2 0)
(15.15 -1.2 0)
(15.2 -1.2 0)
(15 -1.15 0)
(15.05 -1.15 0)
(15.1 -1.15 0)
(15.15 -1.15 0)
(15.2 -1.15 0)
(15 -1.1 0)
(15.05 -1.1 0)
(15.1 -1.1 0)
(15.15 -1.1 0)
(15.2 -1.1 0)
(15 -1.05 0)
(15.05 -1.05 0)
(15.1 -1.05 0)
(15.15 -1.05 0)
(15.2 -1.05 0)
(15 -1 0)
(15.05 -1 0)
(15.1 -1 0)
(15.15 -1 0)
(15.2 -1 0)
(15 -0.95 0)
(15.05 -0.95 0)
(15.1 -0.95 0)
(15.15 -0.95 0)
(15.2 -0.95 0)
(15 -0.9 0)
(15.05 -0.9 0)
(15.1 -0.9 0)
(15.15 -0.9 0)
(15.2 -0.9 0)
(15 -0.85 0)
(15.05 -0.85 0)
(15.1 -0.85 0)
(15.15 -0.85 0)
(15.2 -0.85 0)
(15 -0.8 0)
(15.05 -0.8 0)
(15.1 -0.8 0)
(15.15 -0.8 0)
(15.2 -0.8 0)
(15 -0.75 0)
(15.05 -0.75 0)
(15.1 -0.75 0)
(15.15 -0.75 0)
(15.2 -0.75 0)
(15 -0.7 0)
(15.05 -0.7 0)
(15.1 -0.7 0)
(15.15 -0.7 0)
(15.2 -0.7 0)
(15 -0.65 0)
(15.05 -0.65 0)
(15.1 -0.65 0)
(15.15 -0.65 0)
(15.2 -0.65 0)
(15 -0.6 0)
(15.05 -0.6 0)
(15.1 -0.6 0)
(15.15 -0.6 0)
(15.2 -0.6 0)
(15 -0.55 0)
(15.05 -0.55 0)
(15.1 -0.55 0)
(15.15 -0.55 0)
(15.2 -0.55 0)
(15 -0.5 0)
(15.05 -0.5 0)
(15.1 -0.5 0)
(15.15 -0.5 0)
(15.2 -0.5 0)
(15 -0.45 0)
(15.05 -0.45 0)
(15.1 -0.45 0)
(15.15 -0.45 0)
(15.2 -0.45 0)
(15 -0.4 0)
(15.05 -0.4 0)
(15.1 -0.4 0)
(15.15 -0.4 0)
(15.2 -0.4 0)
(15 -0.35 0)
(15.05 -0.35 0)
(15.1 -0.35 0)
(15.15 -0.35 0)
(15.2 -0.35 0)
(15 -0.3 0)
(15.05 -0.3 0)
(15.1 -0.3 0)
(15.15 -0.3 0)
(15.2 -0.3 0)
(15 -0.25 0)
(15.05 -0.25 0)
(15.1 -0.25 0)
(15.15 -0.25 0)
(15.2 -0.25 0)
(15 -0.2 0)
(15.05 -0.2 0)
(15.1 -0.2 0)
(15.15 -0.2 0)
(15.2 -0.2 0)
(15 -0.15 0)
(15.05 -0.15 0)
(15.1 -0.15 0)
(15.15 -0.15 0)
(15.2 -0.15 0)
(15 -0.1 0)
(15.05 -0.1 0)
(15.1 -0.1 0)
(15.15 -0.1 0)
(15.2 -0.1 0)
(15 -0.05 0)
(15.05 -0.05 0)
(15.1 -0.05 0)
(15.15 -0.05 0)
(15.2 -0.05 0)
(15 0 0)
(15.05 0 0)
(15.1 0 0)
(15.15 0 0)
(15.2 0 0)
(15 -10 0.01)
(15.05 -10 0.01)
(15.1 -10 0.01)
(15.15 -10 0.01)
(15.2 -10 0.01)
(15 -9.95 0.01)
(15.05 -9.95 0.01)
(15.1 -9.95 0.01)
(15.15 -9.95 0.01)
(15.2 -9.95 0.01)
(15 -9.9 0.01)
(15.05 -9.9 0.01)
(15.1 -9.9 0.01)
(15.15 -9.9 0.01)
(15.2 -9.9 0.01)
(15 -9.85 0.01)
(15.05 -9.85 0.01)
(15.1 -9.85 0.01)
(15.15 -9.85 0.01)
(15.2 -9.85 0.01)
(15 -9.8 0.01)
(15.05 -9.8 0.01)
(15.1 -9.8 0.01)
(15.15 -9.8 0.01)
(15.2 -9.8 0.01)
(15 -9.75 0.01)
(15.05 -9.75 0.01)
(15.1 -9.75 0.01)
(15.15 -9.75 0.01)
(15.2 -9.75 0.01)
(15 -9.7 0.01)
(15.05 -9.7 0.01)
(15.1 -9.7 0.01)
(15.15 -9.7 0.01)
(15.2 -9.7 0.01)
(15 -9.65 0.01)
(15.05 -9.65 0.01)
(15.1 -9.65 0.01)
(15.15 -9.65 0.01)
(15.2 -9.65 0.01)
(15 -9.6 0.01)
(15.05 -9.6 0.01)
(15.1 -9.6 0.01)
(15.15 -9.6 0.01)
(15.2 -9.6 0.01)
(15 -9.55 0.01)
(15.05 -9.55 0.01)
(15.1 -9.55 0.01)
(15.15 -9.55 0.01)
(15.2 -9.55 0.01)
(15 -9.5 0.01)
(15.05 -9.5 0.01)
(15.1 -9.5 0.01)
(15.15 -9.5 0.01)
(15.2 -9.5 0.01)
(15 -9.45 0.01)
(15.05 -9.45 0.01)
(15.1 -9.45 0.01)
(15.15 -9.45 0.01)
(15.2 -9.45 0.01)
(15 -9.4 0.01)
(15.05 -9.4 0.01)
(15.1 -9.4 0.01)
(15.15 -9.4 0.01)
(15.2 -9.4 0.01)
(15 -9.35 0.01)
(15.05 -9.35 0.01)
(15.1 -9.35 0.01)
(15.15 -9.35 0.01)
(15.2 -9.35 0.01)
(15 -9.3 0.01)
(15.05 -9.3 0.01)
(15.1 -9.3 0.01)
(15.15 -9.3 0.01)
(15.2 -9.3 0.01)
(15 -9.25 0.01)
(15.05 -9.25 0.01)
(15.1 -9.25 0.01)
(15.15 -9.25 0.01)
(15.2 -9.25 0.01)
(15 -9.2 0.01)
(15.05 -9.2 0.01)
(15.1 -9.2 0.01)
(15.15 -9.2 0.01)
(15.2 -9.2 0.01)
(15 -9.15 0.01)
(15.05 -9.15 0.01)
(15.1 -9.15 0.01)
(15.15 -9.15 0.01)
(15.2 -9.15 0.01)
(15 -9.1 0.01)
(15.05 -9.1 0.01)
(15.1 -9.1 0.01)
(15.15 -9.1 0.01)
(15.2 -9.1 0.01)
(15 -9.05 0.01)
(15.05 -9.05 0.01)
(15.1 -9.05 0.01)
(15.15 -9.05 0.01)
(15.2 -9.05 0.01)
(15 -9 0.01)
(15.05 -9 0.01)
(15.1 -9 0.01)
(15.15 -9 0.01)
(15.2 -9 0.01)
(15 -8.95 0.01)
(15.05 -8.95 0.01)
(15.1 -8.95 0.01)
(15.15 -8.95 0.01)
(15.2 -8.95 0.01)
(15 -8.9 0.01)
(15.05 -8.9 0.01)
(15.1 -8.9 0.01)
(15.15 -8.9 0.01)
(15.2 -8.9 0.01)
(15 -8.85 0.01)
(15.05 -8.85 0.01)
(15.1 -8.85 0.01)
(15.15 -8.85 0.01)
(15.2 -8.85 0.01)
(15 -8.8 0.01)
(15.05 -8.8 0.01)
(15.1 -8.8 0.01)
(15.15 -8.8 0.01)
(15.2 -8.8 0.01)
(15 -8.75 0.01)
(15.05 -8.75 0.01)
(15.1 -8.75 0.01)
(15.15 -8.75 0.01)
(15.2 -8.75 0.01)
(15 -8.7 0.01)
(15.05 -8.7 0.01)
(15.1 -8.7 0.01)
(15.15 -8.7 0.01)
(15.2 -8.7 0.01)
(15 -8.65 0.01)
(15.05 -8.65 0.01)
(15.1 -8.65 0.01)
(15.15 -8.65 0.01)
(15.2 -8.65 0.01)
(15 -8.6 0.01)
(15.05 -8.6 0.01)
(15.1 -8.6 0.01)
(15.15 -8.6 0.01)
(15.2 -8.6 0.01)
(15 -8.55 0.01)
(15.05 -8.55 0.01)
(15.1 -8.55 0.01)
(15.15 -8.55 0.01)
(15.2 -8.55 0.01)
(15 -8.5 0.01)
(15.05 -8.5 0.01)
(15.1 -8.5 0.01)
(15.15 -8.5 0.01)
(15.2 -8.5 0.01)
(15 -8.45 0.01)
(15.05 -8.45 0.01)
(15.1 -8.45 0.01)
(15.15 -8.45 0.01)
(15.2 -8.45 0.01)
(15 -8.4 0.01)
(15.05 -8.4 0.01)
(15.1 -8.4 0.01)
(15.15 -8.4 0.01)
(15.2 -8.4 0.01)
(15 -8.35 0.01)
(15.05 -8.35 0.01)
(15.1 -8.35 0.01)
(15.15 -8.35 0.01)
(15.2 -8.35 0.01)
(15 -8.3 0.01)
(15.05 -8.3 0.01)
(15.1 -8.3 0.01)
(15.15 -8.3 0.01)
(15.2 -8.3 0.01)
(15 -8.25 0.01)
(15.05 -8.25 0.01)
(15.1 -8.25 0.01)
(15.15 -8.25 0.01)
(15.2 -8.25 0.01)
(15 -8.2 0.01)
(15.05 -8.2 0.01)
(15.1 -8.2 0.01)
(15.15 -8.2 0.01)
(15.2 -8.2 0.01)
(15 -8.15 0.01)
(15.05 -8.15 0.01)
(15.1 -8.15 0.01)
(15.15 -8.15 0.01)
(15.2 -8.15 0.01)
(15 -8.1 0.01)
(15.05 -8.1 0.01)
(15.1 -8.1 0.01)
(15.15 -8.1 0.01)
(15.2 -8.1 0.01)
(15 -8.05 0.01)
(15.05 -8.05 0.01)
(15.1 -8.05 0.01)
(15.15 -8.05 0.01)
(15.2 -8.05 0.01)
(15 -8 0.01)
(15.05 -8 0.01)
(15.1 -8 0.01)
(15.15 -8 0.01)
(15.2 -8 0.01)
(15 -7.95 0.01)
(15.05 -7.95 0.01)
(15.1 -7.95 0.01)
(15.15 -7.95 0.01)
(15.2 -7.95 0.01)
(15 -7.9 0.01)
(15.05 -7.9 0.01)
(15.1 -7.9 0.01)
(15.15 -7.9 0.01)
(15.2 -7.9 0.01)
(15 -7.85 0.01)
(15.05 -7.85 0.01)
(15.1 -7.85 0.01)
(15.15 -7.85 0.01)
(15.2 -7.85 0.01)
(15 -7.8 0.01)
(15.05 -7.8 0.01)
(15.1 -7.8 0.01)
(15.15 -7.8 0.01)
(15.2 -7.8 0.01)
(15 -7.75 0.01)
(15.05 -7.75 0.01)
(15.1 -7.75 0.01)
(15.15 -7.75 0.01)
(15.2 -7.75 0.01)
(15 -7.7 0.01)
(15.05 -7.7 0.01)
(15.1 -7.7 0.01)
(15.15 -7.7 0.01)
(15.2 -7.7 0.01)
(15 -7.65 0.01)
(15.05 -7.65 0.01)
(15.1 -7.65 0.01)
(15.15 -7.65 0.01)
(15.2 -7.65 0.01)
(15 -7.6 0.01)
(15.05 -7.6 0.01)
(15.1 -7.6 0.01)
(15.15 -7.6 0.01)
(15.2 -7.6 0.01)
(15 -7.55 0.01)
(15.05 -7.55 0.01)
(15.1 -7.55 0.01)
(15.15 -7.55 0.01)
(15.2 -7.55 0.01)
(15 -7.5 0.01)
(15.05 -7.5 0.01)
(15.1 -7.5 0.01)
(15.15 -7.5 0.01)
(15.2 -7.5 0.01)
(15 -7.45 0.01)
(15.05 -7.45 0.01)
(15.1 -7.45 0.01)
(15.15 -7.45 0.01)
(15.2 -7.45 0.01)
(15 -7.4 0.01)
(15.05 -7.4 0.01)
(15.1 -7.4 0.01)
(15.15 -7.4 0.01)
(15.2 -7.4 0.01)
(15 -7.35 0.01)
(15.05 -7.35 0.01)
(15.1 -7.35 0.01)
(15.15 -7.35 0.01)
(15.2 -7.35 0.01)
(15 -7.3 0.01)
(15.05 -7.3 0.01)
(15.1 -7.3 0.01)
(15.15 -7.3 0.01)
(15.2 -7.3 0.01)
(15 -7.25 0.01)
(15.05 -7.25 0.01)
(15.1 -7.25 0.01)
(15.15 -7.25 0.01)
(15.2 -7.25 0.01)
(15 -7.2 0.01)
(15.05 -7.2 0.01)
(15.1 -7.2 0.01)
(15.15 -7.2 0.01)
(15.2 -7.2 0.01)
(15 -7.15 0.01)
(15.05 -7.15 0.01)
(15.1 -7.15 0.01)
(15.15 -7.15 0.01)
(15.2 -7.15 0.01)
(15 -7.1 0.01)
(15.05 -7.1 0.01)
(15.1 -7.1 0.01)
(15.15 -7.1 0.01)
(15.2 -7.1 0.01)
(15 -7.05 0.01)
(15.05 -7.05 0.01)
(15.1 -7.05 0.01)
(15.15 -7.05 0.01)
(15.2 -7.05 0.01)
(15 -7 0.01)
(15.05 -7 0.01)
(15.1 -7 0.01)
(15.15 -7 0.01)
(15.2 -7 0.01)
(15 -6.95 0.01)
(15.05 -6.95 0.01)
(15.1 -6.95 0.01)
(15.15 -6.95 0.01)
(15.2 -6.95 0.01)
(15 -6.9 0.01)
(15.05 -6.9 0.01)
(15.1 -6.9 0.01)
(15.15 -6.9 0.01)
(15.2 -6.9 0.01)
(15 -6.85 0.01)
(15.05 -6.85 0.01)
(15.1 -6.85 0.01)
(15.15 -6.85 0.01)
(15.2 -6.85 0.01)
(15 -6.8 0.01)
(15.05 -6.8 0.01)
(15.1 -6.8 0.01)
(15.15 -6.8 0.01)
(15.2 -6.8 0.01)
(15 -6.75 0.01)
(15.05 -6.75 0.01)
(15.1 -6.75 0.01)
(15.15 -6.75 0.01)
(15.2 -6.75 0.01)
(15 -6.7 0.01)
(15.05 -6.7 0.01)
(15.1 -6.7 0.01)
(15.15 -6.7 0.01)
(15.2 -6.7 0.01)
(15 -6.65 0.01)
(15.05 -6.65 0.01)
(15.1 -6.65 0.01)
(15.15 -6.65 0.01)
(15.2 -6.65 0.01)
(15 -6.6 0.01)
(15.05 -6.6 0.01)
(15.1 -6.6 0.01)
(15.15 -6.6 0.01)
(15.2 -6.6 0.01)
(15 -6.55 0.01)
(15.05 -6.55 0.01)
(15.1 -6.55 0.01)
(15.15 -6.55 0.01)
(15.2 -6.55 0.01)
(15 -6.5 0.01)
(15.05 -6.5 0.01)
(15.1 -6.5 0.01)
(15.15 -6.5 0.01)
(15.2 -6.5 0.01)
(15 -6.45 0.01)
(15.05 -6.45 0.01)
(15.1 -6.45 0.01)
(15.15 -6.45 0.01)
(15.2 -6.45 0.01)
(15 -6.4 0.01)
(15.05 -6.4 0.01)
(15.1 -6.4 0.01)
(15.15 -6.4 0.01)
(15.2 -6.4 0.01)
(15 -6.35 0.01)
(15.05 -6.35 0.01)
(15.1 -6.35 0.01)
(15.15 -6.35 0.01)
(15.2 -6.35 0.01)
(15 -6.3 0.01)
(15.05 -6.3 0.01)
(15.1 -6.3 0.01)
(15.15 -6.3 0.01)
(15.2 -6.3 0.01)
(15 -6.25 0.01)
(15.05 -6.25 0.01)
(15.1 -6.25 0.01)
(15.15 -6.25 0.01)
(15.2 -6.25 0.01)
(15 -6.2 0.01)
(15.05 -6.2 0.01)
(15.1 -6.2 0.01)
(15.15 -6.2 0.01)
(15.2 -6.2 0.01)
(15 -6.15 0.01)
(15.05 -6.15 0.01)
(15.1 -6.15 0.01)
(15.15 -6.15 0.01)
(15.2 -6.15 0.01)
(15 -6.1 0.01)
(15.05 -6.1 0.01)
(15.1 -6.1 0.01)
(15.15 -6.1 0.01)
(15.2 -6.1 0.01)
(15 -6.05 0.01)
(15.05 -6.05 0.01)
(15.1 -6.05 0.01)
(15.15 -6.05 0.01)
(15.2 -6.05 0.01)
(15 -6 0.01)
(15.05 -6 0.01)
(15.1 -6 0.01)
(15.15 -6 0.01)
(15.2 -6 0.01)
(15 -5.95 0.01)
(15.05 -5.95 0.01)
(15.1 -5.95 0.01)
(15.15 -5.95 0.01)
(15.2 -5.95 0.01)
(15 -5.9 0.01)
(15.05 -5.9 0.01)
(15.1 -5.9 0.01)
(15.15 -5.9 0.01)
(15.2 -5.9 0.01)
(15 -5.85 0.01)
(15.05 -5.85 0.01)
(15.1 -5.85 0.01)
(15.15 -5.85 0.01)
(15.2 -5.85 0.01)
(15 -5.8 0.01)
(15.05 -5.8 0.01)
(15.1 -5.8 0.01)
(15.15 -5.8 0.01)
(15.2 -5.8 0.01)
(15 -5.75 0.01)
(15.05 -5.75 0.01)
(15.1 -5.75 0.01)
(15.15 -5.75 0.01)
(15.2 -5.75 0.01)
(15 -5.7 0.01)
(15.05 -5.7 0.01)
(15.1 -5.7 0.01)
(15.15 -5.7 0.01)
(15.2 -5.7 0.01)
(15 -5.65 0.01)
(15.05 -5.65 0.01)
(15.1 -5.65 0.01)
(15.15 -5.65 0.01)
(15.2 -5.65 0.01)
(15 -5.6 0.01)
(15.05 -5.6 0.01)
(15.1 -5.6 0.01)
(15.15 -5.6 0.01)
(15.2 -5.6 0.01)
(15 -5.55 0.01)
(15.05 -5.55 0.01)
(15.1 -5.55 0.01)
(15.15 -5.55 0.01)
(15.2 -5.55 0.01)
(15 -5.5 0.01)
(15.05 -5.5 0.01)
(15.1 -5.5 0.01)
(15.15 -5.5 0.01)
(15.2 -5.5 0.01)
(15 -5.45 0.01)
(15.05 -5.45 0.01)
(15.1 -5.45 0.01)
(15.15 -5.45 0.01)
(15.2 -5.45 0.01)
(15 -5.4 0.01)
(15.05 -5.4 0.01)
(15.1 -5.4 0.01)
(15.15 -5.4 0.01)
(15.2 -5.4 0.01)
(15 -5.35 0.01)
(15.05 -5.35 0.01)
(15.1 -5.35 0.01)
(15.15 -5.35 0.01)
(15.2 -5.35 0.01)
(15 -5.3 0.01)
(15.05 -5.3 0.01)
(15.1 -5.3 0.01)
(15.15 -5.3 0.01)
(15.2 -5.3 0.01)
(15 -5.25 0.01)
(15.05 -5.25 0.01)
(15.1 -5.25 0.01)
(15.15 -5.25 0.01)
(15.2 -5.25 0.01)
(15 -5.2 0.01)
(15.05 -5.2 0.01)
(15.1 -5.2 0.01)
(15.15 -5.2 0.01)
(15.2 -5.2 0.01)
(15 -5.15 0.01)
(15.05 -5.15 0.01)
(15.1 -5.15 0.01)
(15.15 -5.15 0.01)
(15.2 -5.15 0.01)
(15 -5.1 0.01)
(15.05 -5.1 0.01)
(15.1 -5.1 0.01)
(15.15 -5.1 0.01)
(15.2 -5.1 0.01)
(15 -5.05 0.01)
(15.05 -5.05 0.01)
(15.1 -5.05 0.01)
(15.15 -5.05 0.01)
(15.2 -5.05 0.01)
(15 -5 0.01)
(15.05 -5 0.01)
(15.1 -5 0.01)
(15.15 -5 0.01)
(15.2 -5 0.01)
(15 -4.95 0.01)
(15.05 -4.95 0.01)
(15.1 -4.95 0.01)
(15.15 -4.95 0.01)
(15.2 -4.95 0.01)
(15 -4.9 0.01)
(15.05 -4.9 0.01)
(15.1 -4.9 0.01)
(15.15 -4.9 0.01)
(15.2 -4.9 0.01)
(15 -4.85 0.01)
(15.05 -4.85 0.01)
(15.1 -4.85 0.01)
(15.15 -4.85 0.01)
(15.2 -4.85 0.01)
(15 -4.8 0.01)
(15.05 -4.8 0.01)
(15.1 -4.8 0.01)
(15.15 -4.8 0.01)
(15.2 -4.8 0.01)
(15 -4.75 0.01)
(15.05 -4.75 0.01)
(15.1 -4.75 0.01)
(15.15 -4.75 0.01)
(15.2 -4.75 0.01)
(15 -4.7 0.01)
(15.05 -4.7 0.01)
(15.1 -4.7 0.01)
(15.15 -4.7 0.01)
(15.2 -4.7 0.01)
(15 -4.65 0.01)
(15.05 -4.65 0.01)
(15.1 -4.65 0.01)
(15.15 -4.65 0.01)
(15.2 -4.65 0.01)
(15 -4.6 0.01)
(15.05 -4.6 0.01)
(15.1 -4.6 0.01)
(15.15 -4.6 0.01)
(15.2 -4.6 0.01)
(15 -4.55 0.01)
(15.05 -4.55 0.01)
(15.1 -4.55 0.01)
(15.15 -4.55 0.01)
(15.2 -4.55 0.01)
(15 -4.5 0.01)
(15.05 -4.5 0.01)
(15.1 -4.5 0.01)
(15.15 -4.5 0.01)
(15.2 -4.5 0.01)
(15 -4.45 0.01)
(15.05 -4.45 0.01)
(15.1 -4.45 0.01)
(15.15 -4.45 0.01)
(15.2 -4.45 0.01)
(15 -4.4 0.01)
(15.05 -4.4 0.01)
(15.1 -4.4 0.01)
(15.15 -4.4 0.01)
(15.2 -4.4 0.01)
(15 -4.35 0.01)
(15.05 -4.35 0.01)
(15.1 -4.35 0.01)
(15.15 -4.35 0.01)
(15.2 -4.35 0.01)
(15 -4.3 0.01)
(15.05 -4.3 0.01)
(15.1 -4.3 0.01)
(15.15 -4.3 0.01)
(15.2 -4.3 0.01)
(15 -4.25 0.01)
(15.05 -4.25 0.01)
(15.1 -4.25 0.01)
(15.15 -4.25 0.01)
(15.2 -4.25 0.01)
(15 -4.2 0.01)
(15.05 -4.2 0.01)
(15.1 -4.2 0.01)
(15.15 -4.2 0.01)
(15.2 -4.2 0.01)
(15 -4.15 0.01)
(15.05 -4.15 0.01)
(15.1 -4.15 0.01)
(15.15 -4.15 0.01)
(15.2 -4.15 0.01)
(15 -4.1 0.01)
(15.05 -4.1 0.01)
(15.1 -4.1 0.01)
(15.15 -4.1 0.01)
(15.2 -4.1 0.01)
(15 -4.05 0.01)
(15.05 -4.05 0.01)
(15.1 -4.05 0.01)
(15.15 -4.05 0.01)
(15.2 -4.05 0.01)
(15 -4 0.01)
(15.05 -4 0.01)
(15.1 -4 0.01)
(15.15 -4 0.01)
(15.2 -4 0.01)
(15 -3.95 0.01)
(15.05 -3.95 0.01)
(15.1 -3.95 0.01)
(15.15 -3.95 0.01)
(15.2 -3.95 0.01)
(15 -3.9 0.01)
(15.05 -3.9 0.01)
(15.1 -3.9 0.01)
(15.15 -3.9 0.01)
(15.2 -3.9 0.01)
(15 -3.85 0.01)
(15.05 -3.85 0.01)
(15.1 -3.85 0.01)
(15.15 -3.85 0.01)
(15.2 -3.85 0.01)
(15 -3.8 0.01)
(15.05 -3.8 0.01)
(15.1 -3.8 0.01)
(15.15 -3.8 0.01)
(15.2 -3.8 0.01)
(15 -3.75 0.01)
(15.05 -3.75 0.01)
(15.1 -3.75 0.01)
(15.15 -3.75 0.01)
(15.2 -3.75 0.01)
(15 -3.7 0.01)
(15.05 -3.7 0.01)
(15.1 -3.7 0.01)
(15.15 -3.7 0.01)
(15.2 -3.7 0.01)
(15 -3.65 0.01)
(15.05 -3.65 0.01)
(15.1 -3.65 0.01)
(15.15 -3.65 0.01)
(15.2 -3.65 0.01)
(15 -3.6 0.01)
(15.05 -3.6 0.01)
(15.1 -3.6 0.01)
(15.15 -3.6 0.01)
(15.2 -3.6 0.01)
(15 -3.55 0.01)
(15.05 -3.55 0.01)
(15.1 -3.55 0.01)
(15.15 -3.55 0.01)
(15.2 -3.55 0.01)
(15 -3.5 0.01)
(15.05 -3.5 0.01)
(15.1 -3.5 0.01)
(15.15 -3.5 0.01)
(15.2 -3.5 0.01)
(15 -3.45 0.01)
(15.05 -3.45 0.01)
(15.1 -3.45 0.01)
(15.15 -3.45 0.01)
(15.2 -3.45 0.01)
(15 -3.4 0.01)
(15.05 -3.4 0.01)
(15.1 -3.4 0.01)
(15.15 -3.4 0.01)
(15.2 -3.4 0.01)
(15 -3.35 0.01)
(15.05 -3.35 0.01)
(15.1 -3.35 0.01)
(15.15 -3.35 0.01)
(15.2 -3.35 0.01)
(15 -3.3 0.01)
(15.05 -3.3 0.01)
(15.1 -3.3 0.01)
(15.15 -3.3 0.01)
(15.2 -3.3 0.01)
(15 -3.25 0.01)
(15.05 -3.25 0.01)
(15.1 -3.25 0.01)
(15.15 -3.25 0.01)
(15.2 -3.25 0.01)
(15 -3.2 0.01)
(15.05 -3.2 0.01)
(15.1 -3.2 0.01)
(15.15 -3.2 0.01)
(15.2 -3.2 0.01)
(15 -3.15 0.01)
(15.05 -3.15 0.01)
(15.1 -3.15 0.01)
(15.15 -3.15 0.01)
(15.2 -3.15 0.01)
(15 -3.1 0.01)
(15.05 -3.1 0.01)
(15.1 -3.1 0.01)
(15.15 -3.1 0.01)
(15.2 -3.1 0.01)
(15 -3.05 0.01)
(15.05 -3.05 0.01)
(15.1 -3.05 0.01)
(15.15 -3.05 0.01)
(15.2 -3.05 0.01)
(15 -3 0.01)
(15.05 -3 0.01)
(15.1 -3 0.01)
(15.15 -3 0.01)
(15.2 -3 0.01)
(15 -2.95 0.01)
(15.05 -2.95 0.01)
(15.1 -2.95 0.01)
(15.15 -2.95 0.01)
(15.2 -2.95 0.01)
(15 -2.9 0.01)
(15.05 -2.9 0.01)
(15.1 -2.9 0.01)
(15.15 -2.9 0.01)
(15.2 -2.9 0.01)
(15 -2.85 0.01)
(15.05 -2.85 0.01)
(15.1 -2.85 0.01)
(15.15 -2.85 0.01)
(15.2 -2.85 0.01)
(15 -2.8 0.01)
(15.05 -2.8 0.01)
(15.1 -2.8 0.01)
(15.15 -2.8 0.01)
(15.2 -2.8 0.01)
(15 -2.75 0.01)
(15.05 -2.75 0.01)
(15.1 -2.75 0.01)
(15.15 -2.75 0.01)
(15.2 -2.75 0.01)
(15 -2.7 0.01)
(15.05 -2.7 0.01)
(15.1 -2.7 0.01)
(15.15 -2.7 0.01)
(15.2 -2.7 0.01)
(15 -2.65 0.01)
(15.05 -2.65 0.01)
(15.1 -2.65 0.01)
(15.15 -2.65 0.01)
(15.2 -2.65 0.01)
(15 -2.6 0.01)
(15.05 -2.6 0.01)
(15.1 -2.6 0.01)
(15.15 -2.6 0.01)
(15.2 -2.6 0.01)
(15 -2.55 0.01)
(15.05 -2.55 0.01)
(15.1 -2.55 0.01)
(15.15 -2.55 0.01)
(15.2 -2.55 0.01)
(15 -2.5 0.01)
(15.05 -2.5 0.01)
(15.1 -2.5 0.01)
(15.15 -2.5 0.01)
(15.2 -2.5 0.01)
(15 -2.45 0.01)
(15.05 -2.45 0.01)
(15.1 -2.45 0.01)
(15.15 -2.45 0.01)
(15.2 -2.45 0.01)
(15 -2.4 0.01)
(15.05 -2.4 0.01)
(15.1 -2.4 0.01)
(15.15 -2.4 0.01)
(15.2 -2.4 0.01)
(15 -2.35 0.01)
(15.05 -2.35 0.01)
(15.1 -2.35 0.01)
(15.15 -2.35 0.01)
(15.2 -2.35 0.01)
(15 -2.3 0.01)
(15.05 -2.3 0.01)
(15.1 -2.3 0.01)
(15.15 -2.3 0.01)
(15.2 -2.3 0.01)
(15 -2.25 0.01)
(15.05 -2.25 0.01)
(15.1 -2.25 0.01)
(15.15 -2.25 0.01)
(15.2 -2.25 0.01)
(15 -2.2 0.01)
(15.05 -2.2 0.01)
(15.1 -2.2 0.01)
(15.15 -2.2 0.01)
(15.2 -2.2 0.01)
(15 -2.15 0.01)
(15.05 -2.15 0.01)
(15.1 -2.15 0.01)
(15.15 -2.15 0.01)
(15.2 -2.15 0.01)
(15 -2.1 0.01)
(15.05 -2.1 0.01)
(15.1 -2.1 0.01)
(15.15 -2.1 0.01)
(15.2 -2.1 0.01)
(15 -2.05 0.01)
(15.05 -2.05 0.01)
(15.1 -2.05 0.01)
(15.15 -2.05 0.01)
(15.2 -2.05 0.01)
(15 -2 0.01)
(15.05 -2 0.01)
(15.1 -2 0.01)
(15.15 -2 0.01)
(15.2 -2 0.01)
(15 -1.95 0.01)
(15.05 -1.95 0.01)
(15.1 -1.95 0.01)
(15.15 -1.95 0.01)
(15.2 -1.95 0.01)
(15 -1.9 0.01)
(15.05 -1.9 0.01)
(15.1 -1.9 0.01)
(15.15 -1.9 0.01)
(15.2 -1.9 0.01)
(15 -1.85 0.01)
(15.05 -1.85 0.01)
(15.1 -1.85 0.01)
(15.15 -1.85 0.01)
(15.2 -1.85 0.01)
(15 -1.8 0.01)
(15.05 -1.8 0.01)
(15.1 -1.8 0.01)
(15.15 -1.8 0.01)
(15.2 -1.8 0.01)
(15 -1.75 0.01)
(15.05 -1.75 0.01)
(15.1 -1.75 0.01)
(15.15 -1.75 0.01)
(15.2 -1.75 0.01)
(15 -1.7 0.01)
(15.05 -1.7 0.01)
(15.1 -1.7 0.01)
(15.15 -1.7 0.01)
(15.2 -1.7 0.01)
(15 -1.65 0.01)
(15.05 -1.65 0.01)
(15.1 -1.65 0.01)
(15.15 -1.65 0.01)
(15.2 -1.65 0.01)
(15 -1.6 0.01)
(15.05 -1.6 0.01)
(15.1 -1.6 0.01)
(15.15 -1.6 0.01)
(15.2 -1.6 0.01)
(15 -1.55 0.01)
(15.05 -1.55 0.01)
(15.1 -1.55 0.01)
(15.15 -1.55 0.01)
(15.2 -1.55 0.01)
(15 -1.5 0.01)
(15.05 -1.5 0.01)
(15.1 -1.5 0.01)
(15.15 -1.5 0.01)
(15.2 -1.5 0.01)
(15 -1.45 0.01)
(15.05 -1.45 0.01)
(15.1 -1.45 0.01)
(15.15 -1.45 0.01)
(15.2 -1.45 0.01)
(15 -1.4 0.01)
(15.05 -1.4 0.01)
(15.1 -1.4 0.01)
(15.15 -1.4 0.01)
(15.2 -1.4 0.01)
(15 -1.35 0.01)
(15.05 -1.35 0.01)
(15.1 -1.35 0.01)
(15.15 -1.35 0.01)
(15.2 -1.35 0.01)
(15 -1.3 0.01)
(15.05 -1.3 0.01)
(15.1 -1.3 0.01)
(15.15 -1.3 0.01)
(15.2 -1.3 0.01)
(15 -1.25 0.01)
(15.05 -1.25 0.01)
(15.1 -1.25 0.01)
(15.15 -1.25 0.01)
(15.2 -1.25 0.01)
(15 -1.2 0.01)
(15.05 -1.2 0.01)
(15.1 -1.2 0.01)
(15.15 -1.2 0.01)
(15.2 -1.2 0.01)
(15 -1.15 0.01)
(15.05 -1.15 0.01)
(15.1 -1.15 0.01)
(15.15 -1.15 0.01)
(15.2 -1.15 0.01)
(15 -1.1 0.01)
(15.05 -1.1 0.01)
(15.1 -1.1 0.01)
(15.15 -1.1 0.01)
(15.2 -1.1 0.01)
(15 -1.05 0.01)
(15.05 -1.05 0.01)
(15.1 -1.05 0.01)
(15.15 -1.05 0.01)
(15.2 -1.05 0.01)
(15 -1 0.01)
(15.05 -1 0.01)
(15.1 -1 0.01)
(15.15 -1 0.01)
(15.2 -1 0.01)
(15 -0.95 0.01)
(15.05 -0.95 0.01)
(15.1 -0.95 0.01)
(15.15 -0.95 0.01)
(15.2 -0.95 0.01)
(15 -0.9 0.01)
(15.05 -0.9 0.01)
(15.1 -0.9 0.01)
(15.15 -0.9 0.01)
(15.2 -0.9 0.01)
(15 -0.85 0.01)
(15.05 -0.85 0.01)
(15.1 -0.85 0.01)
(15.15 -0.85 0.01)
(15.2 -0.85 0.01)
(15 -0.8 0.01)
(15.05 -0.8 0.01)
(15.1 -0.8 0.01)
(15.15 -0.8 0.01)
(15.2 -0.8 0.01)
(15 -0.75 0.01)
(15.05 -0.75 0.01)
(15.1 -0.75 0.01)
(15.15 -0.75 0.01)
(15.2 -0.75 0.01)
(15 -0.7 0.01)
(15.05 -0.7 0.01)
(15.1 -0.7 0.01)
(15.15 -0.7 0.01)
(15.2 -0.7 0.01)
(15 -0.65 0.01)
(15.05 -0.65 0.01)
(15.1 -0.65 0.01)
(15.15 -0.65 0.01)
(15.2 -0.65 0.01)
(15 -0.6 0.01)
(15.05 -0.6 0.01)
(15.1 -0.6 0.01)
(15.15 -0.6 0.01)
(15.2 -0.6 0.01)
(15 -0.55 0.01)
(15.05 -0.55 0.01)
(15.1 -0.55 0.01)
(15.15 -0.55 0.01)
(15.2 -0.55 0.01)
(15 -0.5 0.01)
(15.05 -0.5 0.01)
(15.1 -0.5 0.01)
(15.15 -0.5 0.01)
(15.2 -0.5 0.01)
(15 -0.45 0.01)
(15.05 -0.45 0.01)
(15.1 -0.45 0.01)
(15.15 -0.45 0.01)
(15.2 -0.45 0.01)
(15 -0.4 0.01)
(15.05 -0.4 0.01)
(15.1 -0.4 0.01)
(15.15 -0.4 0.01)
(15.2 -0.4 0.01)
(15 -0.35 0.01)
(15.05 -0.35 0.01)
(15.1 -0.35 0.01)
(15.15 -0.35 0.01)
(15.2 -0.35 0.01)
(15 -0.3 0.01)
(15.05 -0.3 0.01)
(15.1 -0.3 0.01)
(15.15 -0.3 0.01)
(15.2 -0.3 0.01)
(15 -0.25 0.01)
(15.05 -0.25 0.01)
(15.1 -0.25 0.01)
(15.15 -0.25 0.01)
(15.2 -0.25 0.01)
(15 -0.2 0.01)
(15.05 -0.2 0.01)
(15.1 -0.2 0.01)
(15.15 -0.2 0.01)
(15.2 -0.2 0.01)
(15 -0.15 0.01)
(15.05 -0.15 0.01)
(15.1 -0.15 0.01)
(15.15 -0.15 0.01)
(15.2 -0.15 0.01)
(15 -0.1 0.01)
(15.05 -0.1 0.01)
(15.1 -0.1 0.01)
(15.15 -0.1 0.01)
(15.2 -0.1 0.01)
(15 -0.05 0.01)
(15.05 -0.05 0.01)
(15.1 -0.05 0.01)
(15.15 -0.05 0.01)
(15.2 -0.05 0.01)
(15 0 0.01)
(15.05 0 0.01)
(15.1 0 0.01)
(15.15 0 0.01)
(15.2 0 0.01)
)


// ************************************************************************* //
